,time,E1,S1,E2,S2,E3,S3,E4,S4,E5,S5,E6,S6,RE,R,E3Solid,S3Solid,E3Coh,S3Coh,E5solid,S5solid,E5coh,S5coh,E6solid,S6solid,E6coh,S6coh,TotalVolumecoh,TotalVolume,TotalVolumetraction
0,0.0,0.0,0.0,0.0,0.0,0.0,0.0,0.0,0.0,0.0,0.0,0.0,0.0,0.0,0.0,0.0,0.0,0.0,0.0,0.0,0.0,0.0,0.0,0.0,0.0,0.0,0.0,0.0,129.960003852844,129.960003852844
1,0.000514575862325728,2.4944931830650813e-13,-0.05415576844941003,-1.3362008498011289e-11,-0.0541557801339226,-1.4059813180572021e-05,-0.1188656679244198,3.3330407626622826e-13,0.0003961621630290089,5.8993304119337445e-09,0.0001654283784929725,-4.897495792168401e-06,-0.020962011721857434,1.48883795796981e-05,0.142948707709491,-8.262030253365913e-06,-0.11828589462613705,-5.797782927206108e-06,-0.0005797732982827514,1.189441779348824e-08,0.00016662739592049572,-5.995087381554496e-09,-1.1990174275232238e-06,-4.224950313738538e-06,-0.020827499397056696,-6.725454784298632e-07,-0.00013451232480073821,0.908944597002119,129.958917558193,130.867862155195
2,0.00101183028891683,2.0243694798839362e-11,-0.28788827981489906,-4.4972665811550624e-10,-0.28788826631138315,-8.678633374304553e-05,-0.6332143498408526,3.695478476568256e-12,9.928353923578564e-05,6.338560749602657e-09,0.0002091698926490827,-3.007717625740702e-05,-0.12578094583084173,9.18504452714217e-05,0.763243492158496,-4.39294833917276e-05,-0.6289288692475339,-4.2856850351317936e-05,-0.00428548059331868,1.2657692351097236e-08,0.00021043371907778833,-6.319131601494579e-09,-1.2638264287056253e-06,-2.5737352153356315e-05,-0.12491283328751562,-4.339824104050704e-06,-0.0008681125433261105,0.904061266919598,129.954250901937,130.858312168857
3,0.00150439119897783,8.19569411526552e-11,-0.5613103180716464,-1.6724972982601626e-09,-0.5613105438490736,-0.00017110184562978093,-1.2350706904156872,4.596281340557167e-12,-0.00023939043480915724,4.001111056536706e-09,1.155429520009938e-05,-5.942526154414256e-05,-0.24824794541008302,0.000181127588473761,1.48901494618937,-8.567083281900707e-05,-1.2265283560650484,-8.543101281077386e-05,-0.00854233435063878,8.006498533754257e-09,1.235537268978802e-05,-4.005387477217551e-09,-8.010774896886393e-07,-5.088788045109751e-05,-0.2465398868593793,-8.53738109304505e-06,-0.0017080585507037171,0.898384808329865,129.94878962636,130.84717443469
4,0.00201291614212096,1.7573418385062716e-10,-0.856524849054283,-3.5885982816266114e-09,-0.8565306121643796,-0.0002576693685819583,-1.8846563116849044,1.1125144898786103e-11,0.0002986025818631949,9.585850678130964e-09,6.76271339979525e-05,-8.969847030778488e-05,-0.3751295891598982,0.000272835699984037,2.27154819939972,-0.0001307537281033435,-1.8719663625091578,-0.00012691564047861477,-0.012689949175746618,1.873643170867556e-08,6.945725028219659e-05,-9.150581030544596e-09,-1.8301162842440893e-06,-7.690104413370818e-05,-0.37256879728194575,-1.2797426174076707e-05,-0.0025607918779524397,0.892783949617296,129.94289124012,130.835675189737
5,0.00250510615296662,2.8436152454005254e-10,-1.125198623837408,-5.778017898031183e-09,-1.125214727222624,-0.0003408378652462869,-2.476472483933753,2.3747266369232443e-11,-0.00036997455529736117,-1.7659217495062478e-09,0.0001662463040263951,-0.00011893912773909208,-0.49817813658358223,0.000360994413432628,2.98551129782056,-0.0001717971534431777,-2.4595710049539434,-0.00016904071180310923,-0.016901478979809426,-3.550058754841273e-09,0.0001658894761187075,1.7841370053350253e-09,3.5682790768757754e-07,-0.00010207131692169222,-0.49480226540501987,-1.686781081739986e-05,-0.003375871178562362,0.887023239396513,129.937522083521,130.824545322917
6,0.00301451375707984,4.285472516817536e-10,-1.4236156876024313,-8.197715909488478e-09,-1.4236169841037796,-0.00042653677391851736,-3.1331477316071226,1.0252041023043777e-11,0.0003758861125925139,-3.159842127001024e-08,-0.0003467361379047382,-0.00014915816606334768,-0.6245681297803799,0.000451864779634399,3.77625042360077,-0.00021738494255407861,-3.1122361905150124,-0.00020915183136443875,-0.02091154109211013,-6.149885732117229e-08,-0.00035271622591699213,2.9900436051162044e-08,5.980088012253945e-06,-0.0001281232707022202,-0.6203575657084515,-2.1034895361127486e-05,-0.004210564071928435,0.881467040162534,129.931559026241,130.813026066404
7,0.00350654730573297,5.667986519513227e-10,-1.6909991895552452,-1.0495774657982538e-08,-1.6910018150857917,-0.0005085976021613473,-3.722183501738954,1.2601384864636447e-11,-0.00038206637787481534,-1.2355155292407637e-08,-0.00012594767662702576,-0.0001782841625546246,-0.7470714321088299,0.000538940408398933,4.48683979041243,-0.00025824057686857344,-3.6971524284133204,-0.0002503570252927739,-0.025031073325633812,-2.362571417850245e-08,-0.00012820178919965164,1.1270558886094813e-08,2.2541125726258722e-06,-0.00015328528134660486,-0.7420665219935731,-2.499888120801973e-05,-0.005004910115256722,0.875683887163177,129.926216006279,130.801899893442
8,0.00400031404569745,6.844959338637279e-10,-1.980142275965545,-1.2697261604716596e-08,-1.9801583456210563,-0.0005906717099129535,-4.35845044778182,3.737975052253418e-11,0.00034272115722400653,3.42306805230805e-08,0.0004957070954230103,-0.00020747647939970258,-0.8704468270005943,0.000626050764498389,5.25316655498253,-0.0003024183258244437,-4.329630680010414,-0.0002882533840885098,-0.028819767771405935,6.573127947431442e-08,0.0005020072134934492,-3.150059895123392e-08,-6.3001180704389415e-06,-0.00017854012609065968,-0.8646526711964572,-2.8936353309042906e-05,-0.005794155804137113,0.870295459171757,129.92043915391,130.790734613081
9,0.00450858986005187,8.26965712842639e-10,-2.258413144022973,-1.4889870834522497e-08,-2.258411076560753,-0.0006743677942797924,-4.971333005043187,2.6670413887690602e-11,-0.0003047461918699278,1.6400914044207144e-08,8.611220954292016e-05,-0.00023745955459475985,-0.9968196991878323,0.000714953818453693,5.99238282987946,-0.0003449398168630373,-4.938396693011437,-0.0003294279774167551,-0.03293631203175007,3.141480261587791e-08,8.911498658693056e-05,-1.5013888571670767e-08,-3.0027770440104037e-06,-0.0002045354109390369,-0.9902258560093603,-3.292414365572296e-05,-0.006593843178472003,0.864361415151507,129.914879262447,130.779240677599
10,0.0050018890760839,9.654881516944811e-10,-2.544465002520523,-1.6994842396393324e-08,-2.544469670005889,-0.0007553166201954218,-5.60085954824202,4.598606557225255e-12,0.00022200851640489,-2.7483399400085944e-08,-0.0003776806965479372,-0.00026652846602449697,-1.1197256858078408,0.000800962309344142,6.75070674323465,-0.0003886513242872114,-5.564200372766131,-0.00036666529590821044,-0.03665917547588826,-5.215979999297278e-08,-0.00038261597695533363,2.4676400592886833e-08,4.935280407396432e-06,-0.0002297808293043991,-1.1123648879360188,-3.6747636720097876e-05,-0.007360797871821978,0.858921096427366,129.90916505456,130.768086150987
11,0.00551050994545221,1.0900090083148896e-09,-2.8266727494093074,-1.9189404300817544e-08,-2.8265956314810725,-0.0008380285010259651,-6.2222146428211715,1.9536290791031458e-11,-0.00016641939453527097,-1.6032022568076686e-08,-3.4097625171217524e-05,-0.00029643756278172957,-1.2470852795484517,0.000888913380361802,7.5000598984824,-0.00043177571680372187,-6.181597610626963,-0.0004062527842222432,-0.04061703219420831,-3.019494442180999e-08,-3.6930210084211645e-05,1.4162921853733303e-08,2.8325849129941203e-06,-0.00025581325388385765,-1.2389465164904339,-4.062430889787192e-05,-0.008138763058017862,0.853056646650657,129.903527498245,130.756584144896
12,0.00600351020693779,1.2382317168938729e-09,-3.1083649782031557,-2.136132615322295e-08,-3.1083873774225843,-0.0009178315147477281,-6.842398968234245,2.3624632528137454e-11,6.83312860988851e-05,1.0326067274246508e-08,0.00017134509866710836,-0.00032535582243418704,-1.3702249717515578,0.000973792124234122,8.24742051029126,-0.0004748382467387737,-6.798108774835393,-0.00044299326800895436,-0.04429019339885176,1.9313878017450802e-08,0.00017314265991268953,-8.987810743204294e-09,-1.797561245581175e-06,-0.0002809925734299467,-1.3613356700156267,-4.436324900424036e-05,-0.008889301735931054,0.847536743385717,129.897899657488,130.745436400874
13,0.00651233084499836,1.4009731566899185e-09,-3.3951022791102132,-2.366692693428376e-08,-3.3949626887127407,-0.0009995754723404876,-7.473547225306523,1.3023520357083828e-11,-1.23276965519785e-05,1.4674526295973376e-08,0.0001102065220956585,-0.0003551346061439268,-1.497559124953841,0.00106078825133159,9.00827856015164,-0.0005186583592530463,-7.425465579702992,-0.0004809171130874413,-0.048081645603530454,2.7328215162375796e-08,0.00011273725912199387,-1.265368886640242e-08,-2.530737026335366e-06,-0.00030696184980906596,-1.4879048223089173,-4.8172756334860815e-05,-0.009654302644923618,0.841757311020046,129.892173171043,130.733930482063
14,0.00700434669852257,1.5364678202300894e-09,-3.6720289639554875,-2.597172490343056e-08,-3.6719216901305605,-0.0010780903975382942,-8.083330867748595,1.8825381958666933e-11,-8.0235599453713e-05,3.144928225530229e-09,0.0002254420118992057,-0.00038390314948903297,-1.6211517355985445,0.00114440400826747,9.74346840376529,-0.000560998436043851,-8.031632660693523,-0.0005170919614944432,-0.051698207055071776,5.838714739103266e-09,0.00022598076824715058,-2.6937865135730373e-09,-5.387563479448737e-07,-0.00033212083580774694,-1.6107722948517864,-5.1782313681286024e-05,-0.010379440746758117,0.836163745261729,129.886640906334,130.722804651596
15,0.00751331029459834,1.7074178831334761e-09,-3.9626395862130006,-2.8512673056712238e-08,-3.9625676607995794,-0.0011588779462839251,-8.723163609188955,2.5069995630165087e-12,0.00012061069796489793,-2.1993354992411638e-08,-0.00011897552009568468,-0.00041360868800615524,-1.7486200131310967,0.00123047561636833,10.5145475550943,-0.0006054361580607175,-8.667831409436598,-0.0005534417882232076,-0.055332199752356814,-4.052149249773674e-08,-0.00012268114774118444,1.85281375053251e-08,3.7056276454997612e-06,-0.00035813543433929894,-1.7374988422086681,-5.5473253666856294e-05,-0.011121170922428592,0.830460398457944,129.880835056305,130.711295454763
16,0.00800563953816891,1.896020749327701e-09,-4.236393077885753,-3.117110942814291e-08,-4.236389744906027,-0.001236307801440245,-9.326203976511216,-1.836727684770988e-11,-0.0001874730331269986,-2.2922212185228572e-08,-0.00024496989764818413,-0.0004422917624309191,-1.8716490338548706,0.00131304188224021,11.2416713701159,-0.0006473095862588702,-9.26731716472487,-0.0005889982151813748,-0.058886811786345916,-4.17477589850561e-08,-0.00024873500628868874,1.8825546799827527e-08,3.7651086405046078e-06,-0.0003833187807417069,-1.859824229412276,-5.89729816892122e-05,-0.011824804442594594,0.824797311797738,129.875365138054,130.700162449852
17,0.0085148848593235,2.083572832109515e-09,-4.529725017905195,-3.429631235648974e-08,-4.529553409771667,-0.0013161484777662986,-9.971887356336723,1.9007877247262486e-11,0.000200424470095617,2.2411760715251342e-08,0.00037672892598300913,-0.00047193218920182233,-1.9991053350823424,0.00139820127607374,12.0195766398042,-0.0006921656043780953,-9.909503283371073,-0.0006239828733882033,-0.062384072965649295,4.067411615893891e-08,0.00038038139606272586,-1.826235544368757e-08,-3.6524700797167277e-06,-0.0004093862076092461,-1.9865619633008378,-6.254598159257622e-05,-0.012543371781504664,0.819140851730481,129.869505852461,130.688646704191
18,0.00900658965110779,2.304474837186074e-09,-4.801558072977512,-3.779564271104697e-08,-4.801009918342358,-0.0013923713263081419,-10.570491146185702,1.813502917908103e-11,-0.0002299869681043215,1.6461858829054223e-08,0.0003493297089702349,-0.0005004610806410523,-2.122001702277073,0.00147958075320893,12.7413826029666,-0.0007337356051979076,-10.504643143098331,-0.0006586357211102342,-0.06584800308737115,2.983124632672757e-08,0.00035200358534577704,-1.3369387497673348e-08,-2.673876375542143e-06,-0.00043451766638296166,-2.108774730813743,-6.594341425809067e-05,-0.013226971463330184,0.813450899440795,129.864077448845,130.677528348286
19,0.00951511133462191,2.602279687503499e-09,-5.09510577480369,-4.210174959321549e-08,-5.094385107730939,-0.001471070018730237,-11.216964260942424,-2.6117613720406014e-11,0.00021606278335981296,-2.948913006914802e-08,-0.00014531479807291736,-0.0005299350865667884,-2.2489926230915707,0.00156361062884289,13.5200265384388,-0.0007786555107677898,-11.147740031320215,-0.0006924145079624473,-0.06922422962220942,-5.3293498706212614e-08,-0.0001500756707002439,2.3804368637064594e-08,4.760872627326547e-06,-0.000460512038237363,-2.235065353032042,-6.942304832942541e-05,-0.013927270059528762,0.807817810215056,129.858211159706,130.666028969921
20,0.0100064855068922,2.897636653382398e-09,-5.366462847283267,-4.699112489274956e-08,-5.3657496528102255,-0.0015461828624234219,-11.815313594019072,-1.6746643733781958e-11,-0.00021267163049790605,-2.1789944325875856e-08,9.247327450398287e-05,-0.0005583876891587676,-2.371963491066918,0.00164392160948973,14.2414198382623,-0.0008202157170229292,-11.742735955813426,-0.0007259671454004926,-0.07257763820564556,-3.8797624939528535e-08,8.907173894729034e-05,1.700768061365268e-08,3.40153555669253e-06,-0.00048571163938032765,-2.357381113934719,-7.267604977843998e-05,-0.014582377132198676,0.802132786950096,129.852784782648,130.654917569598
21,0.0105149634182453,3.2223756379594987e-09,-5.658367003802462,-5.2825754334205294e-08,-5.658530979541192,-0.0016237892347607545,-12.459746814594597,6.564085634285015e-12,0.00017710303607644274,8.836732217945151e-09,0.00034557354797985936,-0.00058780403577293,-2.498925537592081,0.00172690621235633,15.0175234200971,-0.0008650001185735321,-12.383889171787814,-0.0007587891161872224,-0.07585764280678298,1.5675130500663025e-08,0.00034694122740054986,-6.838398282717874e-09,-1.3676794206905003e-06,-0.00051179690405252,-2.483672173908612,-7.600713172040998e-05,-0.015253363683469079,0.796481638215482,129.846937596798,130.643419235013
22,0.0110054491087794,3.581867563837037e-09,-5.930632967299643,-5.9054652053320026e-08,-5.930799374968881,-0.0016977672589982395,-13.060410571443592,-2.734877401699447e-12,-0.00014501220067600769,-5.31476012928184e-10,0.0001313401114923521,-0.0006160932178053517,-2.6202437703531407,0.00180609648752571,15.7412448798683,-0.0009067313013750146,-12.981330579075369,-0.0007910359576232249,-0.07907999236822327,-8.088160052943911e-10,0.00013128464309167636,2.7733999236620707e-10,5.546840067574793e-08,-0.000536930216883775,-2.60435437273406,-7.916300092157677e-05,-0.015889397619080814,0.790837813634425,129.841490089893,130.632327903528
23,0.0115138338878751,3.951569788010676e-09,-6.220745523352372,-6.598752070490439e-08,-6.220724494928738,-0.001774217334790347,-13.7000910032117,-5.760012422675614e-12,9.678581999118661e-05,-1.9457038577328054e-08,0.0001005724267653637,-0.0006454175018317682,-2.7456081782392223,0.00188796475271385,16.5113883696161,-0.000951189593579237,-13.617814393949955,-0.0008230277412111099,-0.08227660926174529,-3.43559075529479e-08,9.759265316155675e-05,1.4898868975619845e-08,2.9797736038069495e-06,-0.0005630508719158646,-2.7290728980936594,-8.236662991590357e-05,-0.016535280145562936,0.785144794732332,129.835687458515,130.620832253247
24,0.0120059056207538,4.2986924303464795e-09,-6.496238970492839,-7.296993006484573e-08,-6.496276260185324,-0.001847479897630889,-14.30801995946526,1.563040118194959e-11,-5.053420156312619e-05,1.1558830544291463e-09,0.0003577154433924071,-0.0006737892770191139,-2.8666241037866156,0.00196651314954175,17.2435406762584,-0.0009934367968839099,-14.222644330808263,-0.0008540431007469792,-0.08537562865699755,2.0533059616821586e-09,0.0003578949277129929,-8.974229072530123e-10,-1.7948432058580589e-07,-0.0005884220344060585,-2.8494834936539206,-8.536724261305534e-05,-0.017140610132694967,0.77953120181337,129.830173492432,130.609704694245
25,0.012514934875071,4.674358491259906e-09,-6.784416335389968,-8.022675261375501e-08,-6.783684662068795,-0.0019228456699516214,-14.9429365210372,8.867789526473655e-13,5.967853322062268e-06,-7.239029183512354e-09,0.00011913568873008183,-0.0007031457714898982,-2.9908969087702286,0.00204737623629034,18.0078732450881,-0.0010375674962380453,-14.854439929189548,-0.000885278173713576,-0.0884965918476528,-1.2612385224939262e-08,0.00011806101702201863,5.373356041426908e-09,1.0746717080631915e-06,-0.0006147603066025439,-2.973147116070327,-8.838546488735427e-05,-0.017749792699901512,0.773779316805303,129.824415028095,130.598194344901
26,0.0130088487640023,5.042560215617438e-09,-7.063354193891004,-8.707109375936716e-08,-7.062890735628414,-0.0019954421620254547,-15.558582168614446,7.714579418270344e-12,3.3766023502735255e-05,-8.07108603228565e-09,-0.00015134000517563992,-0.000731518699856105,-3.112120127372,0.00212530210508999,18.7491378153916,-0.0010803621769519775,-15.467107783698477,-0.0009150799850734773,-0.09147438491596915,-1.4021598560106296e-08,-0.00015253010879865428,5.9505125278206465e-09,1.1901036230143648e-06,-0.0006402105854786251,-3.0937802679602644,-9.130811437747994e-05,-0.01833985941173566,0.768194111995399,129.818831503391,130.587025615387
27,0.0135021656751633,5.409763042115094e-09,-7.339710075595975,-9.361797376675801e-08,-7.339612925321512,-0.0020673274028429243,-16.168659320993463,3.541192680563796e-11,-8.111847516811111e-05,1.096368524460544e-08,0.0001859166678148326,-0.0007597015470663456,-3.2346323986512884,0.0022024960930894,19.4840871718757,-0.001122770365272233,-16.074239510086723,-0.0009445570375706913,-0.09441981090673934,1.8934783085301522e-08,0.00018751088578899345,-7.971097840696082e-09,-1.594217974160855e-06,-0.0006654577913680627,-3.2156997034499084,-9.424375569828285e-05,-0.018932695201379968,0.762571152765304,129.813298881054,130.575870033819
28,0.0140107851475477,5.80539089712003e-09,-7.629243045644331,-1.0023594250232774e-07,-7.629192308047515,-0.002141121612954644,-16.80726961026985,1.2985593565447904e-11,9.675709535822782e-05,9.420963396025212e-09,9.084085028894548e-06,-0.0007887644784082264,-3.3609991589049986,0.00228178683799118,20.2531615267984,-0.0011671720336970746,-16.709912796023076,-0.0009739495792575692,-0.09735681424677267,1.606142823819725e-08,1.0412177089327277e-05,-6.640464842172038e-09,-1.3280920604327293e-06,-0.0006915709362917546,-3.3414705078670943,-9.71935421164718e-05,-0.019528651037904243,0.756861651781946,129.807506948709,130.564368600491
29,0.0145023120567203,6.2121679899230925e-09,-7.903192037102035,-1.0657087702301965e-07,-7.903394376976856,-0.002211619342436703,-17.411912975580076,-1.0079095715855163e-11,-0.00013087010512915598,-1.2179852210295626e-08,-0.00016764556370474945,-0.0008168083739928132,-3.4838674731108465,0.00235763356932523,20.9818048112632,-0.0012092077654362306,-17.311712077920014,-0.0010024115770004723,-0.1002008976600628,-2.059128470054151e-08,-0.00016932785052636848,8.411432490245885e-09,1.682286821619029e-06,-0.0007168477858843918,-3.463779417836484,-9.99605881084214e-05,-0.02008805527436275,0.751229044049978,129.802025109529,130.553254153579
30,0.0150108924135566,6.622513274648797e-09,-8.19372920770216,-1.1323126769654111e-07,-8.19393794309868,-0.002284393534562891,-18.052679925773095,1.879247134930005e-11,0.00012777332725999276,-1.0772938488127389e-10,0.00021130191806326034,-0.0008457543179393164,-3.61173429623275,0.00243592984298213,21.7536593366374,-0.0012537684953691757,-17.949659881614473,-0.0010306250391937152,-0.10302004415862243,-2.6105542770287357e-10,0.00021127125251829636,1.5332604282159968e-10,3.066554496398695e-08,-0.0007429388302169927,-3.591068974703947,-0.0001028154877223237,-0.020665321528803293,0.74553971667774,129.796213537455,130.541753254132
31,0.0155012831091881,7.068593485868007e-09,-8.466621532890883,-1.1979340774022219e-07,-8.46690136049765,-0.0023536503550620497,-18.654910874949493,3.1377034575801594e-12,-0.00013624912023161095,-3.286427596077751e-09,0.0001249825063981448,-0.0008735132338358367,-3.7345029084288806,0.00251051695433058,22.4794197120203,-0.0012956434965072077,-18.549154839533347,-0.001058006858554842,-0.10575603541614598,-5.436884956027136e-09,0.00012455241519232933,2.1504573599493847e-09,4.300912058154637e-07,-0.0007679616658221015,-3.713284105185499,-0.00010555156801373517,-0.021218803243381767,0.739910439122468,129.790754050016,130.530664489139
32,0.0160092711448669,7.550765736098482e-09,-8.757066476984612,-1.269566474662458e-07,-8.75659138445481,-0.0024252734414457492,-19.294818383201683,-2.5938828798867757e-11,0.00011562660231418523,-1.8192760738042027e-08,-2.0367486653404955e-05,-0.0009022533545447218,-3.8616555015874665,0.00258766543395302,23.2500861422942,-0.0013401521283174917,-19.186353254864724,-0.0010851213131282576,-0.10846512833695954,-3.0705146922344244e-08,-2.286996305463713e-05,1.2512386184302217e-08,2.5024764012321747e-06,-0.0007939120104405074,-3.839872194118442,-0.00010834134410421439,-0.02178330746902457,0.734226258937269,129.784951031208,130.519177290145
33,0.0165149662643671,7.99632998358875e-09,-9.038901189413798,-1.34562751328279e-07,-9.038661613525619,-0.0024956316981046317,-19.91712087435875,1.2288321025046483e-11,-0.00011272434192903096,5.552105220646063e-09,0.00032199319901206666,-0.0009308569766997394,-3.989323124723195,0.002663582606539,24.0001154478361,-0.0013834312756130388,-19.805950271317453,-0.001112200422491593,-0.11117060304129822,9.362073892624206e-09,0.0003227551921907376,-3.809968671978143e-09,-7.619931786709256e-07,-0.00081985916380145,-3.967001808872111,-0.00011099781289828942,-0.02232131585108421,0.72843263996765,129.779309511185,130.507742151152
34,0.0170078948140144,8.475682092620956e-09,-9.319569554125204,-1.4238514648129684e-07,-9.319175925290784,-0.002564042092130735,-20.53634416421489,2.2043672265395893e-12,7.96076217968993e-05,4.206312156271292e-09,0.0002653702803389073,-0.0009587084125162435,-4.113211318715669,0.00273741368645856,24.7459361443642,-0.0014265076742082006,-20.42264263008606,-0.0011375344179225346,-0.113701534128829,6.930995212314188e-09,0.00026591521633228697,-2.7246830560428955e-09,-5.449359933796453e-07,-0.0008451571842890112,-4.090372711241808,-0.00011355122822723229,-0.022838607473860684,0.72290086071007,129.773694753647,130.496595614357
35,0.0175156034529209,9.007292872452088e-09,-9.603712442971268,-1.5079526274273918e-07,-9.603396381483025,-0.0026336664889963566,-21.16376828720403,-4.2561237952931107e-11,-7.072657007961742e-05,-2.0259667839560804e-08,-6.902271333803871e-06,-0.0009873107578531391,-4.2396241467566576,0.002812646748361,25.5016865280012,-0.0014701522518177745,-21.047471414276565,-0.0011635142371785822,-0.11629687292746382,-3.3369376577678376e-08,-9.524211670132918e-06,1.3109708738117572e-08,2.621940336329047e-06,-0.0008711882328714702,-4.216264309439914,-0.00011612252498166889,-0.02335983731674318,0.717108015436679,129.768006652594,130.48511466803
36,0.0180077366530895,9.49677669885926e-09,-9.882496006636336,-1.5938188371848785e-07,-9.881891480725978,-0.0027008378423413627,-21.77895003568004,-1.8492751618630386e-11,2.6648308898020274e-05,-1.7197734974839003e-08,0.00020067785623990826,-0.001014996890822429,-4.362305449451619,0.00288526320546166,26.2424823538089,-0.0015129530110764582,-21.660218775149428,-0.0011878848312649045,-0.11873126053061256,-2.8297869613143494e-08,0.0001984578304871203,1.1100134638304491e-08,2.220025752787966e-06,-0.0008964248752022258,-4.338448883925469,-0.00011857201562020321,-0.023856565526149787,0.711556891445071,129.762429237366,130.473986128811
37,0.0185145642608404,1.0040408199595181e-08,-10.167846634547024,-1.6872468371779643e-07,-10.16672254634331,-0.0027693577622531582,-22.408572051841023,5.205317461500845e-12,-1.2673641267050358e-05,-5.3870693527233915e-09,0.0003182046389246314,-0.0010434737274259503,-4.488548491623519,0.00295942221789624,27.000713353236,-0.0015567601897462406,-22.28737237102519,-0.0012125975725069177,-0.12119968081583465,-8.796346888773466e-09,0.0003175227826277946,3.4092775360500747e-09,6.818562968368119e-07,-0.0009224535882434067,-4.464195142911219,-0.00012102013918254353,-0.024353348712300438,0.705803830875084,129.75672146678,130.462525297655
38,0.019006185233593,1.0631685809192545e-08,-10.444804355792897,-1.7838547108976038e-07,-10.443162649299774,-0.002835313731499155,-23.019813925265584,-1.5879508679240137e-11,-2.8056303050901963e-05,-5.202491760041221e-09,0.00024385933741126518,-0.0010711025669902566,-4.6108251210447415,0.00303088513424746,27.7367107938465,-0.0015992925300116723,-22.896274799441365,-0.0012360212014874826,-0.12353912582421955,-8.42892797647896e-09,0.00024321405013575515,3.2264362164377384e-09,6.452872755100393e-07,-0.0009477946417199676,-4.5860071787227925,-0.000123307925270289,-0.024817942321949005,0.700227922992781,129.751180410385,130.451408333378
39,0.0195126943290234,1.1204380696517425e-08,-10.73077585743357,-1.8892701246126577e-07,-10.729539109674237,-0.002902811215489313,-23.65209379095576,-1.0777987923636543e-11,3.330963111104231e-05,-2.988519797219899e-09,0.00030685204562764753,-0.001099498253629015,-4.736519222148879,0.00310406336892978,28.4978721160323,-0.0016432938963800519,-23.526208201610427,-0.001259517319109261,-0.12588558934533367,-4.8789173554447935e-09,0.00030647396625673807,1.8903975582248943e-09,3.780793709094645e-07,-0.0009738683423178134,-4.711229549961497,-0.00012562991131120145,-0.025289672187382095,0.694506154628471,129.74544852972,130.439954684349
40,0.0200033783912659,1.1762737578700935e-08,-11.004809505247424,-1.9964241476619506e-07,-11.005137363221372,-0.002967508307412306,-24.259503966364456,-1.964532820058429e-11,-6.692445612455208e-05,-1.9439126178403433e-08,0.0002081940651784766,-0.0011269221946652115,-4.857918333687428,0.00317428089931616,29.2291256097203,-0.0016855658139559397,-24.131379055363453,-0.0012819424934563662,-0.12812491100100232,-3.126418080011505e-08,0.00020582905522891393,1.1825054621711618e-08,2.3650099495626804e-06,-0.000999087691641477,-4.832180531555009,-0.0001278345030237345,-0.025737802132418608,0.688916140701622,129.739942938089,130.428859078791
41,0.0205108746886253,1.2413776775204883e-08,-11.292359974900029,-2.112960967239365e-07,-11.292680763674564,-0.003034132685597489,-24.895081406256406,-4.763989725350629e-11,6.194848653027834e-05,-3.212488472392522e-08,2.3676333107272734e-05,-0.001155316218035847,-4.982736060997564,0.00324664700318649,29.9939122075645,-0.0017298052519660505,-24.76472139026472,-0.0013043274336314386,-0.130360015991684,-5.1588203257789865e-08,1.9783671134830947e-05,1.9463318533864646e-08,3.892661972441787e-06,-0.001025284721986124,-4.956551351465005,-0.00013003149604972285,-0.02618470953255958,0.683201749809086,129.734181433916,130.417383183725
42,0.0210019536316395,1.3014566261309855e-08,-11.567265051777188,-2.2288968189906127e-07,-11.566404097819554,-0.0030977827925728224,-25.501603380713465,-1.7892764437142305e-12,-8.281014240086064e-05,1.6647766471422743e-09,0.00040169501497761765,-0.0011827563982999283,-5.103292257731912,0.00331589670791049,30.7239107464428,-0.001772021809826999,-25.369103297320102,-0.0013257609827458234,-0.1325000833933636,2.7655603141557372e-09,0.00040191517136737556,-1.100783667013463e-09,-2.201563897579091e-07,-0.0010506833701336817,-5.076691860277428,-0.0001320730281662466,-0.026600397454483726,0.67759419651702,129.728684067726,130.406278264243
43,0.0215100068598986,1.3569000625406567e-08,-11.8553708803203,-2.3495491593198449e-07,-11.854602513523826,-0.0031634300187105046,-26.13856479924222,5.603373586281778e-11,7.534112458908821e-05,2.352142169271991e-08,0.0006265258163620809,-0.0012111162898547285,-5.227876034971128,0.003387342942008,31.4902632167947,-0.0018163653701651684,-26.00393771621788,-0.0013470646485453362,-0.13462708302434123,3.7291184962974544e-08,0.0006292797635764178,-1.3769763270254634e-08,-2.7539472143368925e-06,-0.0010769699202036566,-5.200853310751713,-0.00013414636965107182,-0.02702272421941565,0.671879361383617,129.722910225391,130.394789586775
44,0.0220014601945877,1.4166596331135959e-08,-12.129820439325202,-2.464933937337019e-07,-12.12925281307561,-0.0032260749596731034,-26.745591789100008,-4.054500635297612e-11,-7.71495612717746e-05,-3.914789927725164e-08,8.425078393463502e-05,-0.0012385047146739306,-5.347303283345225,0.00345564084305525,32.2206711640225,-0.001858624231581794,-26.60892921933704,-0.0013674507280913093,-0.13666256976296864,-6.173317048901237e-08,7.973373189779122e-05,2.258527121176073e-08,4.5170520368437985e-06,-0.001102433754504814,-5.319888118911259,-0.0001360709601691166,-0.027415164433965522,0.666267456137575,129.71740937233,130.383676828467
45,0.0225102994590998,1.4739877051294097e-08,-12.41835095423986,-2.582492086644771e-07,-12.417455272423405,-0.003290724327497462,-27.382949084055642,-8.528854584255113e-11,5.7411267795584044e-05,-5.835754122903782e-08,-9.341882841175687e-05,-0.0012668456126405311,-5.470550072668955,0.00352615434661696,32.9872923186322,-0.0019030023457153077,-27.244262490497793,-0.0013877219817821542,-0.13868659355784985,-9.182235820591171e-08,-0.00010011178443436403,3.346481697687389e-08,6.692956022607158e-06,-0.0011288280789975812,-5.442737788937222,-0.00013801753364294997,-0.02781228373173228,0.660537770483643,129.71163225174,130.372170022223
46,0.0230025313794613,1.5254900015960468e-08,-12.693906838147457,-2.6929020686395466e-07,-12.693097757759814,-0.003352455753377564,-27.99211943085948,6.222164972827368e-11,-5.133763235846305e-05,2.7762887647253446e-08,0.000342850526116943,-0.0012941487235870813,-5.591930291646691,0.00359357490121426,33.7205936519797,-0.0019454185095785993,-27.851504170389337,-0.0014070372437989648,-0.14061526047014183,4.345652026740504e-08,0.00034598924730965745,-1.5693632620151596e-08,-3.138721192714458e-06,-0.0011542860588440891,-5.563741344082095,-0.00013986266474299213,-0.028188947564596667,0.654927239986137,129.70611217618,130.361039416166
47,0.0235109739005566,1.5902340646822977e-08,-12.981371930435996,-2.804849395683814e-07,-12.98061906834341,-0.0034159168541663142,-28.627486381431297,6.496490503229208e-11,3.346814282231185e-05,3.305057400711327e-08,0.00037083446326942316,-0.0013222630770974657,-5.7175967127114005,0.0036629042684255,34.4853066888006,-0.0019896654716546995,-28.484952567338013,-0.0014262513825116147,-0.1425338140932837,5.140458586390527e-08,0.0003745052582523445,-1.8354011856791998e-08,-3.670794982921341e-06,-0.0011805084572943038,-5.689021461948723,-0.00014175461980316193,-0.028575250762677307,0.649187847971916,129.700354129076,130.349541977048
48,0.0240022167563438,1.6560020623537574e-08,-13.257050714631903,-2.9126692670097975e-07,-13.256683970472809,-0.0034765429005430572,-29.237248734873926,-3.752067115847325e-11,-2.5581133135227775e-05,-2.2575301845318005e-08,-0.0002576355899165976,-0.0013493287818863206,-5.839314635141131,0.0037292142317871,35.2193607636965,-0.002032131414714324,-29.092901621180633,-0.0014444114858287332,-0.14434711369329278,-3.493296896691588e-08,-0.00026010712091776867,1.2357667121597873e-08,2.471531001171077e-06,-0.0012057850294807356,-5.810373848390008,-0.00014354375240558498,-0.028940786751122438,0.643604766228236,129.694829136133,130.338433902361
49,0.0245095454156399,1.7178786794672113e-08,-13.543011091224042,-3.026178921902147e-07,-13.542625268818215,-0.003538706728031414,-29.86928823819981,-1.2888007717825927e-11,3.1750121694544726e-07,-1.4987290467317272e-08,-0.00010187344916549511,-0.0013772265092802387,-5.9662742329358,0.00379726194210728,35.9803648769476,-0.002076153825816132,-29.723129818254844,-0.0014625529022152823,-0.14615841994496748,-2.3103257583052056e-08,-0.00010349664018141312,8.115967115734784e-09,1.6231910159180025e-06,-0.0012318804304679203,-5.936964998236249,-0.0001453460788123184,-0.029309234699550935,0.637859795242548,129.689101755619,130.326961550862
50,0.0250005591660738,1.7904224905419512e-08,-13.819852666414194,-3.1397127704963356e-07,-13.818898675227079,-0.0035983361407005247,-30.480706178835394,2.0767023456208503e-11,9.054942245568447e-06,1.6622247981209175e-09,0.0001385458691790694,-0.0014041828158751447,-6.089041151680426,0.00386260954029421,36.7164834869057,-0.0021187436947281784,-30.33284658792708,-0.0014795924459723464,-0.1478595909083147,2.544795559908205e-09,0.00013872238207102822,-8.825707617872876e-10,-1.765128919588093e-07,-0.001257148965225315,-6.059386597665183,-0.00014703385064982963,-0.029654554015243306,0.63229665486142,129.683561563492,130.315858218353
51,0.025507090613246,1.8713966318098562e-08,-14.104683102168154,-3.261729396705687e-07,-14.103136815135954,-0.003659244058128579,-31.109931161947703,2.572467885726317e-12,-3.008660975827135e-05,5.4387552615333574e-09,7.448745265087557e-05,-0.0014319179657177046,-6.215691353185221,0.00392943459600271,37.4740335344979,-0.0021625771110158868,-30.96036710172525,-0.0014966669471126923,-0.1495640602224526,8.35326062773597e-09,7.507035244013292e-05,-2.914505366202613e-09,-5.828997892573463e-07,-0.0012831909817308026,-6.185690136697047,-0.000148726983986902,-0.030001216488174443,0.626543678808957,129.677860528231,130.30440420704
52,0.0260137505829334,1.94369807640381e-08,-14.390874011207424,-3.388749016272977e-07,-14.388755040164343,-0.0037197467478812074,-31.742256023252253,4.951507819601261e-11,2.829041669487407e-05,2.7558135571925005e-08,0.00025592175510164987,-0.00145958022691406,-6.342911218120547,0.00399585915957317,38.2352830072598,-0.002206631589365969,-31.591050227840405,-0.0015131151585152385,-0.15120579541184753,4.1854625300926576e-08,0.00025878104875346717,-1.4296489729001571e-08,-2.8592936518172934e-06,-0.0013091908299431758,-6.312569466959204,-0.00015038939697088424,-0.030341751161343744,0.620815991656855,129.672131210566,130.292947202222
53,0.0265045762062073,2.0168427068603372e-08,-14.665420208852675,-3.5171643649718353e-07,-14.664329488463906,-0.003777655878722428,-32.350802173135975,-2.8515450449236433e-11,-4.6235138897622835e-05,-2.1806454666646693e-08,9.2815129328662e-06,-0.0014863370072250531,-6.465905122987792,0.0040595420630509,38.9679283456991,-0.002249031794790271,-32.19804855415618,-0.0015286240839321574,-0.15275361897979423,-3.294302806915987e-08,7.054201537495445e-06,1.1136573402513179e-08,2.2273113953707546e-06,-0.0013344088421374523,-6.435247785033233,-0.00015192816508760088,-0.03065733795455916,0.615230400930159,129.666617542505,130.281847943435
54,0.0270120836794376,2.101537680279769e-08,-14.951810484594466,-3.656043926072239e-07,-14.951221602848047,-0.003837218393921496,-32.9850542573799,-9.462385843820448e-11,3.4883377602033284e-05,-4.569404620341911e-08,-0.00025941031366487154,-0.0015140087756423848,-6.592491614719681,0.00412510214559201,39.7312271935521,-0.0022932284616902555,-32.83076728888868,-0.0015439899322312405,-0.15428696849122048,-6.886356036844561e-08,-0.00026404420909752663,2.31695141650265e-08,4.633895432655088e-06,-0.001360555907223023,-6.561521253271481,-0.0001534528684193617,-0.0309703614482002,0.609500681748614,129.660870909691,130.270371591439
55,0.0275028478354216,2.1782084829198513e-08,-15.226341559562501,-3.7947341933956694e-07,-15.226076024996345,-0.0038940451720391846,-33.59305533523817,3.614097823725388e-11,-5.1058092112406825e-05,2.5925541925471612e-08,0.0002998511116548965,-0.0015406984210363205,-6.714834130239802,0.00418776068700352,40.4630353860527,-0.0023355976981456607,-33.43732581426719,-0.001558447473893524,-0.15572952097097925,3.8921148296236025e-08,0.00030245022770341754,-1.2995606370764413e-08,-2.5991160485210464e-06,-0.0013858328799620672,-6.683573389643125,-0.00015486554107425323,-0.03126074059667694,0.603911103913561,129.655363053083,130.259274156997
56,0.0280098561197519,2.25702622402243e-08,-15.513006500771667,-3.943195960621452e-07,-15.511971221518243,-0.003952471821530258,-34.2267342371947,7.600847078632744e-11,4.102364410219373e-05,3.404998315574012e-08,0.00047622740395325335,-0.0015682689409739993,-6.840670055066519,0.00425223483927819,41.2254621010427,-0.002379761868051063,-34.06958180673807,-0.0015727099534791947,-0.15715243045662675,5.0764892818635556e-08,0.0004795703795729597,-1.6714909662895438e-08,-3.34297561970637e-06,-0.001412002545892015,-6.809121062423371,-0.00015626639508198423,-0.03154899264314803,0.598187092109583,129.649622142315,130.247809234424
57,0.0285002700984478,2.343702876214374e-08,-15.7877884908189,-4.0913217650712436e-07,-15.786235321680607,-0.0040082198063776655,-34.834612485307666,-7.831501010105096e-11,-4.374348908343803e-05,-4.439379255257846e-08,-9.578402492738491e-05,-0.0015948961236557915,-6.961184443796668,0.00431387526841003,41.9567373247195,-0.0024221301150090828,-34.676125346092604,-0.0015860896913685828,-0.15848713921506175,-6.584966139141298e-08,-0.00010007519093955551,2.1455868838834523e-08,4.291166012170607e-06,-0.0014373494900590078,-6.929371575566045,-0.0001575466335967837,-0.031812868230622904,0.59260404179804,129.644115447998,130.236719489796
58,0.0290065016597509,2.4228732428734126e-08,-16.073022322011955,-4.2484525295669876e-07,-16.071879505379947,-0.00406544680663471,-35.4666581348946,-8.186600437714162e-11,2.173136979152112e-05,-3.8114181268062715e-08,-0.00019430482748751423,-0.0016223598683387853,-7.08573586277119,0.0043772033837264,42.7169620807943,-0.00246618776502494,-35.306857471518306,-0.00159925904160977,-0.15980066337629495,-5.6368485640954944e-08,-0.0001979556824430983,1.825430437289223e-08,3.650854955584065e-06,-0.0014635423211996979,-7.053660761061383,-0.0001588175471390874,-0.03207510170980754,0.586882342700846,129.6383895576,130.225271900301
59,0.0295125003904104,2.4955589548585018e-08,-16.356427555150855,-4.4095254179363365e-07,-16.35567375117444,-0.004121917162893073,-36.09475955264482,5.3106020413638374e-11,-2.611732238945566e-05,2.2438872252638534e-08,0.0003221731004304194,-0.001649798371474546,-7.210328905747592,0.00443982386585752,43.4725349665572,-0.0025099732244087194,-35.93369379204217,-0.0016119439384843538,-0.16106576060264644,3.3035147798805705e-08,0.00032429235059819626,-1.0596275546167171e-08,-2.1192501677768727e-06,-0.0014897967415187815,-7.178008944101448,-0.00016000162995576453,-0.03231996164614426,0.581129696918651,129.632700324059,130.213830020977
60,0.0300035066902637,2.577772578110366e-08,-16.632776233123653,-4.56850849461267e-07,-16.63201630524452,-0.004176320015822041,-36.70685847484537,2.3209945241233193e-11,7.672906582392074e-06,1.1710539815392136e-08,0.0002633815932894126,-0.0016763771059099502,-7.330023768082739,0.00450020991569162,44.2085502951804,-0.002552647300167388,-36.544623129052354,-0.0016236727156546528,-0.16223534579301457,1.7136919955839624e-08,0.00026446686619753225,-5.426380140447488e-09,-1.0852729081196671e-06,-0.0015152692244251185,-7.29747478932129,-0.0001611078814848317,-0.03254897876144902,0.57557111303322,129.627155691385,130.202726804418
61,0.030510701239109,2.6569432603821965e-08,-16.917956642873836,-4.733674592424147e-07,-16.9163323039138,-0.004231895596765529,-37.33761423335247,-6.716858746875062e-11,-1.3561203406178878e-05,-2.769561047730344e-08,-7.799685703733027e-05,-0.0017037688047833984,-7.453379671596508,0.00456199174786915,44.9669863428769,-0.002596625574914589,-37.17422249506722,-0.0016352700218509398,-0.16339173828524878,-4.036345759108105e-08,-8.053042303257695e-05,1.266784711377761e-08,2.5335659952466807e-06,-0.0015415713365210053,-7.420604769750346,-0.00016219746826239305,-0.03277490184616205,0.569815074559301,129.621442377567,130.191257452127
62,0.031001653522253,2.725244165274064e-08,-17.193563041479695,-4.894775859998778e-07,-17.192332383102944,-0.004285183087947312,-37.94852470220903,1.7264984395421525e-11,-8.659278540268161e-06,-3.2497940527277524e-09,0.0002559590564491565,-0.0017302877074117312,-7.572685631979679,0.00462132988305221,45.7015426178699,-0.002639223754322933,-37.784067173867385,-0.0016459593336243792,-0.16445752834164296,-4.7041486932521515e-09,0.0002556681843438728,1.454354640524399e-09,2.9087210528367215e-07,-0.0015671099454313967,-7.539706961055541,-0.00016317776198033454,-0.03297867092413842,0.564246377907693,129.615909636021,130.180156013928
63,0.0315086580812931,2.8056296572287125e-08,-17.47849953261588,-5.061150783548341e-07,-17.477709458211265,-0.004339709370409003,-38.58015037748998,1.4920827314260524e-11,1.0121732125038634e-05,8.583844877306412e-11,0.0002355796035861101,-0.0017576594588768403,-7.695806707454779,0.00468214101132533,46.4609698338417,-0.0026832704073977494,-38.41464799179294,-0.0016564389630112533,-0.1655023856970388,1.1298677650877025e-10,0.0002355850332881907,-2.7148327735706122e-11,-5.429702080582844e-09,-0.001593535211954315,-7.662630818361194,-0.00016412424692252526,-0.033175889093585376,0.558502110070549,129.610189110041,130.168691220111
64,0.0320157036185265,2.8918603507664907e-08,-17.762947289836543,-5.224542636018434e-07,-17.762199398101462,-0.004393603001770722,-39.21025688417309,-1.962793039685804e-11,-2.5142096864617697e-05,-5.7088095506711145e-09,-0.00015149976936860703,-0.00178488472947999,-7.82051820283921,0.00474231600681849,47.2188815389225,-0.0027272150040756485,-39.043762592039315,-0.0016663879976950733,-0.16649429213377687,-8.17701093307616e-09,-0.0001519934104118159,2.468201382405045e-09,4.936410432088687e-07,-0.0016198305031785906,-7.787148435918808,-0.00016505422630139926,-0.03336976692040228,0.55274279799778,129.60448217392,130.157224971917
65,0.0325064845383167,2.9692656871314688e-08,-18.03905523530195,-5.379697431839545e-07,-18.038884934790943,-0.004445365553812317,-39.82240029120298,3.23750306042838e-11,2.0318405407091216e-05,7.627019484610807e-09,7.684475285868293e-05,-0.001811111213434148,-7.941816744368142,0.00480014572953773,47.9552385212831,-0.0027699112912267392,-39.655002215773656,-0.0016754542625855777,-0.1673980754293254,1.0904294615079417e-08,7.750020393259537e-05,-3.2772751304686107e-09,-6.554510739124338e-07,-0.0016451664893783198,-7.908261310459754,-0.00016594472405582822,-0.03355543390838722,0.547188518219627,129.598938822746,130.146127340966
66,0.0330128148198128,3.060335376764418e-08,-18.323043885020727,-5.539481392600923e-07,-18.32256413794653,-0.004498066762471193,-40.45109114279357,-7.85773826742086e-12,-2.9833915973041174e-05,-7.682123563619062e-09,3.902471172724391e-05,-0.0018381026769139046,-8.067118334004055,0.00485913843786944,48.7115947866767,-0.0028137651374382272,-40.282811137784094,-0.001684301625032966,-0.16828000500947837,-1.0914155775565569e-08,3.837830714662153e-05,3.232032211946507e-09,6.464045806223816e-07,-0.0016712985291671327,-8.033383252510141,-0.00016680414774677185,-0.03373508149391391,0.541432006866671,129.593245565891,130.134677572758
67,0.0335035175085068,3.1538786098079394e-08,-18.599870382376054,-5.696311920219717e-07,-18.598677637890603,-0.004548790382549421,-41.06347131019055,-2.3915113280182226e-11,1.8786370074006724e-05,-4.7070911104502744e-09,-0.00010376802384463414,-0.0018642477246654154,-8.188894397661874,0.00491598554196316,49.4482826357942,-0.0028564856339396336,-40.89439367520548,-0.0016923047486097878,-0.16907763498507222,-6.718672932702545e-09,-0.00010417033918393682,2.01158182225227e-09,4.023153393026849e-07,-0.0016966658288543055,-8.154996316359501,-0.00016758189581110995,-0.033898081302373484,0.535881221527234,129.587700128555,130.123581350083
68,0.0340088047087193,3.23974501158414e-08,-18.88343963900969,-5.861640826909115e-07,-18.881451368364544,-0.004600292953666015,-41.69079460857175,4.4790540323088614e-11,-2.9304618356869034e-05,1.7663455094422604e-08,0.00019917598801411318,-0.0018911425723985055,-8.315125716818795,0.0049738431653639,50.2031589563564,-0.002900251751758281,-41.520946051759665,-0.0017000412019077338,-0.16984855681208444,2.4991396057114263e-08,0.00020064157179498432,-7.3279409626916585e-09,-1.4655837808711378e-06,-0.001722836787834541,-8.281075241432507,-0.00016830578456396446,-0.03405047538628736,0.530135531327687,129.582020074129,130.112155605457
69,0.0345146879553795,3.3349479658871824e-08,-19.168471835318613,-6.03155530174977e-07,-19.166087564486094,-0.0046514846368264735,-42.321922376659145,-9.646233257084688e-13,2.0327771063694986e-05,-1.2437916773426735e-08,0.00014749648681533368,-0.0019179689619017752,-8.441104841703131,0.00503139291156184,50.9624036879905,-0.0029442880806123117,-42.15136109234854,-0.0017071965562141618,-0.17056128431060813,-1.750747003679377e-08,0.00014648257944633778,5.069553263367036e-09,1.0139073689958966e-06,-0.001748960341530071,-8.406906262355545,-0.0001690086203717041,-0.034198579347586744,0.52441090636421,129.576305180788,130.100716087152
70,0.0350046902894974,3.438919957247182e-08,-19.443001295767594,-6.200701459487497e-07,-19.440688184014604,-0.004700385100565062,-42.93055199115332,-6.982058026957544e-11,-2.774229604998843e-05,-2.5368419760869514e-08,-9.074559470005457e-05,-0.0019438165873781215,-8.562299444059933,0.00508645686163694,51.6944476950782,-0.002986757854859615,-42.75935045473168,-0.001713627245705447,-0.17120153642164126,-3.549173900435705e-08,-9.277025211150735e-05,1.0123319243487535e-08,2.0246574114527832e-06,-0.001774156024479605,-8.52796324670723,-0.0001696605628985165,-0.03433619735270277,0.518841223791242,129.570794373751,130.089635597542
71,0.0355098880827427,3.537404986062128e-08,-19.72704925667918,-6.384017861933397e-07,-19.72473779706687,-0.004750394990247607,-43.56030152595195,-4.084759462300919e-12,5.1255559753058625e-06,9.315303631853215e-09,0.00010551335097650099,-0.001970518979072363,-8.688165104312121,0.00514287837880198,52.4519383384569,-0.0030307055411245795,-43.3884967173689,-0.0017196894491230273,-0.17180480858304747,1.2979948734494268e-08,0.0001062462778565266,-3.664645102641053e-09,-7.32926880025618e-07,-0.0018002729561528348,-8.653704450927032,-0.00017024602291952845,-0.0344606533850893,0.513119220035151,129.565092325211,130.078211545246
72,0.0360144041478634,3.638190712781626e-08,-20.009661843051397,-6.574550035938264e-07,-20.007774807015338,-0.004799687028441189,-44.18753164446234,4.4730887098535524e-11,-1.196369121729665e-05,1.5852379096707724e-08,0.0003839725786830641,-0.001997177809277725,-8.814074021756717,0.0051986262807284,53.2064232366775,-0.0030744811146699285,-44.01517814695664,-0.0017252059137712605,-0.1723534975056964,2.2024649453328974e-08,0.0003852070293991133,-6.17227035662125e-09,-1.234450716049195e-06,-0.0018264260503830505,-8.779504956384436,-0.00017075175889467433,-0.034569065372281216,0.507389535545371,129.559413462877,130.066802998423
73,0.0365044288337231,3.744178480279531e-08,-20.284373362265764,-6.764091796179777e-07,-20.28322495630652,-0.004847098811822437,-44.79773907775887,-6.818559081386254e-11,-6.402413857324845e-06,-2.2624639407268198e-08,2.284036613541887e-05,-0.0020229923808885732,-8.935401442812553,0.00525232001349374,53.9401876410499,-0.0031170723526950227,-44.6249064534378,-0.001730026459127414,-0.17283262432106739,-3.1278648261720335e-08,2.1109569560890852e-05,8.654008854452137e-09,1.7307965745280175e-06,-0.0018517858496657155,-8.900734466568098,-0.00017120653122285772,-0.03466697624445558,0.501833366812207,129.553888767958,130.05572213477
74,0.0370099246501923,3.8432264553717284e-08,-20.567949719550974,-6.96258246999728e-07,-20.566804928229203,-0.004895444149340292,-45.42687913000269,-9.431132009555047e-11,-8.087168185906329e-06,-3.312579594013044e-08,-8.934682144101296e-05,-0.0020495327322375373,-9.059965649424568,0.00530716104213666,54.6966026887455,-0.0031609886790205525,-45.2536066368696,-0.00173445547031974,-0.17327249313309068,-4.55916985857489e-08,-9.183999491411488e-05,1.2465902645618461e-08,2.4931734731019226e-06,-0.0018778978689570707,-9.025205931412037,-0.00017163486328046658,-0.03475971801253053,0.496098483679816,129.548193335533,130.044291819213
75,0.0375147461891174,3.939827050680692e-08,-20.85108013794804,-7.16538021800291e-07,-20.849764560976837,-0.004943156811216981,-46.05490204508932,4.0371520480176986e-11,-4.843674657343047e-06,-3.8231623218273565e-10,0.00040688858994225704,-0.0020760601736033975,-9.184342565784855,0.00536142011221674,55.4516580102105,-0.003204830751884974,-45.881245421136455,-0.0017383260593320073,-0.17365662395286563,-5.122317879217363e-10,0.00040686260638943646,1.2991555573900068e-10,2.5983552820582536e-08,-0.0019040812851552676,-9.149507084713004,-0.00017197888844812988,-0.03483548107185008,0.490368510829285,129.542507469654,130.032875980483
76,0.0380046330392361,4.04479526214597e-08,-21.126072025402387,-7.366083885566902e-07,-21.12478388382908,-0.0049889844618638355,-46.66515767649352,1.8611950875853576e-11,6.0930554642298724e-06,9.076463860587132e-09,0.0003172299520812844,-0.0021018501049788097,-9.304415826032566,0.00541366238038803,56.1851983025545,-0.003247436115279924,-46.491181584951214,-0.0017415483465839116,-0.17397609154230764,1.2376515722620238e-08,0.00031788995896022353,-3.300051862033106e-09,-6.600068789391336e-07,-0.001929620673274791,-9.269523597665094,-0.00017222943170401876,-0.034892228367471745,0.484815225354396,129.536982804537,130.021798029891
77,0.0385083295404911,4.1489814581830965e-08,-21.408191660759062,-7.572582151084706e-07,-21.406944711902266,-0.005035478484284593,-47.291311167573845,-4.6406851778896655e-11,-2.4075014894770668e-05,-8.742344929294931e-09,-0.000143177299377252,-0.0021282449611065325,-9.427595677965723,0.00546676053576579,56.9378224409646,-0.003291155144682522,-47.117060373187506,-0.0017443233396020707,-0.17425079438633873,-1.1856348010241147e-08,-0.00014380010013057042,3.1140030809462155e-09,6.22800753318425e-07,-0.0019557901659904876,-9.392651666675278,-0.0001724547951160449,-0.03494401129044533,0.479093206464313,129.531315147877,130.010408354341
78,0.0390127040445805,4.242328289965233e-08,-21.691667044023447,-7.780791567522564e-07,-21.690010486204486,-0.005081594585809324,-47.91994809644245,-3.921496735957902e-12,1.1231037135913812e-05,-1.0527724905265984e-08,9.758662344256209e-05,-0.0021546221990666127,-9.55142073138109,0.00551951093508791,57.6934661604213,-0.0033350514991892168,-47.74547804284598,-0.001746543086620107,-0.1744700535964654,-1.4254040947567873e-08,9.684136151791348e-05,3.726316042301889e-09,7.452619246486034e-07,-0.001981987342844897,-9.516434117204549,-0.00017263485622171556,-0.0349866141765407,0.473378246417269,129.525624424219,129.999002670636
79,0.0395011603832245,4.343786060523936e-08,-21.965333027828606,-7.983706114687514e-07,-21.963311891503228,-0.005125611773022619,-48.526961677640266,-4.006527333077867e-11,-2.1581851615407976e-05,-1.8480659093336634e-08,4.0904859920585795e-05,-0.002180119543494711,-9.670961583672026,0.00556999263117104,58.4230813282305,-0.003377441568992788,-48.352331454768446,-0.0017481702040298315,-0.17463022287181929,-2.488119122597317e-08,3.962475690699143e-05,6.400532132636537e-09,1.2801030135943669e-06,-0.0020073702959766734,-9.635945834122237,-0.00017274924751803757,-0.03501574954978892,0.467827256768942,129.520130157471,129.98795741424
80,0.0400066561996937,4.446403233829569e-08,-22.249011438475485,-8.194682044927921e-07,-22.24743765608204,-0.005170752476160057,-49.157082483829114,-3.179415866171035e-11,5.9979129525618465e-06,-4.172788935700402e-09,0.00010283471973638917,-0.0022064829761190615,-9.79415231844559,0.00562185458431123,59.1803275609402,-0.003421448995987455,-48.982341468761945,-0.0017493034801726024,-0.17474101506716977,-5.619048297860467e-09,0.00010254546667199144,1.4462593621600647e-09,2.892530643977217e-07,-0.0020336688537924063,-9.759117254428245,-0.00017281412232665518,-0.03503506401734491,0.462099871016107,129.514426887035,129.976526758051
81,0.0405109971761703,4.535672796119199e-08,-22.53130321089358,-8.40680187330943e-07,-22.5300416586591,-0.005215115092364679,-49.78395707120045,1.1445231929512491e-10,-1.2964751092621333e-05,3.714775573219115e-08,0.0005597678131860595,-0.0022327862992437917,-9.917486211047487,0.00567298517492167,59.9338077903373,-0.003465233270060808,-49.60916062493837,-0.0017498818223038704,-0.17479644626207858,4.965957937220464e-08,0.0005622701662607159,-1.2511823640013489e-08,-2.502353074656464e-06,-0.0020599867089781784,-9.882447877240946,-0.00017279959026561325,-0.035038333806541644,0.456368962884881,129.508753120899,129.965122083784
82,0.0410154461860657,4.6335997474139485e-08,-22.81446569668168,-8.618410911282978e-07,-22.8134010484259,-0.005259052902474916,-50.41263663798395,-6.227963526009665e-12,1.0728186093370527e-05,-1.7904058490524553e-08,0.000244480150994541,-0.002259044856008831,-10.03978567121526,0.00572371573697781,60.6892275580981,-0.003509147278395478,-50.2378400575587,-0.0017499056240794383,-0.1747965804252516,-2.3835486292753503e-08,0.00024329386767157638,5.93142780222895e-09,1.1862833229646429e-06,-0.0020863051651800794,-10.004753281383335,-0.00017273969082875172,-0.03503238983192425,0.45065165264532,129.503063231707,129.953714884352
83,0.0415044724941254,4.744044466328878e-08,-23.088583127194287,-8.821001126354976e-07,-23.087220296773673,-0.005301027944406109,-51.020749600204375,-1.408106519358161e-10,-1.9384176873308862e-05,-5.224738844091619e-08,-0.00046588968938604617,-0.0022843561815980885,-10.159382528019782,0.00577227695236991,61.4201298857951,-0.0035516292172446187,-50.84600581283615,-0.00174939872716149,-0.1747437873682287,-6.922943487820858e-08,-0.0004692860861695967,1.6982046437292393e-08,3.3963967835505342e-06,-0.0021117003960659736,-10.124361218485372,-0.0001726557855321149,-0.035021309534409184,0.445096786948852,129.497560292482,129.942657079431
84,0.0420094206929207,4.844626782581096e-08,-23.372015949770617,-9.030790799398498e-07,-23.370570964458278,-0.005343901261819455,-51.649711506231206,1.54130429354679e-11,2.0544710577154353e-07,6.933448558955123e-09,2.1990767037119785e-05,-0.002310462504880765,-10.284325266838987,0.00582198578669533,62.1763199428259,-0.003595571459935002,-51.475076639114455,-0.0017483298018844528,-0.17463486711675102,9.15499164133306e-09,2.2435073140286258e-05,-2.221543082377936e-09,-4.4430610316647325e-07,-0.0021379484245884228,-10.249326566677173,-0.00017251408029234213,-0.03499870016181461,0.439370307023637,129.491868138313,129.931238445337
85,0.0425134561955929,4.950893804185207e-08,-23.654876423916303,-9.240127243370833e-07,-23.652829449621077,-0.005386100316038822,-52.276891141425956,1.3949275080150343e-10,-2.2192326179359e-06,4.732297899286539e-08,0.00041340111637036206,-0.0023364208350130917,-10.408947319673429,0.00587102544630892,62.9303507974551,-0.0036393932985709664,-52.10242053875474,-0.0017467070174678558,-0.17447060267121373,6.221003371163038e-08,0.00041637851402231437,-1.4887054718764985e-08,-2.9773976519523095e-06,-0.0021640896067804186,-10.373979639489901,-0.00017233122823267317,-0.03496768018352725,0.433648165431805,129.486192524433,129.919840689865
86,0.0430003963410854,5.064457433439061e-08,-23.927921032928396,-9.444113435718942e-07,-23.925876593102227,-0.005426364455639427,-52.88305858060104,-3.962595754924251e-11,-1.10316744614563e-05,-6.6097776975653556e-09,-0.0001367895903792618,-0.0023614119396308704,-10.529408608978565,0.0059179133525745,63.6590865958612,-0.0036817507355578405,-52.70879916371823,-0.0017446137200815863,-0.17425941688280489,-8.644783766073475e-09,-0.0001371965903231426,2.035006068508119e-09,4.069999438808126e-07,-0.0021892959336519443,-10.494478772643669,-0.00017211600597892606,-0.034929836334896436,0.428122207173146,129.480707585812,129.908829792985
87,0.0435038097202778,5.1803439468229816e-08,-24.210172800326067,-9.659960197320226e-07,-24.208218233122658,-0.005467460782948234,-53.509861395230345,-1.0362470043779314e-10,-4.4664677370098846e-06,-4.156371317153325e-08,-0.00016286037491041803,-0.0023872158552319086,-10.654785220948686,0.00596589707337522,64.4127317516653,-0.0037255542888794753,-53.33587459936464,-0.001741906494068759,-0.17398679586570864,-5.4193638017518176e-08,-0.00016538634848348955,1.2629924845984926e-08,2.52597357307152e-06,-0.0022153808836506677,-10.619906389759752,-0.00017183497158124086,-0.034878831188933646,0.42241040430963,129.475035727024,129.897446131334
88,0.0440077483654022,5.30448697652655e-08,-24.49244115593052,-9.882421152032078e-07,-24.490527501277846,-0.005508013646755748,-54.136832018812484,1.5463850817534087e-11,-5.296155904668202e-06,-1.2082534736336208e-08,0.00021410222249576983,-0.002413005833242425,-10.780437274223605,0.00601338610632078,65.1665559928559,-0.003769373764282546,-53.963173770641596,-0.0017386398824732019,-0.17365824817088793,-1.5676350689040643e-08,0.000213383462911167,3.5938159527044346e-09,7.187595846028195e-07,-0.002241512280226677,-10.74562170569166,-0.00017149355301574777,-0.03481556853194512,0.416688014985994,129.469362437725,129.886050452711
89,0.0445102974772453,5.4394181260720035e-08,-24.774199841678982,-1.011035176447524e-06,-24.772251721546965,-0.005547960815017667,-54.76278969371346,-5.438366058672473e-13,-2.0459329138932704e-06,1.252527708593769e-08,0.00012325355037488272,-0.0024386557735339856,-10.905094526248826,0.00606027327866243,65.9189627863685,-0.0038131264525655467,-54.58951389965408,-0.0017348343624521206,-0.17327579405937854,1.619475581925882e-08,0.00012398744330073883,-3.6694787333211314e-09,-7.338929258561067e-07,-0.0022675482850658918,-10.870351349713511,-0.00017110748846809387,-0.034743176535315,0.410987761104479,129.463698863983,129.874686625088
90,0.0450128205120564,5.561329876453237e-08,-25.055468799307135,-1.034453649204907e-06,-25.05347067248318,-0.005587286734923513,-55.38779258854016,1.402620126607544e-11,-1.7601667296821217e-05,1.820408640301877e-08,0.00016230717064285436,-0.0024642211357168223,-11.029875501167565,0.00610656695185473,66.6702229703717,-0.0038568156056028734,-55.214955018417825,-0.0017304711293206396,-0.1728375701223328,2.3464232695723983e-08,0.0001633591950292779,-5.260146292705214e-09,-1.0520243864235474e-06,-0.002293549488246788,-10.995214869328656,-0.00017067164747003446,-0.034660631838908884,0.405279198545031,129.458043575287,129.863322773832
91,0.0455002300441265,5.6735982298376614e-08,-25.328680679030846,-1.0578655338252683e-06,-25.326654466520942,-0.005624985527798399,-55.99501702900829,-3.714177456798785e-11,5.7085572837149365e-06,-2.257408007498462e-08,0.00014780019649790862,-0.0024890321843928464,-11.151149790110681,0.00615107669645672,67.4000857948204,-0.0038992657571755786,-55.82265643437557,-0.00172571977062282,-0.17236059463272113,-2.8961384102946433e-08,0.00014652274133844832,6.387304027961812e-09,1.2774551594603011e-06,-0.0023188484085294833,-11.11658243935159,-0.0001701837758633631,-0.03456735075909023,0.399751432822086,129.452549576759,129.852301009581
92,0.0460039153695107,5.805954471486276e-08,-25.61040420263647,-1.082589237691631e-06,-25.608381346889132,-0.005663313352946213,-56.621391513881434,-1.196504753304924e-10,-2.0313820890072382e-05,-3.690690963156523e-08,-0.0001384232302962857,-0.0025146468056193626,-11.275426817981405,0.00619649641873559,68.1527638877954,-0.003943058732834334,-56.44957924477984,-0.0017202546201118786,-0.17181226910159353,-4.71426006589011e-08,-0.00014047035888807818,1.0235691027335868e-08,2.0471285917924903e-06,-0.0023450335052651984,-11.240969331386145,-0.00016961330035416416,-0.03445748659525982,0.394028699374758,129.446882843971,129.840911543346
93,0.0465056337416172,5.927853351446266e-08,-25.89158806561917,-1.1075546044051573e-06,-25.88938064102917,-0.00570102866125961,-57.246398693023956,1.8174358521690659e-12,4.1848944446127353e-07,8.489098439912236e-09,0.00018080800758348041,-0.002540116892219057,-11.398816700255898,0.00624130778386256,68.9036831240188,-0.003986759391955043,-57.07518669592086,-0.0017142692693045665,-0.17121199710309298,1.0798249901989787e-08,0.0001812698347880474,-2.3091514620775505e-09,-4.6182720456699154e-07,-0.002371121871463159,-11.364478860890431,-0.0001689950207558982,-0.03433783936546675,0.388337849988602,129.441228359938,129.829566209926
94,0.0470097102224827,6.041978432936484e-08,-26.173546345715067,-1.1329321182377374e-06,-26.171344182315195,-0.005738292331360184,-57.87337125638846,1.3075953046771423e-10,-2.8866643324135287e-06,3.254565650372505e-08,0.0005441860390517434,-0.00256570024058287,-11.522578602750075,0.00628576311142244,69.6569501424873,-0.0040306010078727614,-57.702818692074324,-0.0017076913234874225,-0.17055256431413568,4.126739298226728e-08,0.0005459303756700033,-8.721736478542227e-09,-1.74433661825988e-06,-0.0023973973210963356,-11.488375378843728,-0.00016830291948653417,-0.034203223906347446,0.382611195091158,129.43555650115,129.818167696241
95,0.0475120395421982,6.17027021248447e-08,-26.454724677932155,-1.158314213089324e-06,-26.45283224032769,-0.005774945976665236,-58.49901614955579,-6.912121688113114e-11,-3.7250919615637937e-09,-3.109513207239342e-08,2.3808042389408372e-05,-0.0025911554262848845,-11.644631535861471,0.00632961995881534,70.4083597692252,-0.004074353771764777,-58.32917498525421,-0.0017005922049004585,-0.16984116430158025,-3.926491226172659e-08,2.2174092685578364e-05,8.169780189333168e-09,1.6339497038300086e-06,-0.002423594265290768,-11.610573090309064,-0.00016756116099411657,-0.034058445552407335,0.376911774394102,129.429896652699,129.806808427093
96,0.0480149313807487,6.284808525701653e-08,-26.73615733399441,-1.1838676095159436e-06,-26.734141574110225,-0.005811038113644084,-59.124719550487846,-1.5924979859597525e-10,-1.8496079942085185e-05,-4.348745758718287e-08,-0.0002451564960016563,-0.0026166287681126063,-11.766740971826838,0.00637298293389542,71.1598558864127,-0.00411811382023179,-58.95564650822859,-0.0016929242934122938,-0.16907304225925657,-5.4678457065458466e-08,-0.00024739468484143314,1.1190999478275599e-08,2.238188839776825e-06,-0.002449877264212625,-11.732841109927897,-0.00016675150389998134,-0.03389986189894145,0.371199974091724,129.424236446619,129.795436420711
97,0.0485021099448204,6.37985278956124e-08,-27.009034986846025,-1.2087687696215937e-06,-27.006871519049437,-0.005845513804111285,-59.7313067732655,7.043874518995759e-11,-1.106426821174825e-06,2.2746917162752075e-08,0.00032506221285519754,-0.0026413194562171787,-11.885247412583928,0.00641456168179531,71.8884357541119,-0.004160540637561732,-59.56303000461659,-0.001684973166549553,-0.16827676864890861,2.849819349480354e-08,0.0003262124596652261,-5.751276332051465e-09,-1.1502468100285787e-06,-0.0024754161101406243,-11.851514163255295,-0.00016590334607655436,-0.0337332493286322,0.365670290775597,129.418749541044,129.78441983182
98,0.0490047186613083,6.489392598805837e-08,-27.29038046587938,-1.2344221064295204e-06,-27.2882068053278,-0.005880526247693549,-60.35694009746583,5.1145402571344655e-11,-2.370118222305012e-06,1.3137633006565164e-08,0.0002755142055848281,-0.0026667128331644067,-12.006362443871957,0.00645693021586561,72.6396864927252,-0.0042043031927031975,-60.189539405100355,-0.0016762230549903518,-0.16740069236547583,1.6396087303413192e-08,0.0002761658898220019,-3.2584542968480276e-09,-6.516842371738149e-07,-0.002501729611685198,-11.972810337657416,-0.00016498322147920873,-0.03355210621454141,0.359963699476793,129.413091123104,129.773054822581
99,0.0495065040886402,6.596456209000246e-08,-27.57123846290549,-1.260136759181289e-06,-27.569062853590182,-0.00591492981415481,-60.98151823190109,-9.114787795993987e-11,-1.2833301830718477e-05,-2.5216672910685344e-08,-0.00010179310193445374,-0.0026920215791393014,-12.12680840813937,0.00649872114202948,73.3895868979349,-0.00424799539731353,-60.815047320931384,-0.0016669344168412795,-0.16647091096970712,-3.1340419001047144e-08,-0.0001030178457655046,6.1237460903618e-09,1.2247438310508582e-06,-0.0025280114316051264,-12.093448285425517,-0.000164010147534175,-0.03336012271385336,0.354265891364776,129.407442092896,129.76170798426
100,0.0500084459781647,6.714568581387475e-08,-27.852266364583638,-1.285714990335259e-06,-27.850089534405882,-0.005948816569583735,-61.60651672535186,6.773352330535386e-11,4.7902750499540176e-06,9.202455580376774e-09,0.00020469648408293764,-0.0027171869097991756,-12.249936439156325,0.00653999426138848,74.1404078391433,-0.004291722159926651,-61.4410306659364,-0.0016570944096570839,-0.16548605941545702,1.1396541146660852e-08,0.0002051352980216184,-2.1940855662840774e-09,-4.388139386807624e-07,-0.00255417726683844,-12.21677403680491,-0.00016300964296073542,-0.03316240235141521,0.348568249959499,129.401789218187,129.750357468147
101,0.050509724766016,6.844771857853191e-08,-28.13270433600011,-1.3115570330620496e-06,-28.130547736069865,-0.005982077800297968,-62.23030387252601,2.8682212420986085e-11,-3.6458611522446026e-06,-4.997456213665562e-09,0.0001326749096634991,-0.0027423196776792487,-12.373185186549401,0.00658069705641405,74.889807056323,-0.004335368204513668,-62.06585699423451,-0.0016467095957843,-0.16444687829149984,-6.153341042993574e-09,0.00013244373279428653,1.1558848293280123e-09,2.3117686921255895e-07,-0.0025803765102348007,-12.340233957292797,-0.00016194316744444796,-0.032951229256603654,0.342874414054677,129.396147638559,129.739022052614
102,0.0510107576847076,6.978427841858391e-08,-28.41321535822775,-1.337435401096088e-06,-28.411078676657866,-0.006014821192499465,-62.85431130539568,-1.0526254265323956e-10,-1.0062436451238675e-05,-2.0847840924061096e-08,-0.00020930637228014798,-0.0027673448540120487,-12.496210900721616,0.00662089671515918,75.6394072898452,-0.004379033121685964,-62.6909571720538,-0.001635788070813501,-0.1633541333418833,-2.5617110743281403e-08,-0.00021026022241239808,4.769269819220307e-09,9.538501322500943e-07,-0.00260650736219721,-12.463478943392985,-0.0001608374918148389,-0.032731957328630656,0.33718790137209,129.390504598618,129.72769249999
103,0.0515110343694687,7.091344654922429e-08,-28.69302097575843,-1.363316616111916e-06,-28.690935718952094,-0.006046917512941865,-63.47677778783901,-1.3283161986410749e-11,-1.285232743056578e-05,2.04949459217577e-09,0.00011776513948872994,-0.0027922150671569382,-12.619328653988864,0.00666045630968677,76.3872241880962,-0.004422594869257656,-63.314570707030995,-0.0016243226436842093,-0.1622070808080167,2.5175587868821014e-09,0.00011785875135212861,-4.680641947063313e-10,-9.3611863398666e-08,-0.002632522851894224,-12.586824162952107,-0.00015969221526271424,-0.032504491036757344,0.33150437893346,129.384875148535,129.716379527468
104,0.0520118288695812,7.21268044847281e-08,-28.973369962773067,-1.3895194843632979e-06,-28.971323475142654,-0.006078557448149227,-64.10053386223409,3.614821723342791e-11,4.845967809700286e-06,2.2159336507735716e-09,0.0002552203458543401,-0.002817078403031967,-12.74228589199166,0.006699611430169,77.1364896929002,-0.004466250262522249,-63.939528756186014,-0.0016123071856269777,-0.16100510604807283,2.700025169251135e-09,0.00025531716310499486,-4.840915184775632e-10,-9.68172506547846e-08,-0.0026585868347423357,-12.710020207326902,-0.00015849156828963125,-0.032265684664757543,0.325820568483323,129.379234671593,129.705055240076
105,0.0525108724832535,7.356236376221443e-08,-29.252365429252112,-1.4161253449305162e-06,-29.250375140115874,-0.006109485990164436,-64.72147543393291,-2.2808909311741632e-11,-1.3733953852694677e-05,1.0801170124385224e-09,0.0001097418061704569,-0.0028418456036475373,-12.864875723337548,0.00673809375935137,77.8823454884247,-0.0045097126118929355,-64.56172397814841,-0.0015997733782715006,-0.15975145578450167,1.3225648515901943e-09,0.00010979029541588538,-2.424478391516719e-10,-4.848924542848209e-08,-0.0026846161540440396,-12.832861422129962,-0.0001572294496034977,-0.032014301207585305,0.320150712213945,129.373619705439,129.693770417653
106,0.0530096739530563,7.486723217216494e-08,-29.531474831713865,-1.4432704784346885e-06,-29.52951363359079,-0.006139908615739013,-65.34269343372112,-3.490745703338714e-11,-3.586260371103017e-06,-7.854633843092866e-09,0.00011642309092562917,-0.0028665918963500085,-12.988245591611555,0.00677612197341091,78.6286353048774,-0.004553197820847379,-65.18424847223353,-0.0015867107948916341,-0.15844496148758935,-9.501886658399912e-09,0.00011609364263791199,1.647252815307046e-09,3.2944828771718545e-07,-0.0027106823300725278,-12.956494508504324,-0.00015590956627748072,-0.03175108310723118,0.31448862090474,129.368002653122,129.682491274027
107,0.0535071156919003,7.623962102632723e-08,-29.809513354828212,-1.4707154009341496e-06,-29.80757778441383,-0.006169662074141572,-65.96170299645557,-2.0707328737482007e-12,-2.206016039839418e-06,-1.937942935156522e-08,0.00012653897500931535,-0.002891145460415631,-13.111113124241822,0.00681347593755013,79.3722012381593,-0.004596533485189399,-65.80461641018934,-0.0015731285889521726,-0.15708658626623162,-2.335549052668251e-08,0.0001257437680018908,3.9760611751172905e-09,7.952070074245432e-07,-0.0027365918190133667,-13.079632759968392,-0.00015455364140226418,-0.03148036427342937,0.308837256336119,129.362405061722,129.671242318058
108,0.0540041364729404,7.778065122576836e-08,-30.087411869910174,-1.4985291718542422e-06,-30.085454531927084,-0.006198886238476704,-66.58058047298064,-8.038771091161518e-11,-9.199020357397074e-06,-1.9349964085297435e-08,-8.813620752897522e-05,-0.0029155431033439914,-13.23322591027105,0.00685029812760339,80.1154098257098,-0.004639863176996141,-66.42490456150539,-0.0015590230614805634,-0.1556759114752566,-2.3238808099406945e-08,-8.891397166847686e-05,3.88884401410951e-09,7.777641395016434e-07,-0.002762377885876154,-13.202023052112443,-0.00015316521746783739,-0.031202858158607683,0.303193946368992,129.356809526682,129.660003473051
109,0.0545011721551418,7.912656395255976e-08,-30.365163222638365,-1.5271409880851698e-06,-30.363172545550565,-0.006227545936806811,-67.19919211977101,-1.9914933446311978e-11,-1.3971482502155518e-05,1.1284961645089381e-08,4.5957995067237003e-05,-0.0029399566519404626,-13.3563283110454,0.00688663022449122,80.8584461393674,-0.004683178375302455,-67.04498179603544,-0.0015443675615043556,-0.15421032373556898,1.351029017729989e-08,4.640305701488605e-05,-2.2253285322105096e-09,-4.4506194764904356e-07,-0.002788247856287863,-13.325416857185141,-0.00015170879565259976,-0.030911453860259286,0.297547837835737,129.35121640563,129.648764243466
110,0.0550117269158363,8.047586070709893e-08,-30.650492510280564,-1.5573227948095303e-06,-30.648430408868673,-0.006256434876427973,-67.83476025268855,1.256109391572808e-10,1.98445782781853e-06,3.4650406204797386e-08,0.0004738370140310073,-0.002965069816022306,-13.48298914729965,0.00692348314143988,81.6218394350464,-0.004727684317884166,-67.68211155552224,-0.0015287505585438064,-0.15264869716631324,4.13080264434798e-08,0.00047516852811545056,-6.657620238682414e-09,-1.3315140844432326e-06,-0.0028149283735207876,-13.452391604098432,-0.0001501414425015184,-0.030597543201217547,0.291749112424441,129.345470041037,129.637219153461
111,0.0555069483816624,8.198491636551706e-08,-30.92717781796547,-1.5868770168004741e-06,-30.925027107065223,-0.006283910920015622,-68.45122914254898,-9.395773317680697e-11,-6.814803675867236e-06,-3.410108027977677e-08,1.1485965744222118e-06,-0.0029893409180783608,-13.604794657303277,0.006958713825216,82.3620594579201,-0.004770856657691538,-68.30014990545885,-0.0015130542623240841,-0.15107923709012994,-4.0497638214738926e-08,-1.307080696635578e-07,6.396557934962156e-09,1.2793046440857696e-06,-0.0028407654938439357,-13.57451105185385,-0.00014857542423442512,-0.03028360544942643,0.286124268779531,129.339896559715,129.626020828495
112,0.0560016557574272,8.344310336410956e-08,-31.2034677410702,-1.616443103305132e-06,-31.201310345603023,-0.006310813545310025,-69.06695841026888,-1.4626148862785345e-10,-1.2521186610839016e-05,-4.660939064886872e-08,-8.714679426882929e-05,-0.0030134856179357557,-13.7256970220461,0.00699338729051935,83.1012495041152,-0.004813981172382728,-68.9175010653444,-0.0014968323729272967,-0.14945734492448537,-5.5154150766900064e-08,-8.885573624926372e-05,8.544760118031346e-09,1.708941980434428e-06,-0.002866517777646982,-13.695735981125335,-0.0001469678402887739,-0.02996104092076557,0.280504126974847,129.334329724312,129.614833851287
113,0.0565077438950539,8.479707269179415e-08,-31.486215419103946,-1.647015918919691e-06,-31.484103453704645,-0.006337803046657464,-69.69709263910065,9.100690840223382e-11,6.204503779635518e-06,1.7031738529165473e-08,0.0004790330023368344,-0.0030382448417099295,-13.84969873044023,0.00702841958739941,83.8577927756189,-0.004858117503490482,-69.54934949450364,-0.0014796855431669816,-0.14774314459700122,2.008176247110251e-08,0.00047964300135726584,-3.050023941937038e-09,-6.099990204314239e-07,-0.002892994278742617,-13.820082539687663,-0.0001452505629673125,-0.029616190752566496,0.274756517552305,129.328633129597,129.603389647149
114,0.057013213634491,8.623486768435538e-08,-31.768508599490143,-1.6776275508641217e-06,-31.766399003524935,-0.006364173049966215,-70.32617696554753,-8.159058013254496e-12,-7.225753242430587e-06,-3.041864697955667e-09,0.000301969658533321,-0.0030629705754621622,-13.973055231657861,0.00706289531126883,84.6129994946092,-0.004902184487362959,-70.18020282155928,-0.0014619885626032557,-0.14597414398825492,-3.57164404052598e-09,0.00030186370158532893,5.29779342570313e-10,1.0595694799206629e-07,-0.0029194991181081633,-13.943796591984583,-0.0001434714573539989,-0.029258639673278353,0.269013172015548,129.322946459055,129.59195963107
115,0.0575047023594379,8.752163684712147e-08,-32.04319072705107,-1.7072021148818259e-06,-32.041056699582064,-0.0063893119451741975,-70.938216326298,-1.3106721372894077e-10,-1.346469538588465e-05,-2.35829375252747e-08,-1.391273622245496e-05,-0.003086947334331469,-14.09235591804953,0.00709595334683347,85.3476444740803,-0.004945060847802643,-70.79401510485502,-0.001444251097371555,-0.14420122144298375,-2.7597867208913e-08,-1.4715718838174583e-05,4.0149296836383e-09,8.02982615719623e-07,-0.002945252320258347,-14.063454573938875,-0.00014169501407312185,-0.028901344110654037,0.263431664614473,129.317414373159,129.580846037774
116,0.0580113939940929,8.865280521387004e-08,-32.326246481135755,-1.737678060092203e-06,-32.32407508617592,-0.0064146384810502746,-71.56882889305616,-5.613883412291109e-11,-9.428321127494623e-06,-1.5574002985936065e-08,0.00018774559374186558,-0.0031116207914757424,-14.215432349144729,0.00712950025037814,86.104633021504,-0.004989241840731109,-71.42651206670571,-0.0014253966403191655,-0.14231682635045217,-1.8151112469864208e-08,0.0001872301748723166,2.5771094839281428e-09,5.15418869548995e-07,-0.002971813332506679,-14.186910929165695,-0.00013980745896906331,-0.028521419979034235,0.257673989108298,129.311714142561,129.569388131669
117,0.0585150308907032,8.993097745822106e-08,-32.60774145303529,-1.7680595530465264e-06,-32.605540804828976,-0.006439293776227505,-72.19603002269176,-7.646356648054206e-11,5.954024540698972e-07,-3.2114465227451234e-08,0.00027416000608411674,-0.0031361243603231634,-14.337099531845341,0.00716238671639057,86.8573846482956,-0.005033187715683175,-72.05564105022945,-0.0014061060605443298,-0.1403889724623042,-3.7295126755519876e-08,0.0002731238824859064,5.180661528068642e-09,1.0361235982103288e-06,-0.0029982490948582538,-14.308967297824537,-0.00013787526546490958,-0.028132234020803892,0.251954215753358,129.30604544282,129.557999658573
118,0.0590047724545002,9.127924218196287e-08,-32.881273804934416,-1.7978574963263573e-06,-32.87907460345278,-0.00646270245601062,-72.80559817998594,-5.2509543024560966e-11,-1.2317366185354145e-05,-3.5932884169491223e-09,0.0002174515299868522,-0.003159943352121089,-14.454899756901872,0.00719387018677543,87.5888746770363,-0.00507590162632232,-72.66713841151524,-0.0013868008296882995,-0.13845976847069608,-4.153676574189435e-09,0.00021733945335474783,5.603881572403129e-10,1.1207663210436388e-07,-0.003024006091575675,-14.427158141225215,-0.00013593726054541384,-0.027741615676657005,0.246389081294183,129.300535589457,129.546924670751
119,0.0595079474151134,9.260085314497586e-08,-33.16243256964974,-1.8285191659986066e-06,-33.160237045103145,-0.006486236388302673,-73.43217569983962,4.8325250355281635e-11,9.8086853095921e-08,1.677583757800521e-08,0.00034128925180504556,-0.0031843002518097967,-14.57790475637229,0.00722572030533679,88.341088911324,-0.005119812118059922,-73.29575207280466,-0.0013664242702427516,-0.13642362703495792,1.934901092822813e-08,0.00034180388221797837,-2.5731733502229193e-09,-5.146304129328093e-07,-0.003050394269625577,-14.550572844920266,-0.0001339059821842195,-0.027331911452023405,0.240673815598711,129.294872939587,129.535546755185
120,0.0600081756711006,9.401177231050636e-08,-33.44178765459126,-1.8591376138605788e-06,-33.43959845618046,-0.006509058619755196,-74.05484963955566,-5.5208922748241e-11,-1.256966582399775e-06,-2.650630346634009e-08,0.00029781901873371846,-0.003208409186366818,-14.7004283922908,0.00725684070987547,89.0886258541915,-0.0051634534051811865,-73.92050630988571,-0.0013456052145740093,-0.1343433296699459,-3.045639665327011e-08,0.00029702900735491933,3.950093186930019e-09,7.90011378799132e-07,-0.003076568485130604,-14.673513336103928,-0.00013184070123621388,-0.026915056186870956,0.23498968500644,129.289245486259,129.524235171266
121,0.0605128183960915,9.549525123024036e-08,-33.72364128277928,-1.890251881970475e-06,-33.72145596700799,-0.006531544211287646,-74.68319535053925,-2.9854621367999734e-10,-2.028041105463696e-05,-6.931986125298045e-08,-0.00024360556251149367,-0.003232655158293846,-14.823615454439006,0.0072877385205169,89.8428618025499,-0.005207495887660184,-74.55100596287764,-0.0013240483236274612,-0.1321893876616116,-7.937806522762992e-08,-0.000245617186236508,1.0058203974649477e-08,2.0116237250143232e-06,-0.003102947101236223,-14.79713113226956,-0.00012970805705762303,-0.026484322169446628,0.229256780876312,129.283567130566,129.512823911442
122,0.0610015876591206,9.672496582992715e-08,-33.99657792319933,-1.9207327510301794e-06,-33.994402587671516,-0.006552779757291809,-75.29168035962192,-7.686440182615696e-13,-7.754739566332445e-06,1.4401146543087072e-08,0.0002898732959673184,-0.003256095201153098,-14.943458259367898,0.00731717720199005,90.5733448316329,-0.005250150019654762,-75.1616309809183,-0.0013026297376370474,-0.13004937870361744,1.644125875979397e-08,0.0002902813148672988,-2.040112216706899e-09,-4.0801889998034937e-07,-0.003128505783079912,-14.91740209874761,-0.00012758941807318631,-0.026056160620287372,0.22370312421117,129.278068006039,129.50177113025
123,0.0615032836794853,9.815366651026509e-08,-34.276702958351294,-1.952540343038694e-06,-34.274477570725985,-0.0065740330349483,-75.9162675265078,2.2195972083954233e-10,8.628020363692394e-06,6.141799936113493e-08,0.0008158952349031874,-0.0032801546826378776,-15.06659543116054,0.00734692649428609,91.323130433366,-0.005293936802039913,-75.78846946853781,-0.0012800962329083876,-0.1277980579699829,6.984573180984029e-08,0.0008175807671006017,-8.427732448705362e-09,-1.685532197414361e-06,-0.0031547995146248967,-15.040991050709719,-0.00012535516801298087,-0.025604380450820585,0.218002584006172,129.272423833609,129.490426417615
124,0.0620049200952053,9.985896319089133e-08,-34.55671066276851,-1.9846665552099597e-06,-34.55447316536008,-0.0065947378806086076,-76.54084272869278,-2.1175599119829005e-10,-1.1281295139130721e-05,-5.481307666705381e-08,1.9711723862297358e-05,-0.0033041342862265345,-15.189199996760644,0.00737616940201549,92.0727444455007,-0.00533772694417185,-76.41535104621641,-0.0012570109364367574,-0.12549168247636544,-6.208663082181741e-08,1.8257025846710963e-05,7.2735541547636e-09,1.454698015586395e-06,-0.0031810623938482293,-15.164057590272225,-0.00012307189237830514,-0.0251424064884187,0.212303000735119,129.266780287027,129.479083287762
125,0.0625035837292671,1.0138505339815142e-07,-34.834968344959925,-2.016976690362274e-06,-34.83273149732482,-0.006614759175958758,-77.1615971630727,-2.680797991693011e-10,-1.2972960785674528e-05,-7.69040717970147e-08,-9.286089379981465e-05,-0.0033278875705713197,-15.31152546229196,0.00740472002999991,92.8178274465989,-0.005381253082620915,-77.03845369671347,-0.0012335060933378432,-0.12314346635922391,-8.68170840445949e-08,-9.484347766079034e-05,9.913012247580195e-09,1.9825838609756894e-06,-0.0032071347630793132,-15.286852551722738,-0.00012075280749200643,-0.024672910569222495,0.20663586363662,129.26117092371,129.467806787346
126,0.0630043670535088,1.0281225417573532e-07,-35.114459965059766,-2.050022268804301e-06,-35.1121818343985,-0.006634332246296207,-77.7851383004399,4.345594736879278e-11,5.104050563790267e-06,8.400327609239398e-09,0.0004665372617858998,-0.0033517227974922997,-15.43496341582216,0.00743292770573665,93.5663211208695,-0.005424978321863651,-77.66440762786209,-0.0012093539244325564,-0.12073067257780679,9.44641728405567e-09,0.00046674647889083213,-1.0460896748162716e-09,-2.0921710493232307e-07,-0.003233355332752336,-15.41077367270368,-0.00011836746473996382,-0.024189743118480322,0.200945944234263,129.255537062883,129.456483007118
127,0.0635053217411041,1.044412738697209e-07,-35.39385905078421,-2.083478962740784e-06,-35.39154261600099,-0.006653339266378714,-78.4086949705876,-1.925977520742187e-11,-9.497532218742514e-06,1.3053960806649245e-08,0.00040095404140706156,-0.003375468926632439,-15.557793507794281,0.00746061111573046,94.3146591640433,-0.005468708957769927,-78.29043410716606,-0.0011846303086087868,-0.11826086342153985,1.4642239851788878e-08,0.00040127169487865914,-1.5882790451396335e-09,-3.176534715975841e-07,-0.0032595365084961614,-15.534097282091379,-0.00011593241813627779,-0.02369622570290275,0.195252077712212,129.249902814627,129.445154892339
128,0.0640063434839249,1.0597945214077321e-07,-35.67334843098863,-2.1174372074438887e-06,-35.670996165293296,-0.0066718194297402614,-79.03254445003475,-1.1204917222081791e-10,-1.0905092768566339e-05,-8.303669875961184e-09,0.0002271165446012386,-0.003399176304993664,-15.680795504595414,0.00748782869397604,95.0633377578257,-0.005512463611889245,-78.91680834815088,-0.001159355817851016,-0.11573610188386851,-9.271785559752293e-09,0.00022692292382272072,9.681156837911093e-10,1.936207785178674e-07,-0.0032857327245879265,-15.65760396228589,-0.00011344358040573732,-0.023191542309524138,0.189559129765257,129.244266182184,129.433825311949
129,0.0645041540265083,1.074183875544646e-07,-35.950941025927214,-2.1517883841590598e-06,-35.94850261231888,-0.006689609564020478,-79.65216743671571,-9.956274219612629e-11,-7.889074619297576e-07,-3.1740383041991226e-08,0.0003516549873027973,-0.0034227426739886903,-15.803275024289507,0.00751438940793708,95.8069740660939,-0.005555925916039745,-79.53899570304172,-0.0011336836479807332,-0.11317173367399391,-3.533011711702966e-08,0.00035093704872330605,3.5897340750384327e-09,7.179385794912679e-07,-0.0033118333913920235,-15.780597630008476,-0.00011090928259666673,-0.02267739428103077,0.183900490636006,129.238668203354,129.42256869399
130,0.0650041848421097,1.0915362308143193e-07,-36.22982020107728,-2.186551161194233e-06,-36.22723361626291,-0.0067069540028615185,-80.27477852353714,-1.421951282389426e-10,2.9528059170804343e-06,-4.7342556096891285e-08,0.00029833744211459914,-0.0034463657491853542,-15.9252762433839,0.00754060167816998,96.5539580639226,-0.00559960112367847,-80.16423684245612,-0.0011073528791830482,-0.11054168108101692,-5.252146400824466e-08,0.0002973016722217337,5.1789079113533765e-09,1.035769892865422e-06,-0.0033380537691255025,-15.903126045926813,-0.00010831198005985167,-0.022150197457087017,0.178218319488224,129.233042925596,129.411261245084
131,0.0655051991343498,1.1079134644498614e-07,-36.50914272014253,-2.221601069954113e-06,-36.506458478342,-0.006723761125487155,-80.8984399943074,-1.6471411251198276e-10,-1.2098693208858037e-05,-2.24190596655492e-08,0.00027032000958687844,-0.0034700017347279936,-16.04726494699782,0.00756636508899196,97.3021650255305,-0.005643354123561634,-80.79058968960759,-0.0010804070019255216,-0.10785030469980939,-2.4765904255720882e-08,0.00026985064700125485,2.3468445901716827e-09,4.6936258562359267e-07,-0.003364348027770663,-16.025654585177335,-0.00010565370695733061,-0.02161036182048548,0.172523197310511,129.22740894556,129.399932142871
132,0.0660119876265526,1.121360257617273e-07,-36.79175505946713,-2.257109494845821e-06,-36.78905972865846,-0.006740217122829544,-81.52944803762529,1.3225334188434041e-11,4.184297139477153e-06,1.2437440835959823e-08,0.0006605001700562268,-0.003493872249554063,-16.170857932327895,0.00759194805477231,98.0592458674769,-0.005687625732615532,-81.42437584120373,-0.0010525913902140124,-0.10507219642155974,1.3721803258145542e-08,0.0006607570406155425,-1.2843624221857184e-09,-2.568705593157354e-07,-0.0033909616939004497,-16.149804912489454,-0.00010291055565361329,-0.021053019838440434,0.166763723187614,129.221708476543,129.388472199731
133,0.0665035098791122,1.1356213773989488e-07,-37.06579164639425,-2.2915146011195006e-06,-37.0630977462639,-0.006755626217092761,-82.14136042501902,-1.4280275747220786e-10,-2.7590542155966034e-08,-3.478118840897105e-08,0.00048620913185867424,-0.0035169851569554654,-16.289966993766374,0.00761627700680991,98.7932803498816,-0.005730561671103067,-82.03903736052453,-0.0010250645459896944,-0.10232306449448458,-3.817265698744711e-08,0.0004855308472014469,3.39146857847606e-09,6.782846572273645e-07,-0.0034167884867936783,-16.269465628549646,-0.00010019667016178705,-0.020501365216727407,0.161176547058858,129.216181218624,129.377357765683
134,0.067010410130024,1.1504254688630795e-07,-37.348450984184964,-2.327106917982509e-06,-37.34575385627069,-0.006770968736886635,-82.77251319207312,-3.797114899053837e-10,-1.9396944904531655e-05,-7.37814546587254e-08,1.7181466968716486e-05,-0.003540826854252988,-16.412195788241956,0.00764090818435875,99.5502949907001,-0.0057748504523995325,-82.67308089608774,-0.000996118284487102,-0.09943229598538039,-8.072142470541997e-08,1.5793489549404652e-05,6.9399700466945755e-09,1.387977419311834e-06,-0.003443487062496647,-16.392275405310222,-9.733979175634115e-05,-0.01992038293173337,0.155415042681852,129.210480004549,129.365895047231
135,0.0675081834197044,1.1623548330910914e-07,-37.626043134469576,-2.36216025218119e-06,-37.62337573225271,-0.006785482293922964,-83.39228351519388,-3.011317432751146e-11,4.4606063517872154e-06,1.1742726986469302e-10,0.0005226896272364017,-0.003564230589788744,-16.532684404899282,0.00766462753508868,100.293769134632,-0.005818344478083233,-83.29574527638304,-0.0009671378158397307,-0.09653823881083667,1.22121448745239e-10,0.0005226905673572168,-4.6941788805459954e-12,-9.401208150719778e-10,-0.003469752251736049,-16.513346192966942,-9.447833805269505e-05,-0.019338211932339533,0.149757012928603,129.204882115126,129.354639128054
136,0.0680002495646477,1.1783947872033621e-07,-37.90037410405164,-2.3965720112677266e-06,-37.89773144473558,-0.006799291524914795,-84.00492370851909,5.315465409047451e-11,1.4552845537378536e-05,7.3023209354877344e-09,0.0007368458144705381,-0.0035872154224642874,-16.65265618353838,0.00768755393382321,101.028780907565,-0.005861343080518866,-83.91130028175985,-0.000937948444395929,-0.09362342675923685,7.939872659755408e-09,0.000736973324495468,-6.375517242676733e-10,-1.275100249298897e-07,-0.0034956075031435238,-16.633902263518998,-9.160791932076367e-05,-0.01875392001938181,0.144163587567164,129.199348837137,129.343512424704
137,0.0685063153505325,1.1966623814153703e-07,-38.182499083344666,-2.4319018678555127e-06,-38.17986370861387,-0.006812944996284485,-84.63507846183049,-3.194552124308874e-10,-9.166052457721665e-06,-6.768409080630395e-08,0.00021714227998006303,-0.0036107294065428914,-16.77539955224426,0.0077106155592611,101.784653880056,-0.005905574665082466,-84.54450843334251,-0.0009073703312020192,-0.09057002848797424,-7.328654506769e-08,0.0002160218021609124,5.602454261386061e-09,1.1204778191506361e-06,-0.0035221202859986316,-16.7572563535995,-8.860912054425981e-05,-0.018143198644757774,0.138411341729807,129.193656921387,129.332068263117
138,0.069014698266983,1.210943082340923e-07,-38.465896123868845,-2.467923629391917e-06,-38.463281801579,-0.006826081022655835,-85.26801956178059,-1.483387142360078e-10,-1.1060809897991356e-06,-2.6692447820824185e-08,0.00035552122850197773,-0.003634356334499357,-16.89969965890843,0.00773330034332051,102.544059897372,-0.005950006028473072,-85.18057444731545,-0.0008760749941827631,-0.08744511446514025,-2.8802593517547748e-08,0.00035509920457020566,2.110145696723563e-09,4.22023931772068e-07,-0.003548819840209499,-16.882182481990835,-8.553649428985795e-05,-0.017517176917593247,0.132631779211806,129.187940865755,129.320572644967
139,0.0695119574666023,1.2248064341262855e-07,-38.74310737950054,-2.503815114642479e-06,-38.74049235966913,-0.006838389257702181,-85.88720853246618,-8.560735266657476e-11,8.668982568411704e-06,-2.0545820805543516e-08,0.0006074218440359373,-0.0036574976921059485,-17.02184382521992,0.00775505404830493,103.287026652758,-0.005993475714543912,-85.80287486939893,-0.0008449135431582693,-0.0843336630672411,-2.209410298318837e-08,0.0006071121906405126,1.548282177644854e-09,3.096533954246661e-07,-0.0035750251242790804,-17.004951148057646,-8.247256782686809e-05,-0.01689267716227505,0.126979380613193,129.182348638773,129.309328019386
140,0.0700152516365051,1.2418537043773576e-07,-39.02353844163953,-2.5402959722527066e-06,-39.020884942837306,-0.006850277267875035,-86.51380324159007,-2.525674175133385e-10,-7.594426296185291e-06,-4.516721431751302e-08,0.00037687683074459876,-0.0036807626597021173,-17.144177641673583,0.00777652357254761,104.038584153689,-0.006037469255809484,-86.43267521042057,-0.0008128080120655507,-0.08112803116949863,-4.839759998753338e-08,0.00037623076078407167,3.2303856700203627e-09,6.460699605270975e-07,-0.003601437057062566,-17.12792669754021,-7.932560263955142e-05,-0.016250944133371803,0.121257116348715,129.176690161228,129.297947277577
141,0.0705068334937096,1.256829933301282e-07,-39.29749997466425,-2.576264275699438e-06,-39.294734221910794,-0.006861362537325296,-87.12592834137688,-1.4167751637762057e-10,9.205135909460963e-07,-1.7602957279041705e-08,0.00041539483658359713,-0.0037033929118051603,-17.263750887584123,0.0077970136322225,104.772773782396,-0.0060804507469811465,-87.04798496097146,-0.00078091179034415,-0.07794338040541504,-1.8790757136054844e-08,0.000415157279321484,1.1877998570131387e-09,2.3755726211312743e-07,-0.003627189259755877,-17.24813685666176,-7.620365204928344e-05,-0.015614030922364464,0.115668912534602,129.17116227746,129.286831189995
142,0.0710001364350319,1.272549779743885e-07,-39.57229564820304,-2.613222275494389e-06,-39.56944589515631,-0.0068719339612127025,-87.74006165800348,5.400066701266276e-12,1.9735087736078927e-05,-6.455482394606486e-09,0.0007371995761609097,-0.0037261818971918988,-17.384521727154173,0.00781715515666635,105.509467097955,-0.0061235772021516754,-87.66536860374629,-0.0007483567590610271,-0.07469305425719597,-6.870274444329816e-09,0.0007371166183760125,4.147920497233302e-10,8.295778489717312e-08,-0.003653172287753356,-17.36955955110886,-7.300960943854278e-05,-0.014962176045312248,0.110059821105096,129.165616452694,129.275676273799
143,0.0715084969997406,1.2916512246316132e-07,-39.85541744536324,-2.6517100300964175e-06,-39.85250925283759,-0.006882278794917536,-88.37305159525484,-2.5007416092041304e-10,1.066641938115686e-05,-6.640229337154999e-08,0.00042138583235002124,-0.00374961095053873,-17.508410888575224,0.00783743266280678,106.268610105572,-0.006168031700530612,-88.30176398244407,-0.0007142470943869239,-0.07128761281076379,-7.047403145232674e-08,0.00042057149438462,4.071738080776755e-09,8.14337965401239e-07,-0.0036799454859663076,-17.49413148772771,-6.966546457242264e-05,-0.014279400847513557,0.10428032517666,129.159901052713,129.26418137789
144,0.0720095112919807,1.3083265755620423e-07,-40.13437829569923,-2.68983007297907e-06,-40.13144560374525,-0.00689190372368801,-88.9968123906088,-3.7610449835976884e-10,-9.032039760839767e-06,-6.461316432880045e-08,0.00016581587875407624,-0.0037725813723468,-17.630761210162596,0.00785688961383834,107.016716469883,-0.006211842047197875,-88.92893767746388,-0.0006800616764901348,-0.06787471314491711,-6.835742002532498e-08,0.00016506703700451037,3.744255696524532e-09,7.488417495658697e-07,-0.003706261632180264,-17.61716520704228,-6.631974016653615e-05,-0.013596003120316169,0.0985832206788473,129.154268175364,129.252851396042
145,0.072501502931118,1.3219707115006742e-07,-40.40834874547045,-2.7274475603711555e-06,-40.40537717497095,-0.006900823110760845,-89.60939402792978,-3.3928940812626306e-11,1.775930149040296e-05,9.339107917262202e-10,0.0008203829255199795,-0.003795042957067015,-17.751274323450243,0.00787551383139171,107.751475125957,-0.006254870993750475,-89.5449245495542,-0.0006459521170103701,-0.06446947837558525,9.809975951554876e-10,0.00082039234224909,-4.708680342926738e-11,-9.416729110562662e-09,-0.0037320576148635004,-17.738359689970356,-6.298534220351443e-05,-0.012914633479887527,0.0929892584681511,129.148737102747,129.241726361215
146,0.073009766638279,1.3391086087763215e-07,-40.691259076503165,-2.766874216646882e-06,-40.68827619993745,-0.0069094693130521455,-90.24219852401342,-1.3549864103420152e-10,1.729217661846521e-05,-2.9078182462847895e-08,0.0006894436833327019,-0.0038182550516987217,-17.87514267227052,0.00789429195699036,108.51031981259,-0.006299324589235054,-90.18130366421141,-0.0006101447238170913,-0.06089485980200493,-3.055264125405548e-08,0.000689148795371439,1.474458791207584e-09,2.948879612629709e-07,-0.0037587719930520956,-17.862943986883945,-5.9483058646626116e-05,-0.012198685386575647,0.0872095682425424,129.143023639917,129.23023320816
147,0.0735130086541176,1.3572779854485425e-07,-40.971332122994234,-2.806342258020369e-06,-40.96833093528196,-0.006917469245378871,-90.86877362915816,-3.38782529204906e-10,-9.536150373847798e-07,-5.2633966045229616e-08,0.0004150220656547616,-0.003841211804306547,-17.997708796553173,0.00791241409324966,109.261638915588,-0.006343344231277549,-90.81147447536415,-0.0005741250141013217,-0.05729915379400552,-5.5122770015374835e-08,0.00041452431185307455,2.488803970145219e-09,4.977538016870506e-07,-0.0037852514469064844,-17.986230517897145,-5.5960357400062534e-05,-0.011478278656028351,0.0814870030881139,129.137366294861,129.218853297949
148,0.0740060210227966,1.3728420703173556e-07,-41.245744452905676,-2.8454833855637134e-06,-41.24267216447792,-0.006924762257166062,-91.48261009229364,-8.054634380221792e-11,2.7575019081344204e-05,-1.9385699605360368e-08,0.0008916010371407632,-0.003863719920357162,-18.11826660203265,0.00792973341653014,109.997768056891,-0.006386472440196541,-91.42888810046271,-0.0005382898169695206,-0.053721991830926186,-2.0221889130639084e-08,0.0008914338020937274,8.361895252787165e-10,1.6723504703579015e-07,-0.003811265591734881,-18.107505585603903,-5.245432862228082e-05,-0.010761016428748604,0.0758805790392216,129.131824374199,129.207704953238
149,0.0745121240615845,1.391193458957675e-07,-41.52738621834397,-2.885834527833376e-06,-41.524213745769565,-0.00693168717667363,-92.11273882028961,-2.7110752109519005e-10,2.639459627381451e-05,-8.146127658567483e-08,0.0006113835405528589,-0.003886748078987538,-18.241187874542874,0.0079470186924913,110.753247003217,-0.006430749023820838,-92.06274525849169,-0.0005009381528527923,-0.04999356179791903,-8.471833744163677e-08,0.0006107321366228392,3.2570608559619384e-09,6.514039300196993e-07,-0.0038379449008274975,-18.231174107348494,-4.880317816004058e-05,-0.010013767194379852,0.0701249617413851,129.126135885715,129.196260847457
150,0.075008399784565,1.4090860321945162e-07,-41.803525032780975,-2.9251258169805696e-06,-41.80032441210385,-0.006937933928242626,-92.73068377493549,-4.706841945098058e-10,3.082097164779649e-06,-8.271663780529379e-08,0.0003417417719021803,-0.003909172949007533,-18.361068332785532,0.00796345207312576,111.493992528425,-0.006474173864860136,-92.6844012131562,-0.0004637600633824899,-0.04628256177927881,-8.574356859957433e-08,0.0003411363945849075,3.0269307942805447e-09,6.053773172727886e-07,-0.003863998081752082,-18.35179744916113,-4.517486725545087e-05,-0.00927088362440287,0.0644814332626993,129.12055721879,129.185038652053
151,0.0755056589841843,1.421590658698715e-07,-42.08026552113393,-2.9648754317645613e-06,-42.077071592794816,-0.006943637047204439,-93.34980403906594,-8.481651877727106e-11,2.3794662793527144e-05,9.192542871960815e-09,0.0008895344307070724,-0.003931697972021578,-18.48234609950195,0.00797949579843793,112.23641001217,-0.006517684475113871,-93.30729517083243,-0.0004259525720905679,-0.04250886823351152,9.503900936232542e-09,0.0008895967023403069,-3.1135806427172704e-10,-6.227163323446055e-08,-0.003890215209487877,-18.473831426377252,-4.148276253370135e-05,-0.008514673124697225,0.0588258932111785,129.114968031645,129.173793924856
152,0.0760037004947662,1.4366557415818544e-07,-42.357450485292745,-3.0048119026100524e-06,-42.35425290419829,-0.006948809669762425,-93.96997371712882,-1.2363983466580372e-10,3.688886221245855e-05,-2.202758008236459e-08,0.001027269796164071,-0.0039542716936942345,-18.60359165111473,0.00799513786648829,112.980024493106,-0.0065612727720788895,-93.93129912951274,-0.0003875368976835351,-0.03867458761608589,-2.271347802571527e-08,0.0010271326188594273,6.858979433506822e-10,1.3717730464372045e-07,-0.003916540276193873,-18.59584560412267,-3.773141750036159e-05,-0.00774604699206094,0.0531619817047613,129.109370052814,129.162532034519
153,0.076510064303875,1.4551316294223238e-07,-42.63918929647566,-3.045226093025281e-06,-42.63599359345627,-0.006953498157681597,-94.6004616407471,-4.695139721766229e-10,2.0344409540257657e-05,-9.737981985036967e-08,0.0005038594732635377,-0.00397712949744991,-18.72559606938724,0.00801053712134378,113.735762645759,-0.006605590114109866,-94.56574230398348,-0.0003479080435717305,-0.03471933676361516,-1.0000184607711856e-07,0.0005033350758155535,2.6220262267488905e-09,5.243974479841483e-07,-0.003943264333720656,-18.718642499935,-3.3865163729253356e-05,-0.00695356945223935,0.047402773387148,129.103679090738,129.151081864125
154,0.0770110189914703,1.4710694995807393e-07,-42.91797833327414,-3.0851066089623905e-06,-42.91482140669691,-0.0069575872913183335,-95.22430119702399,-3.804386225059491e-10,3.107280252706232e-05,-7.681140172128307e-08,0.0005950212067478549,-0.0039996581791914695,-18.846925816850547,0.00802529102351503,114.483662206214,-0.006649444043760158,-95.19355056742012,-0.00030814324755817565,-0.030750629603872426,-7.860596725226052e-08,0.0005946622993770614,1.7945655309774467e-09,3.5890737079351774e-07,-0.0039696695297164524,-18.84076713285965,-2.998864947501706e-05,-0.006158683990896918,0.041705553769134,129.098048210144,129.139753763913
155,0.0775095373392105,1.488295343861416e-07,-43.19533590132076,-3.1248900801357548e-06,-43.192243316535304,-0.006961095225526549,-95.84504471301285,-6.829448711174826e-11,5.371149003464905e-05,-1.298162879749567e-08,0.001174314011270613,-0.004022026222914042,-18.96832239843614,0.00803949945356758,115.227934019382,-0.00669308495279287,-95.81829942523036,-0.00026801027273367934,-0.026745287782489413,-1.324167169146074e-08,0.0011742620039453594,2.600428939650697e-10,5.200732525363627e-08,-0.003995948302720611,-18.962965911666394,-2.607792019343122e-05,-0.005356486769745317,0.0360351936033112,129.092445671558,129.128480865162
156,0.0780066624283791,1.5064362628794382e-07,-43.47191484155466,-3.1649239082404425e-06,-43.46885865656833,-0.006964051732039618,-96.46411041540522,-3.453480265210574e-10,3.437559794246107e-05,-5.653521480933235e-08,0.0008551491622912348,-0.004044297161016489,-19.08930958734113,0.0080532208522903,115.97014871244,-0.0067366113586996524,-96.44141396792334,-0.00022744037333996547,-0.022696447481877158,-5.751063059562605e-08,0.000854954082075379,9.754157862937006e-10,1.9508021585580224e-07,-0.0040221711383850774,-19.0847640380141,-2.212602263141142e-05,-0.004545549327030329,0.0303811072662938,129.086858332157,129.117239439423
157,0.0785114988684654,1.521987534758171e-07,-43.75277544197037,-3.2057498821737027e-06,-43.74972182350543,-0.006966485854418158,-97.09272709269794,-5.785383953602032e-10,2.1594413183362738e-05,-9.624605228631718e-08,0.0006113350986823854,-0.004066800977368892,-19.212669262263375,0.00806664773363739,116.723895725606,-0.006780813762988764,-97.0741989759966,-0.000185672091429394,-0.01852811670134713,-9.759167534949141e-08,0.000611065977824162,1.3456230631742317e-09,2.691208582233928e-07,-0.004048740996487522,-19.208958382173183,-1.8059980881370008e-05,-0.003710880090192603,0.0246386725484626,129.081185013056,129.105823685604
158,0.0790101736783981,1.5364698892544497e-07,-44.030184838756355,-3.2467540730187886e-06,-44.02711328598295,-0.0069683370842673455,-97.71369074925622,-2.2194733507550614e-10,6.276885919105895e-05,-4.759343079163586e-08,0.0012347697852792515,-0.004089028876807354,-19.334569781964056,0.00807947333943398,117.468441852505,-0.006824481607123567,-97.69933567715279,-0.0001438554771437785,-0.014355072103427347,-4.8106446842653255e-08,0.0012346671831565655,5.130160510173944e-10,1.026021226860005e-07,-0.004075038881526211,-19.331694679933676,-1.3989995281142933e-05,-0.0028751020303801056,0.0189663891142118,129.075581282377,129.094547671491
159,0.0795134752988815,1.556324027418007e-07,-44.310050774703534,-3.288630061912952e-06,-44.306885108116106,-0.006969642826888815,-98.34040535598378,-3.972958734745563e-10,5.7102183629715664e-05,-8.33649547001181e-08,0.0011075396411938413,-0.004111392187284927,-19.456587220298985,0.0080919390567607,118.219604045652,-0.006868558063635919,-98.33031842869202,-0.0001010847632528962,-0.01008692729175209,-8.398492710070673e-08,0.001107415647963378,6.199724005886344e-10,1.2399323046324677e-07,-0.004101563351863207,-19.454566927399082,-9.828835421720437e-06,-0.002020292899903353,0.0132410711485136,129.069925457239,129.083166528388
160,0.0800008177757263,1.575620709512967e-07,-44.5810187675343,-3.329749144998152e-06,-44.57767423364345,-0.006970368956289385,-98.94724331141244,-4.719860161897598e-10,4.3749484221061296e-05,-7.147675163873784e-08,0.000941009533563217,-0.00413302214556636,-19.57436932287534,0.00810357492466807,118.946833369517,-0.0069112394715746634,-98.94134304397714,-5.9129484714721264e-05,-0.005900267435293927,-7.179024941536589e-08,0.000940946834438038,3.1349777662804563e-10,6.269912517897335e-08,-0.004127273935054917,-19.573187589951033,-5.748210511443211e-06,-0.001181732924308676,0.00769709753149073,129.06444939971,129.072146497241
161,0.0805063620209694,1.5907197834812748e-07,-44.8620829458004,-3.373245534761902e-06,-44.85868236699547,-0.006970564670618707,-99.57673771544705,-2.8401262719304744e-10,7.645317987564301e-05,-6.136294546788226e-08,0.0013348599393865365,-0.004155517648117241,-19.69763032517225,0.00811523937779696,119.701425247173,-0.006955518787740458,-99.57523637316152,-1.5045882878248797e-05,-0.0015013422855361114,-6.142301100263691e-08,0.0013348479259309965,6.00655347546498e-11,1.2013455540039672e-08,-0.004154055588183066,-19.69732969685912,-1.4620599341754956e-06,-0.0003006283131270493,0.00194599878022927,129.058768808842,129.060714807622
162,0.0810132697224617,1.6081586772818294e-07,-45.143785561080186,-3.4169602015958445e-06,-45.14037134696748,-0.006999713464300015,-100.20792342111758,-6.065184698425951e-10,6.907073041504254e-05,-1.3494672201167682e-07,0.0009186353195421514,-0.004180697902287695,-19.8202890217083,0.00815317332406134,120.45781948156,-0.006999713464300015,-100.20792342111758,0.0,0.0,-1.3494672201167682e-07,0.0009186353195421514,0.0,0.0,-0.004180697902287695,-19.8202890217083,0.0,0.0,0.0,129.053073495626,129.053073495626
163,0.0815033093094826,1.6249844849660058e-07,-45.41612440353141,-3.4592448167993084e-06,-45.41262572516167,-0.007042339102263113,-100.81813909810249,-6.073078066720014e-10,5.7734398641431104e-05,-8.762946781559667e-08,0.0008535266262464517,-0.004206318047026763,-19.938980962533947,0.00820290579882927,121.189071557014,-0.007042339102263113,-100.81813909810249,0.0,0.0,-8.762946781559667e-08,0.0008535266262464517,0.0,0.0,-0.004206318047026763,-19.938980962533947,0.0,0.0,0.0,129.04756706953,129.04756706953
164,0.0820106938481331,1.6403052331934477e-07,-45.698099178765666,-3.503653169428769e-06,-45.69449875765084,-0.007086469431889413,-101.44990193819088,-1.386675914984564e-10,9.848061305699663e-05,-4.8970016939683475e-09,0.001495953455210439,-0.0042329336708469565,-20.06288179421444,0.00825444054878394,121.946321456082,-0.007086469431889413,-101.44990193819088,0.0,0.0,-4.8970016939683475e-09,0.001495953455210439,0.0,0.0,-0.0042329336708469565,-20.06288179421444,0.0,0.0,0.0,129.041866719723,129.041866719723
165,0.0825154334306717,1.660400941977648e-07,-45.978483622534995,-3.5480995549391e-06,-45.9748466711791,-0.007130373931218268,-102.07842617755182,-2.5776568142126733e-10,0.00011125242083578619,-5.39690651366253e-08,0.0014768806237678974,-0.004259420452707067,-20.185354470254804,0.00830571535819937,122.699474778156,-0.007130373931218268,-102.07842617755182,0.0,0.0,-5.39690651366253e-08,0.0014768806237678974,0.0,0.0,-0.004259420452707067,-20.185354470254804,0.0,0.0,0.0,129.036195993423,129.036195993423
166,0.083005964756012,1.6809007962525716e-07,-46.25090882725906,-3.591530674609853e-06,-46.247255963398146,-0.007173039399598528,-102.68921719665549,-8.243371724482859e-10,8.182781162486402e-05,-1.6481242803121218e-07,0.0007546512730230206,-0.00428516705204338,-20.30407641503592,0.00835554689093548,123.431301133858,-0.007173039399598528,-102.68921719665549,0.0,0.0,-1.6481242803121218e-07,0.0007546512730230206,0.0,0.0,-0.00428516705204338,-20.30407641503592,0.0,0.0,0.0,129.030685484409,129.030685484409
167,0.0835139900445938,1.6969449728865688e-07,-46.533174265051294,-3.6366529325423906e-06,-46.529430102686035,-0.007217230381065458,-103.3218473938649,-6.303312969261524e-10,0.00010378313261940589,-1.1685049442155208e-07,0.0010269827596680174,-0.004311819247472892,-20.42756375827523,0.00840715248249651,124.189426618804,-0.007217230381065458,-103.3218473938649,0.0,0.0,-1.1685049442155208e-07,0.0010269827596680174,0.0,0.0,-0.004311819247472892,-20.42756375827523,0.0,0.0,0.0,129.024978160858,129.024978160858
168,0.0840010941028595,1.712374255756495e-07,-46.80376953575159,-3.6800710525165835e-06,-46.79995157481245,-0.007259598557115666,-103.92838280783162,-2.2482607993074994e-10,0.00013430320664720272,-2.5699448045452775e-08,0.0017197417367143268,-0.0043373752771404175,-20.5458293830481,0.00845663107142144,124.916244625047,-0.007259598557115666,-103.92838280783162,0.0,0.0,-2.5699448045452775e-08,0.0017197417367143268,0.0,0.0,-0.0043373752771404175,-20.5458293830481,0.0,0.0,0.0,129.019506335258,129.019506335258
169,0.0845064967870712,1.7302842642091636e-07,-47.08449196683041,-3.7252475439150282e-06,-47.080626489452,-0.007303561860719645,-104.5577604332628,-5.52855176789797e-10,0.00011584996183499783,-8.099807475564884e-08,0.0012868978505471032,-0.004363888655398954,-20.667692720191084,0.00850797002604307,125.670257281821,-0.007303561860719645,-104.5577604332628,0.0,0.0,-8.099807475564884e-08,0.0012868978505471032,0.0,0.0,-0.004363888655398954,-20.667692720191084,0.0,0.0,0.0,129.013828396797,129.013828396797
170,0.0850152373313904,1.7473797169957935e-07,-47.36706945778254,-3.7707578188774135e-06,-47.36315356807649,-0.007347815189648827,-105.19128411117191,-6.177389289276893e-10,0.00012676349868272208,-1.0147890698631072e-07,0.0011112782942320212,-0.004390573514937143,-20.79089843017771,0.0085596459103603,126.429329258182,-0.007347815189648827,-105.19128411117191,0.0,0.0,-1.0147890698631072e-07,0.0011112782942320212,0.0,0.0,-0.004390573514937143,-20.79089843017771,0.0,0.0,0.0,129.008113533258,129.008113533258
171,0.085509829223156,1.764742519936398e-07,-47.641747296356606,-3.8155788938006426e-06,-47.63785944765,-0.007390837249395827,-105.80718524754069,-3.8476597641759656e-10,0.0001727609718920962,-8.566121828451838e-08,0.0014904876128978106,-0.004416649002118619,-20.911479574331878,0.00860995227931582,127.167417872859,-0.007390837249395827,-105.80718524754069,0.0,0.0,-8.566121828451838e-08,0.0014904876128978106,0.0,0.0,-0.004416649002118619,-20.911479574331878,0.0,0.0,0.0,129.002558261156,129.002558261156
172,0.0860046893358231,1.7859127047285878e-07,-47.91652363381638,-3.859904152256791e-06,-47.912612584106746,-0.007433885596137165,-106.42345241628347,-6.236234558999164e-10,0.00016024323355080697,-1.130717764302592e-07,0.0011368712230361657,-0.004442583780505628,-21.030801629333343,0.00866020904174996,127.905658688255,-0.007433885596137165,-106.42345241628347,0.0,0.0,-1.130717764302592e-07,0.0011368712230361657,0.0,0.0,-0.004442583780505628,-21.030801629333343,0.0,0.0,0.0,128.996999561787,128.996999561787
173,0.0865091383457184,1.803554784518962e-07,-48.19665403690908,-3.905118040400361e-06,-48.19274938015615,-0.007477767534523057,-107.05165955797767,-5.93941626783711e-10,0.00015269961191800136,-7.085066899731037e-08,0.0011094243383507362,-0.004468991495610254,-21.152839107636062,0.00871142396946096,128.658303155517,-0.007477767534523057,-107.05165955797767,0.0,0.0,-7.085066899731037e-08,0.0011094243383507362,0.0,0.0,-0.004468991495610254,-21.152839107636062,0.0,0.0,0.0,128.991333067417,128.991333067417
174,0.0870030522346497,1.8168313992802642e-07,-48.47099289325257,-3.950138266959375e-06,-48.46709450013211,-0.007520732681775868,-107.66674728206964,-3.4613376350015823e-10,0.00019765544527982346,-5.976305936880892e-08,0.0015869687366001973,-0.004494988414280208,-21.27358427176295,0.00876164120216172,129.395480067771,-0.007520732681775868,-107.66674728206964,0.0,0.0,-5.976305936880892e-08,0.0015869687366001973,0.0,0.0,-0.004494988414280208,-21.27358427176295,0.0,0.0,0.0,128.985785752535,128.985785752535
175,0.0875113531947136,1.8365137495938963e-07,-48.75319319807898,-3.9964009809136615e-06,-48.749267490529164,-0.0075649504622274395,-108.2997556096708,-7.149941648077736e-10,0.00019140389898690828,-1.3408796468888182e-07,0.001151046209622104,-0.004521645271422226,-21.396345414498054,0.00881327223450285,130.153776708342,-0.0075649504622274395,-108.2997556096708,0.0,0.0,-1.3408796468888182e-07,0.001151046209622104,0.0,0.0,-0.004521645271422226,-21.396345414498054,0.0,0.0,0.0,128.980076879263,128.980076879263
176,0.0880022719502449,1.8556473693472587e-07,-49.02570701873041,-4.041682752929778e-06,-49.021754127209235,-0.007607656744134605,-108.91113455094029,-7.261614436277351e-10,0.00019046041643239577,-1.0265842058760352e-07,0.0011053634882660012,-0.004547432584946618,-21.51516796783352,0.0088631597430817,130.88617195682,-0.007607656744134605,-108.91113455094029,0.0,0.0,-1.0265842058760352e-07,0.0011053634882660012,0.0,0.0,-0.004547432584946618,-21.51516796783352,0.0,0.0,0.0,128.974562704563,128.974562704563
177,0.0885124132037163,1.872744427484195e-07,-49.308857747219,-4.089327595415826e-06,-49.304873028041364,-0.007652031894737898,-109.5464048147412,-2.880651898390043e-10,0.0002469447239842902,-4.6016872607821387e-08,0.0018058553078827947,-0.00457424680881171,-21.639224125362723,0.00891500660380012,131.647274140226,-0.007652031894737898,-109.5464048147412,0.0,0.0,-4.6016872607821387e-08,0.0018058553078827947,0.0,0.0,-0.00457424680881171,-21.639224125362723,0.0,0.0,0.0,128.968833684921,128.968833684921
178,0.0890042558312416,1.8932131106598902e-07,-49.581768227403366,-4.135634419437057e-06,-49.57767361190401,-0.007694818602595179,-110.15892483058123,-5.891626015279276e-10,0.00024399039836198893,-1.1237028071457791e-07,0.001410798062928848,-0.004600050501522499,-21.757982305625774,0.00896497156132379,132.380874665549,-0.007694818602595179,-110.15892483058123,0.0,0.0,-1.1237028071457791e-07,0.001410798062928848,0.0,0.0,-0.004600050501522499,-21.757982305625774,0.0,0.0,0.0,128.963310033083,128.963310033083
179,0.0895150750875473,1.912505031803791e-07,-49.86519607978518,-4.184385707555614e-06,-49.86093213901494,-0.007739252871735557,-110.79504017387674,-8.971742798691824e-10,0.00021960985677466614,-1.374107674135786e-07,0.0009469961716218867,-0.004626876425918102,-21.88168825563393,0.00901687518145431,133.142778785932,-0.007739252871735557,-110.79504017387674,0.0,0.0,-1.374107674135786e-07,0.0009469961716218867,0.0,0.0,-0.004626876425918102,-21.88168825563393,0.0,0.0,0.0,128.957573831081,128.957573831081
180,0.0900082811713219,1.92717221354786e-07,-50.138824349275744,-4.2319634410206356e-06,-50.13448494112581,-0.007782154729544286,-111.40922734751675,-5.190027773877288e-10,0.00026605227815251005,-7.326790001344773e-08,0.0014472962997235566,-0.0046527914973713575,-22.001709269294405,0.00906699613458629,133.878524934159,-0.007782154729544286,-111.40922734751675,0.0,0.0,-7.326790001344773e-08,0.0014472962997235566,0.0,0.0,-0.0046527914973713575,-22.001709269294405,0.0,0.0,0.0,128.952035427094,128.952035427094
181,0.0905026495456696,1.945115720124245e-07,-50.413001895942934,-4.280132609749922e-06,-50.40858231703314,-0.007825157481396068,-112.0248456676979,-4.2394922511132045e-10,0.00029844463547744576,-6.90470608662764e-08,0.0017433595716574092,-0.0046788009705061645,-22.12157755261381,0.00911725213495798,134.615846670404,-0.007825157481396068,-112.0248456676979,0.0,0.0,-6.90470608662764e-08,0.0017433595716574092,0.0,0.0,-0.0046788009705061645,-22.12157755261381,0.0,0.0,0.0,128.946484267712,128.946484267712
182,0.091012142598629,1.9663923743372897e-07,-50.69550154762664,-4.3297444778689776e-06,-50.690983657090115,-0.007869477345538996,-112.65933100740209,-7.234054795942404e-10,0.0002879975897125604,-1.1254584475412704e-07,0.0012561466861568669,-0.004705527319558052,-22.243850852004087,0.00916900648080696,135.37549064255,-0.007869477345538996,-112.65933100740209,0.0,0.0,-1.1254584475412704e-07,0.0012561466861568669,0.0,0.0,-0.004705527319558052,-22.243850852004087,0.0,0.0,0.0,128.940763533115,128.940763533115
183,0.0915072411298752,1.9841856257513418e-07,-50.9700124010006,-4.378382253280209e-06,-50.965484656381854,-0.007912545769727056,-113.2758954658699,-6.838581533565575e-10,0.0003107862690941718,-1.1081372573251196e-07,0.0013852451918241126,-0.0047315783642715515,-22.363331358863118,0.00921934019315642,136.113812214244,-0.007912545769727056,-113.2758954658699,0.0,0.0,-1.1081372573251196e-07,0.0013852451918241126,0.0,0.0,-0.0047315783642715515,-22.363331358863118,0.0,0.0,0.0,128.935203880072,128.935203880072
184,0.0920152068138123,2.0022803133224983e-07,-51.25166489767857,-4.428863097625704e-06,-51.247122864497676,-0.007956732610538232,-113.90847046518772,-5.034005815769316e-10,0.00034904763016612545,-9.227076079287892e-08,0.0017369908628014125,-0.004758421541606579,-22.48680265054364,0.0092710403443552,136.87146049113,-0.007956732610538232,-113.90847046518772,0.0,0.0,-9.227076079287892e-08,0.0017369908628014125,0.0,0.0,-0.004758421541606579,-22.48680265054364,0.0,0.0,0.0,128.929500937462,128.929500937462
185,0.0925068259239197,2.0222428520878115e-07,-51.52420475167164,-4.476922139342396e-06,-51.51962620429395,-0.007999499716834666,-114.52072866958726,-8.887390694768403e-10,0.00032869416217529536,-1.339369312899681e-07,0.0010856593419512385,-0.004784185292377857,-22.60497842554338,0.00932096801480988,137.604498129391,-0.007999499716834666,-114.52072866958726,0.0,0.0,-1.339369312899681e-07,0.0010856593419512385,0.0,0.0,-0.004784185292377857,-22.60497842554338,0.0,0.0,0.0,128.923980861902,128.923980861902
186,0.0930004119873047,2.0380321826989904e-07,-51.797882517894124,-4.525373434329409e-06,-51.79328883457796,-0.008042437651555665,-115.13541686184762,-7.165409529726083e-10,0.0003457760702867774,-8.728616266154415e-08,0.0012427927702399508,-0.0048100713266754445,-22.724481466915517,0.00937110506157226,138.340636391464,-0.008042437651555665,-115.13541686184762,0.0,0.0,-8.728616266154415e-08,0.0012427927702399508,0.0,0.0,-0.0048100713266754445,-22.724481466915517,0.0,0.0,0.0,128.918439358473,128.918439358473
187,0.0935115292668343,2.0546329683858383e-07,-52.08126412482353,-4.576184916089094e-06,-52.07668363391079,-0.008086901099916216,-115.77195806513538,-1.920321698394659e-10,0.00041961019456468246,-2.880349720526819e-08,0.001986198630180657,-0.004836999237924986,-22.848789024298704,0.00942308611931496,139.103028325696,-0.008086901099916216,-115.77195806513538,0.0,0.0,-2.880349720526819e-08,0.001986198630180657,0.0,0.0,-0.004836999237924986,-22.848789024298704,0.0,0.0,0.0,128.912700712681,128.912700712681
188,0.0940054655075073,2.0772807070811413e-07,-52.355024206846,-4.625214748650155e-06,-52.350376851026525,-0.00812987049791946,-116.38710334939046,-9.100933934768235e-10,0.00039651604348599375,-1.5746245110904282e-07,0.0012883391815177623,-0.00486297726438554,-22.967612404970357,0.0094732974009808,139.839477843732,-0.00812987049791946,-116.38710334939046,0.0,0.0,-1.5746245110904282e-07,0.0012883391815177623,0.0,0.0,-0.00486297726438554,-22.967612404970357,0.0,0.0,0.0,128.907155632973,128.907155632973
189,0.0945002660155296,2.0967639309926713e-07,-52.629301565792126,-4.674766886512195e-06,-52.62462030844069,-0.008172916240230426,-117.00334240932182,-9.378728501240439e-10,0.0003995644911019842,-1.3751510297613337e-07,0.0012340514157911445,-0.004889061631534645,-23.087156765863153,0.00952362879490204,140.577355893749,-0.008172916240230426,-117.00334240932182,0.0,0.0,-1.3751510297613337e-07,0.0012340514157911445,0.0,0.0,-0.004889061631534645,-23.087156765863153,0.0,0.0,0.0,128.901600748301,128.901600748301
190,0.0950104668736458,2.1132804973195682e-07,-52.912143721107235,-4.725649218200985e-06,-52.907433571391586,-0.008217301637464598,-117.63876623374213,-4.2961032507103313e-10,0.0004653924163173725,-6.685796007913163e-08,0.0018159283050176599,-0.004915876665275952,-23.21055865672831,0.00957548494699737,141.338249734256,-0.008217301637464598,-117.63876623374213,0.0,0.0,-6.685796007913163e-08,0.0018159283050176599,0.0,0.0,-0.004915876665275952,-23.21055865672831,0.0,0.0,0.0,128.895873427391,128.895873427391
191,0.0955044701695442,2.1326100300730045e-07,-53.185943446450075,-4.775053173168344e-06,-53.18118879713321,-0.0082602790831017,-118.25402749236773,-8.161351510145665e-10,0.0004532596169640197,-1.204917806306662e-07,0.0013176216105564042,-0.004941822951156743,-23.329693052008405,0.00962568685717746,142.074885254831,-0.0082602790831017,-118.25402749236773,0.0,0.0,-1.204917806306662e-07,0.0013176216105564042,0.0,0.0,-0.004941822951156743,-23.329693052008405,0.0,0.0,0.0,128.890327632427,128.890327632427
192,0.096000038087368,2.150332623570929e-07,-53.46061791039212,-4.825004933883657e-06,-53.45582254368872,-0.008303391812854633,-118.87122717108035,-8.173738478715742e-10,0.00046075668268194645,-9.72685604779559e-08,0.0013689959648395143,-0.00496790884594136,-23.449695786883375,0.00967607654143649,142.81393319605,-0.008303391812854633,-118.87122717108035,0.0,0.0,-9.72685604779559e-08,0.0013689959648395143,0.0,0.0,-0.00496790884594136,-23.449695786883375,0.0,0.0,0.0,128.884764760733,128.884764760733
193,0.0965100154280663,2.166661640743126e-07,-53.74326764646456,-4.8766921450003016e-06,-53.7384701699435,-0.008347759480528379,-119.5063988133417,-4.854543478308801e-10,0.0005239391606390978,-7.489422348079858e-08,0.0016673997801413126,-0.0049947580264244965,-23.57322420461389,0.00972793502866684,143.574504189688,-0.008347759480528379,-119.5063988133417,0.0,0.0,-7.489422348079858e-08,0.0016673997801413126,0.0,0.0,-0.0049947580264244965,-23.57322420461389,0.0,0.0,0.0,128.879040032625,128.879040032625
194,0.0970063284039497,2.1877137362326209e-07,-54.01824075503049,-4.927524911148588e-06,-54.013384727428985,-0.008390936955462296,-120.12453006943613,-6.18396895897439e-10,0.0005472035068144471,-1.1114603556130491e-07,0.0015851860686935154,-0.0050209267712566725,-23.692990107551175,0.00977842282648799,144.314505755428,-0.008390936955462296,-120.12453006943613,0.0,0.0,-1.1114603556130491e-07,0.0015851860686935154,0.0,0.0,-0.0050209267712566725,-23.692990107551175,0.0,0.0,0.0,128.873469084501,128.873469084501
195,0.097501628100872,2.2103173562342494e-07,-54.29257112790202,-4.978213174096819e-06,-54.287662495470194,-0.008434028866306084,-120.74142602691367,-9.728905245211337e-10,0.0005303840888556682,-1.4396201341439898e-07,0.0011666971690023939,-0.005046929994515611,-23.811719751972664,0.00982875221680825,145.052830158884,-0.008434028866306084,-120.74142602691367,0.0,0.0,-1.4396201341439898e-07,0.0011666971690023939,0.0,0.0,-0.005046929994515611,-23.811719751972664,0.0,0.0,0.0,128.867909550667,128.867909550667
196,0.0980124920606613,2.2274649241439913e-07,-54.57556259279341,-5.031376462166474e-06,-54.5706044088435,-0.00847847222145542,-121.37767791112849,-7.644606849364578e-10,0.0005619191801380195,-9.712196133857329e-08,0.0014167453445077716,-0.005073833762364457,-23.935465411055603,0.00988070370125018,145.81457437352,-0.00847847222145542,-121.37767791112849,0.0,0.0,-9.712196133857329e-08,0.0014167453445077716,0.0,0.0,-0.005073833762364457,-23.935465411055603,0.0,0.0,0.0,128.86217585206,128.86217585206
197,0.0985100641846657,2.2440037759099978e-07,-54.85117454395165,-5.083994426061804e-06,-54.84608763115411,-0.008521758063480808,-121.99736414616903,-3.5626431805393806e-10,0.0006185511153581146,-3.741532612280936e-08,0.0019011836013397313,-0.005100110570609752,-24.05624081399638,0.00993134000141473,146.556488297197,-0.008521758063480808,-121.99736414616903,0.0,0.0,-3.741532612280936e-08,0.0019011836013397313,0.0,0.0,-0.005100110570609752,-24.05624081399638,0.0,0.0,0.0,128.856591701508,128.856591701508
198,0.0990047082304955,2.2638514927435652e-07,-55.12505080427388,-5.136082777782483e-06,-55.11981226186708,-0.00856479086616393,-122.61341884614248,-1.08234148410374e-09,0.0005983650118681222,-1.640708476757244e-07,0.0010102148327331617,-0.005126062399870689,-24.174843017564033,0.0099815922961224,147.293714894422,-0.00856479086616393,-122.61341884614248,0.0,0.0,-1.640708476757244e-07,0.0010102148327331617,0.0,0.0,-0.005126062399870689,-24.174843017564033,0.0,0.0,0.0,128.851040363312,128.851040363312
199,0.0995004698634148,2.2816368929587188e-07,-55.399490365629816,-5.189209680381176e-06,-55.39418975109142,-0.008607918544851424,-123.23084037615067,-7.610756278200215e-10,0.0006408863204385586,-1.0599987090165988e-07,0.001375391828606013,-0.005152195801007927,-24.294628609664837,0.0100320192502762,148.032728787751,-0.008607918544851424,-123.23084037615067,0.0,0.0,-1.0599987090165988e-07,0.001375391828606013,0.0,0.0,-0.005152195801007927,-24.294628609664837,0.0,0.0,0.0,128.845476746559,128.845476746559
200,0.10001065582037,2.3014191876873777e-07,-55.68185891438509,-5.244389756883872e-06,-55.676509726769645,-0.008652302414084719,-123.86625134220962,-1.58039474548511e-10,0.0007186349240446997,-2.605593123723145e-08,0.002055782559152168,-0.005179134418883524,-24.417737762524084,0.0100839376213317,148.793203108442,-0.008652302414084719,-123.86625134220962,0.0,0.0,-2.605593123723145e-08,0.002055782559152168,0.0,0.0,-0.005179134418883524,-24.417737762524084,0.0,0.0,0.0,128.839751601219,128.839751601219
201,0.100506141781807,2.3252271093688253e-07,-55.95600275581985,-5.2978039958364075e-06,-55.95056309322118,-0.008695407858353993,-124.4833494262361,-1.067713509800204e-09,0.0006743241441350716,-1.5857906670622784e-07,0.0010315225665444216,-0.005205210498311664,-24.536390773469613,0.0101343160746446,149.531530163171,-0.008695407858353993,-124.4833494262361,0.0,0.0,-1.5857906670622784e-07,0.0010315225665444216,0.0,0.0,-0.005205210498311664,-24.536390773469613,0.0,0.0,0.0,128.834190994501,128.834190994501
202,0.101002015173435,2.342263631019611e-07,-56.230455122214174,-5.351670207361069e-06,-56.22496562218605,-0.008738547267719063,-125.1009357144215,-8.738678302497048e-10,0.0006977726477291911,-1.0302945822869978e-07,0.0011821622313510532,-0.005231371473221551,-24.656326287979134,0.0101847672799553,150.270720325002,-0.008738547267719063,-125.1009357144215,0.0,0.0,-1.0302945822869978e-07,0.0011821622313510532,0.0,0.0,-0.005231371473221551,-24.656326287979134,0.0,0.0,0.0,128.828626692295,128.828626692295
203,0.101514413952827,2.3576568446149244e-07,-56.51406262685759,-5.407128043041321e-06,-56.50855069301866,-0.008783124502751337,-125.7391126865433,-5.751124881640212e-10,0.0007674103078277533,-8.841843035609606e-08,0.0014785645421190544,-0.005258347352652044,-24.780209828573597,0.0102368707236348,151.034561730553,-0.008783124502751337,-125.7391126865433,0.0,0.0,-8.841843035609606e-08,0.0014785645421190544,0.0,0.0,-0.005258347352652044,-24.780209828573597,0.0,0.0,0.0,128.822877407074,128.822877407074
204,0.102011144161224,2.378066894999365e-07,-56.78892297668478,-5.460938931347433e-06,-56.78335895525653,-0.008826340883414888,-126.35780084194342,-7.57272670056706e-10,0.0007744221700059739,-1.0475740306918395e-07,0.0013184596723371704,-0.005284489921583254,-24.899677385840096,0.0102873785295836,151.774897123874,-0.008826340883414888,-126.35780084194342,0.0,0.0,-1.0475740306918395e-07,0.0013184596723371704,0.0,0.0,-0.005284489921583254,-24.899677385840096,0.0,0.0,0.0,128.817303270102,128.817303270102
205,0.102506630122662,2.3984958903821226e-07,-57.0630647433885,-5.514899290237006e-06,-57.05749964573405,-0.008869449090975048,-126.9749407286696,-5.293933278700828e-10,0.000803437428798471,-4.453149987402045e-08,0.0015127542889717635,-0.005310622874259003,-25.01890783993963,0.0103377885915522,152.513386131243,-0.008869449090975048,-126.9749407286696,0.0,0.0,-4.453149987402045e-08,0.0015127542889717635,0.0,0.0,-0.005310622874259003,-25.01890783993963,0.0,0.0,0.0,128.811743617058,128.811743617058
206,0.103001177310944,2.417851000728257e-07,-57.33671316317614,-5.568971014611782e-06,-57.33110452838337,-0.00891247601034272,-127.59091360497005,-7.796324789463787e-10,0.0008434881891993145,-1.303704869074166e-07,0.0013101723432334467,-0.005336715660290219,-25.138338997143208,0.010388108286046,153.250551540003,-0.00891247601034272,-127.59091360497005,0.0,0.0,-1.303704869074166e-07,0.0013101723432334467,0.0,0.0,-0.005336715660290219,-25.138338997143208,0.0,0.0,0.0,128.806194633245,128.806194633245
207,0.10351388156414,2.440235874212577e-07,-57.620338271952804,-5.62530955480737e-06,-57.61470201316279,-0.008957082494006835,-128.22951213985903,-8.016915041856915e-10,0.0008647150467092155,-1.2698040316643686e-07,0.0013236391988372597,-0.005363787464576476,-25.261917296681656,0.0104402861306274,154.014705539017,-0.008957082494006835,-128.22951213985903,0.0,0.0,-1.2698040316643686e-07,0.0013236391988372597,0.0,0.0,-0.005363787464576476,-25.261917296681656,0.0,0.0,0.0,128.800442457199,128.800442457199
208,0.104009822010994,2.459357535307235e-07,-57.89470366235063,-5.6793784204445435e-06,-57.88903676419741,-0.009000232590455251,-128.84724131094936,-1.039511989127455e-09,0.0008505628476273916,-1.2229191375848272e-07,0.0009286659707814433,-0.00538983108095741,-25.380989549204198,0.0104906862546893,154.753815833932,-0.009000232590455251,-128.84724131094936,0.0,0.0,-1.2229191375848272e-07,0.0009286659707814433,0.0,0.0,-0.00538983108095741,-25.380989549204198,0.0,0.0,0.0,128.7948782444,128.7948782444
209,0.10450654476881,2.4735639060963073e-07,-58.16957037021321,-5.734297871435492e-06,-58.1638559521466,-0.009043448290633931,-129.46592878036526,-4.917551119119518e-10,0.0009192017353807975,-3.606715819391511e-08,0.0015481153536972133,-0.0054160204556563014,-25.501437359421644,0.0105412175533055,155.494318487455,-0.009043448290633931,-129.46592878036526,0.0,0.0,-3.606715819391511e-08,0.0015481153536972133,0.0,0.0,-0.0054160204556563014,-25.501437359421644,0.0,0.0,0.0,128.789305150509,128.789305150509
210,0.10500355809927,2.4926170392670093e-07,-58.44449480312126,-5.789762175632722e-06,-58.43872446909503,-0.009086690833466431,-130.084998884391,-2.5422923531229446e-10,0.000987498314820973,-3.4472712298320724e-08,0.0019175711871271463,-0.005442280054025671,-25.621512672074616,0.0105918079700358,156.235118783763,-0.009086690833466431,-130.084998884391,0.0,0.0,-3.4472712298320724e-08,0.0019175711871271463,0.0,0.0,-0.005442280054025671,-25.621512672074616,0.0,0.0,0.0,128.783729165792,128.783729165792
211,0.105500444769859,2.5170391018243396e-07,-58.719228306086485,-5.845045421875903e-06,-58.713354938445484,-0.009129922966758275,-130.70391461016553,-1.3664593600027317e-09,0.0009457111653694978,-2.1434930526117184e-07,0.0007003461550078942,-0.005468419150012785,-25.74020595266871,0.0106423275486627,156.975403548716,-0.009129922966758275,-130.70391461016553,0.0,0.0,-2.1434930526117184e-07,0.0007003461550078942,0.0,0.0,-0.005468419150012785,-25.74020595266871,0.0,0.0,0.0,128.778154909611,128.778154909611
212,0.106013484299183,2.5368758021660665e-07,-59.002947369146625,-5.9031318670054955e-06,-58.99699680890152,-0.009174559766510262,-131.34294858988767,-6.93056175675202e-10,0.0010066705056637165,-8.71538109252803e-08,0.0013904205448007035,-0.005495558088699905,-25.86408188440485,0.0106945659348317,157.740021268135,-0.009174559766510262,-131.34294858988767,0.0,0.0,-8.71538109252803e-08,0.0013904205448007035,0.0,0.0,-0.005495558088699905,-25.86408188440485,0.0,0.0,0.0,128.772399693727,128.772399693727
213,0.106508404016495,2.555127527832041e-07,-59.2766278220889,-5.959336624205577e-06,-59.270578241500345,-0.009217620107587556,-131.95940643760298,-3.704038108335372e-10,0.001063981134841393,-4.307604614491907e-08,0.0017103075260836366,-0.005521691102018661,-25.983281756701626,0.0107449350232912,158.477556560259,-0.009217620107587556,-131.95940643760298,0.0,0.0,-4.307604614491907e-08,0.0017103075260836366,0.0,0.0,-0.005521691102018661,-25.983281756701626,0.0,0.0,0.0,128.766848146915,128.766848146915
214,0.107004754245281,2.5751394110065365e-07,-59.55096630189654,-6.015553594088354e-06,-59.54489718745611,-0.009260804908309148,-132.5776510275967,-1.1229505772986521e-09,0.0010313963845079148,-1.358761637626874e-07,0.0008911188640218136,-0.005547783081666218,-26.102031926113956,0.0107953898004031,159.217027962085,-0.009260804908309148,-132.5776510275967,0.0,0.0,-1.358761637626874e-07,0.0008911188640218136,0.0,0.0,-0.005547783081666218,-26.102031926113956,0.0,0.0,0.0,128.761280030012,128.761280030012
215,0.107514180243015,2.591219955603246e-07,-59.832591904388295,-6.074413629116933e-06,-59.826466751834744,-0.00930512632810247,-133.21216889657865,-5.605333910327908e-10,0.0010928950536478583,-4.1269585758490504e-08,0.0014494020840883043,-0.005574714100471408,-26.225065545472262,0.0108472508153582,159.976189435477,-0.00930512632810247,-133.21216889657865,0.0,0.0,-4.1269585758490504e-08,0.0014494020840883043,0.0,0.0,-0.005574714100471408,-26.225065545472262,0.0,0.0,0.0,128.755565851927,128.755565851927
216,0.108009286224842,2.609352976015705e-07,-60.1062052979889,-6.131956879785018e-06,-60.10000862427668,-0.009348201390896215,-133.82884462453677,-6.383480517724857e-10,0.001159741193081351,-1.1818350994696101e-07,0.0013710432140180834,-0.005600871111215173,-26.344272257165564,0.0108976448892478,160.713867757219,-0.009348201390896215,-133.82884462453677,0.0,0.0,-1.1818350994696101e-07,0.0013710432140180834,0.0,0.0,-0.005600871111215173,-26.344272257165564,0.0,0.0,0.0,128.75001257658,128.75001257658
217,0.108505614101887,2.634724733618004e-07,-60.38036615715451,-6.1900958088182926e-06,-60.37403945152492,-0.009391384241672542,-134.44706103172746,-6.929226713714264e-10,0.0011700251279964248,-9.447310882415286e-08,0.0013315204163129027,-0.005627098899441541,-26.462970132997768,0.0109481678099334,161.453133349704,-0.009391384241672542,-134.44706103172746,0.0,0.0,-9.447310882415286e-08,0.0013315204163129027,0.0,0.0,-0.005627098899441541,-26.462970132997768,0.0,0.0,0.0,128.744445860386,128.744445860386
218,0.109001845121384,2.6553729241597783e-07,-60.654484496450394,-6.248354295480606e-06,-60.648065663399095,-0.009434558182835662,-135.06515381685466,-7.465651913482851e-10,0.0011761601700266229,-6.729566727190163e-08,0.001091524386951828,-0.005653274552150714,-26.58180060290289,0.0109986562990338,162.192300247823,-0.009434558182835662,-135.06515381685466,0.0,0.0,-6.729566727190163e-08,0.001091524386951828,0.0,0.0,-0.005653274552150714,-26.58180060290289,0.0,0.0,0.0,128.738880366087,128.738880366087
219,0.109514191746712,2.672120655035092e-07,-60.93754375336377,-6.308828032138972e-06,-60.931043606833576,-0.009479133584157674,-135.70330427655352,-7.57731745834367e-10,0.0012333291167836605,-1.0566694408690521e-07,0.001106979356365211,-0.005680308095577604,-26.705231008706573,0.0110507879108627,162.955615034465,-0.009479133584157674,-135.70330427655352,0.0,0.0,-1.0566694408690521e-07,0.001106979356365211,0.0,0.0,-0.005680308095577604,-26.705231008706573,0.0,0.0,0.0,128.733134299517,128.733134299517
220,0.110010996460915,2.690855420072909e-07,-61.21196656796228,-6.368133499196577e-06,-61.20538261448667,-0.009522357211972789,-136.32211470912853,-5.45873491184056e-10,0.0012682718879496995,-6.344767435708075e-08,0.001277522814245204,-0.005706620395562055,-26.82498858749457,0.011101389275267,163.695762580562,-0.009522357211972789,-136.32211470912853,0.0,0.0,-6.344767435708075e-08,0.001277522814245204,0.0,0.0,-0.005706620395562055,-26.82498858749457,0.0,0.0,0.0,128.72756254673,128.72756254673
221,0.110506057739258,2.7101944073603244e-07,-61.48537491099037,-6.426498586562694e-06,-61.47874464501116,-0.009565430723701033,-136.9387684132134,-9.78792670894623e-10,0.0012631399055763395,-1.149000576040472e-07,0.0007060661336831052,-0.005732675881826053,-26.943434160044568,0.0111517298695105,164.433154540165,-0.009565430723701033,-136.9387684132134,0.0,0.0,-1.149000576040472e-07,0.0007060661336831052,0.0,0.0,-0.005732675881826053,-26.943434160044568,0.0,0.0,0.0,128.722010850906,128.722010850906
222,0.111002758145332,2.7289048991612657e-07,-61.759706102229224,-6.485706583933029e-06,-61.75305419477229,-0.009608646834689715,-137.55746455503802,-1.8932090853661373e-10,0.001364435754520671,-1.4002052209789757e-08,0.0015693624496220515,-0.005758943694004361,-27.063015974459383,0.0112023019332439,165.173133084607,-0.009608646834689715,-137.55746455503802,0.0,0.0,-1.4002052209789757e-08,0.0015693624496220515,0.0,0.0,-0.005758943694004361,-27.063015974459383,0.0,0.0,0.0,128.716440707445,128.716440707445
223,0.111514337360859,2.752440290607005e-07,-62.0421802551222,-6.546803505596547e-06,-62.035517128814924,-0.009653159022379927,-138.1947171354205,-3.604338511964586e-10,0.0014004016385485117,-5.464862955140191e-08,0.0013946438954402095,-0.00578602876673216,-27.185765799266473,0.0112544058457206,165.935177784538,-0.009653159022379927,-138.1947171354205,0.0,0.0,-5.464862955140191e-08,0.0013946438954402095,0.0,0.0,-0.00578602876673216,-27.185765799266473,0.0,0.0,0.0,128.710703730583,128.710703730583
224,0.112011201679707,2.775760051040637e-07,-62.31649778293518,-6.60553895358224e-06,-62.30983074484997,-0.009696392112823447,-138.81365598313465,-1.4401437510510863e-09,0.001344064136156756,-1.9477547173764953e-07,0.00024914730558300727,-0.005812187891682656,-27.304352934982955,0.0113049366137975,166.675192160841,-0.009696392112823447,-138.81365598313465,0.0,0.0,-1.9477547173764953e-07,0.00024914730558300727,0.0,0.0,-0.005812187891682656,-27.304352934982955,0.0,0.0,0.0,128.705132305622,128.705132305622
225,0.112508997321129,2.790154452369311e-07,-62.591455568026404,-6.665413152362717e-06,-62.584851834763235,-0.009739704465763395,-139.43373281136968,-3.0709053275530316e-10,0.0014302443961267922,-6.59624299972397e-10,0.0013043193983751698,-0.005838590865117147,-27.42500766543788,0.0113556607415079,167.416996999146,-0.009739704465763395,-139.43373281136968,0.0,0.0,-6.59624299972397e-10,0.0013043193983751698,0.0,0.0,-0.005838590865117147,-27.42500766543788,0.0,0.0,0.0,128.699549973011,128.699549973011
226,0.113005332648754,2.807408917768972e-07,-62.86557885554153,-6.724454265155257e-06,-62.858934291459676,-0.009782892629912086,-140.05202457046624,-4.131084108823798e-10,0.001487740473267367,-5.116117452828811e-08,0.0012772903587755621,-0.0058647375842955,-27.54430025053398,0.0114061466078932,168.156429230414,-0.009782892629912086,-140.05202457046624,0.0,0.0,-5.116117452828811e-08,0.0012772903587755621,0.0,0.0,-0.0058647375842955,-27.54430025053398,0.0,0.0,0.0,128.693984925747,128.693984925747
227,0.113502949476242,2.830633152897788e-07,-63.140282778048096,-6.783968494245676e-06,-63.13356547147957,-0.009826192080203949,-140.671911838168,-8.071540552819557e-10,0.0014867366295168165,-9.350016166446525e-08,0.0008143236011061857,-0.005890951071251523,-27.663104673814768,0.0114567622578126,168.897532669091,-0.009826192080203949,-140.671911838168,0.0,0.0,-9.350016166446525e-08,0.0008143236011061857,0.0,0.0,-0.005890951071251523,-27.663104673814768,0.0,0.0,0.0,128.688405007124,128.688405007124
228,0.114015452563763,2.8506227836784374e-07,-63.42323916485344,-6.846554969139311e-06,-63.416461854311436,-0.00987078518926544,-141.31032939537292,-4.0932761324654884e-10,0.001546605026331943,-3.548211858273035e-08,0.0011807426184857605,-0.005918141431625693,-27.786818887750982,0.0115089897564982,169.66104856978,-0.00987078518926544,-141.31032939537292,0.0,0.0,-3.548211858273035e-08,0.0011807426184857605,0.0,0.0,-0.005918141431625693,-27.786818887750982,0.0,0.0,0.0,128.68265876174,128.68265876174
229,0.114513106644154,2.8719941062741007e-07,-63.69792458194316,-6.90727679400189e-06,-63.69105788035483,-0.009914087425264067,-141.93025561427842,-7.01441349175966e-10,0.0015914798671086883,-1.2520254025658532e-07,0.000949831272513128,-0.005944449966607502,-27.90625980062877,0.0115596566856422,170.402268905655,-0.009914087425264067,-141.93025561427842,0.0,0.0,-1.2520254025658532e-07,0.000949831272513128,0.0,0.0,-0.005944449966607502,-27.90625980062877,0.0,0.0,0.0,128.677079319954,128.677079319954
230,0.115009553730488,2.894820170222996e-07,-63.97187158160156,-6.968228190044532e-06,-63.96492936127239,-0.00995728467336141,-142.5486831232347,-6.617803121306011e-10,0.0015862950328780136,-5.8173083880645766e-08,0.0009516729717615323,-0.005970697896738122,-28.025173661092886,0.0116102024135611,171.141607927968,-0.00995728467336141,-142.5486831232347,0.0,0.0,-5.8173083880645766e-08,0.0009516729717615323,0.0,0.0,-0.005970697896738122,-28.025173661092886,0.0,0.0,0.0,128.671512931585,128.671512931585
231,0.115506365895271,2.9115038967184614e-07,-64.24612214037646,-7.029039450158757e-06,-64.23901612296876,-0.010000513813622137,-143.16756730144385,-8.04181484950898e-10,0.0016048307657188458,-6.228851410909305e-08,0.0007097687490137906,-0.005996856251483055,-28.14426698540267,0.011660729434021,171.881550774833,-0.010000513813622137,-143.16756730144385,0.0,0.0,-6.228851410909305e-08,0.0007097687490137906,0.0,0.0,-0.005996856251483055,-28.14426698540267,0.0,0.0,0.0,128.665943205357,128.665943205357
232,0.116004206240177,2.9271843972196154e-07,-64.52088296533778,-7.090993266358859e-06,-64.51369460657837,-0.010043831226745846,-143.78772158428913,-3.3988171958568517e-10,0.0017086514665890398,-4.723697898178979e-08,0.001210219499686752,-0.006023201569787785,-28.264187820071847,0.0117114283173211,172.623099052042,-0.010043831226745846,-143.78772158428913,0.0,0.0,-4.723697898178979e-08,0.001210219499686752,0.0,0.0,-0.006023201569787785,-28.264187820071847,0.0,0.0,0.0,128.660362124443,128.660362124443
233,0.116501405835152,2.949740032942619e-07,-64.79513498883779,-7.153832863064108e-06,-64.78785958500293,-0.010087092420178348,-144.40707633438151,-3.6514797467053634e-10,0.001732348852354289,-4.580884370482421e-08,0.0011551873487555275,-0.006049630989354894,-28.383564043293376,0.0117621222518309,173.363510218866,-0.010087092420178348,-144.40707633438151,0.0,0.0,-4.580884370482421e-08,0.0011551873487555275,0.0,0.0,-0.006049630989354894,-28.383564043293376,0.0,0.0,0.0,128.654788553715,128.654788553715
234,0.117013685405254,2.973789745214737e-07,-65.07763065662365,-7.217750661952407e-06,-65.07026355919724,-0.010131668115502538,-145.04524141287965,-1.0704477619789172e-09,0.0017140075500768803,-1.36834805931054e-07,0.0004224953354779474,-0.006076625015289429,-28.505244935083844,0.011814233897389,174.126127447863,-0.010131668115502538,-145.04524141287965,0.0,0.0,-1.36834805931054e-07,0.0004224953354779474,0.0,0.0,-0.006076625015289429,-28.505244935083844,0.0,0.0,0.0,128.649046123028,128.649046123028
235,0.117511183023453,2.9922090427092555e-07,-65.3520310959597,-7.281091595958993e-06,-65.3445901618187,-0.01017495511881274,-145.66496640608153,-2.4779651909529697e-10,0.0018091102411151644,-1.8914858922383988e-08,0.0013050102047431232,-0.006103016856222685,-28.62476023254926,0.0118649306580939,174.866985944217,-0.01017495511881274,-145.66496640608153,0.0,0.0,-1.8914858922383988e-08,0.0013050102047431232,0.0,0.0,-0.006103016856222685,-28.62476023254926,0.0,0.0,0.0,128.643469125032,128.643469125032
236,0.118009209632874,3.012280611530308e-07,-65.62663711205752,-7.344448824833429e-06,-65.61913983011546,-0.010218289246565659,-146.28536036477198,-5.851052183917012e-10,0.0018223202938739559,-6.265996462022789e-08,0.0008757376695396064,-0.006129361992683902,-28.743840403436106,0.0119156438180835,175.608490776953,-0.010218289246565659,-146.28536036477198,0.0,0.0,-6.265996462022789e-08,0.0008757376695396064,0.0,0.0,-0.006129361992683902,-28.743840403436106,0.0,0.0,0.0,128.637886583805,128.637886583805
237,0.118507921695709,3.03161637000479e-07,-65.90159301319756,-7.4079199720579615e-06,-65.89403685926811,-0.01026168371787418,-146.9066194086448,-1.0056797474382172e-09,0.0018106174604499172,-1.0135018560642945e-07,0.00037082158169351694,-0.006155676385082496,-28.862944119221645,0.0119663929177929,176.350980796845,-0.01026168371787418,-146.9066194086448,0.0,0.0,-1.0135018560642945e-07,0.00037082158169351694,0.0,0.0,-0.006155676385082496,-28.862944119221645,0.0,0.0,0.0,128.632296741009,128.632296741009
238,0.119003631174564,3.046593605249141e-07,-66.17496356534994,-7.4723349958826266e-06,-66.16733458685157,-0.010304814577712687,-147.52411471280865,-4.221238061187031e-11,0.0019185546404037806,1.6450213747284544e-08,0.00122784797969698,-0.006182055028173788,-28.98274411203407,0.0120169490213318,177.089259562667,-0.010304814577712687,-147.52411471280865,0.0,0.0,1.6450213747284544e-08,0.00122784797969698,0.0,0.0,-0.006182055028173788,-28.98274411203407,0.0,0.0,0.0,128.626740783453,128.626740783453
239,0.119515113532543,3.070134000497202e-07,-66.45685702894916,-7.537780271277716e-06,-66.44915957877359,-0.01034932148099839,-148.1612938985708,-5.096154633759852e-10,0.0019641463709958373,-9.566079883917384e-08,0.0008420830636431794,-0.006209034691615663,-29.104445854310278,0.0120689943176837,177.850618322354,-0.01034932148099839,-148.1612938985708,0.0,0.0,-9.566079883917384e-08,0.0008420830636431794,0.0,0.0,-0.006209034691615663,-29.104445854310278,0.0,0.0,0.0,128.621008336544,128.621008336544
240,0.12001259624958,3.0957806386642673e-07,-66.73098401154365,-7.601988218921342e-06,-66.72322736360732,-0.010392610261028582,-148.78104521342254,-7.32635004325627e-10,0.0019503367047415435,-7.443715898517596e-08,0.0005353613656882341,-0.00623536712563088,-29.222854715179842,0.012119662087725,178.591119470028,-0.010392610261028582,-148.78104521342254,0.0,0.0,-7.443715898517596e-08,0.0005353613656882341,0.0,0.0,-0.00623536712563088,-29.222854715179842,0.0,0.0,0.0,128.615432649851,128.615432649851
241,0.120509169995785,3.1136055576310893e-07,-67.00471474400187,-7.666570638788435e-06,-66.99695107390023,-0.010435818793680107,-149.39964974724631,-4.317678006014254e-10,0.0019929045575350444,-1.9461744410783997e-08,0.000687752127483012,-0.006261735366563983,-29.342271071856572,0.0121702794778524,179.330553648347,-0.010435818793680107,-149.39964974724631,0.0,0.0,-1.9461744410783997e-08,0.000687752127483012,0.0,0.0,-0.006261735366563983,-29.342271071856572,0.0,0.0,0.0,128.609867453575,128.609867453575
242,0.12100700289011,3.130690026236706e-07,-67.27916830528223,-7.730839036269313e-06,-67.27133640942081,-0.010479138437017796,-150.01983946060443,-4.999048685688827e-10,0.002052760036602748,-7.192352858955262e-08,0.0006935693754778597,-0.006288055037358343,-29.4616856200181,0.0122209671632031,180.071825520299,-0.010479138437017796,-150.01983946060443,0.0,0.0,-7.192352858955262e-08,0.0006935693754778597,0.0,0.0,-0.006288055037358343,-29.4616856200181,0.0,0.0,0.0,128.604287922382,128.604287922382
243,0.121504127979279,3.1507338802059395e-07,-67.55316028855043,-7.795320915448248e-06,-67.54530382720361,-0.01052239800143765,-150.6391697377942,-4.6195554416695326e-10,0.0020631967095223356,-3.0220682177491096e-08,0.0006329713197652289,-0.006314387694515464,-29.58073907392428,0.0122716100216932,180.811993856018,-0.01052239800143765,-150.6391697377942,0.0,0.0,-3.0220682177491096e-08,0.0006329713197652289,0.0,0.0,-0.006314387694515464,-29.58073907392428,0.0,0.0,0.0,128.598716706038,128.598716706038
244,0.122001394629478,3.170840924580837e-07,-67.8272025662093,-7.859280303910143e-06,-67.81931480236778,-0.010565670419764082,-151.25868123389859,-6.083113145923969e-10,0.0021046572981371857,-5.909406932040331e-08,0.0005352061352493453,-0.006340588271093639,-29.69919106132822,0.0123221959453228,181.552249975735,-0.010565670419764082,-151.25868123389859,0.0,0.0,-5.909406932040331e-08,0.0005352061352493453,0.0,0.0,-0.006340588271093639,-29.69919106132822,0.0,0.0,0.0,128.59314391017,128.59314391017
245,0.122514672577381,3.1914741251829023e-07,-68.11006286347053,-7.926973974825492e-06,-68.10214694172831,-0.01061033461953387,-151.8981272895409,1.0980389691729408e-11,0.002209847127005885,-5.7278024126296185e-09,0.0011095059537018133,-0.006367904454153289,-29.82266057655847,0.0123745493176321,182.316524882928,-0.01061033461953387,-151.8981272895409,0.0,0.0,-5.7278024126296185e-09,0.0011095059537018133,0.0,0.0,-0.006367904454153289,-29.82266057655847,0.0,0.0,0.0,128.587392151356,128.587392151356
246,0.123011000454426,3.2168084122404703e-07,-68.38346049876482,-7.992531231588757e-06,-68.37547928538378,-0.010653525716697991,-152.51647942296046,-5.538120177336199e-10,0.002182566515561248,-6.045921694302842e-08,0.0004648782426592003,-0.006394267903085208,-29.941200049356862,0.0124251493431854,183.055335344922,-0.010653525716697991,-152.51647942296046,0.0,0.0,-6.045921694302842e-08,0.0004648782426592003,0.0,0.0,-0.006394267903085208,-29.941200049356862,0.0,0.0,0.0,128.581830650568,128.581830650568
247,0.123508498072624,3.237020966616156e-07,-68.65756543621008,-8.057396012124695e-06,-68.64943185612029,-0.010696818905088513,-153.1362827248645,-1.0870270121859276e-09,0.0021675760546424946,-1.177220122228052e-07,-8.47073211628473e-05,-0.006420458471682555,-30.059553371477993,0.0124757479421128,183.795820480727,-0.010696818905088513,-153.1362827248645,0.0,0.0,-1.177220122228052e-07,-8.47073211628473e-05,0.0,0.0,-0.006420458471682555,-30.059553371477993,0.0,0.0,0.0,128.57625579834,128.57625579834
248,0.124005019664764,3.2503230199883076e-07,-68.93118001923932,-8.123844281845628e-06,-68.92300459560069,-0.01074002383582292,-153.7548477026416,1.2350162345730354e-10,0.0022914230696745737,4.5119670038615164e-08,0.001034677910041676,-0.0064468455217375166,-30.179519330311752,0.0125263719919105,184.535212701322,-0.01074002383582292,-153.7548477026416,0.0,0.0,4.5119670038615164e-08,0.001034677910041676,0.0,0.0,-0.0064468455217375166,-30.179519330311752,0.0,0.0,0.0,128.570692360401,128.570692360401
249,0.124501712620258,3.271975368938238e-07,-69.2047039703838,-8.190009938287589e-06,-69.1964332717437,-0.010783246247340695,-154.37364864750435,-3.07343708666288e-10,0.002317358055355045,-3.1506484894153655e-08,0.0006643226647306249,-0.0064731004495454025,-30.297915225684495,0.0125769430405407,185.274457221541,-0.010783246247340695,-154.37364864750435,0.0,0.0,-3.1506484894153655e-08,0.0006643226647306249,0.0,0.0,-0.0064731004495454025,-30.297915225684495,0.0,0.0,0.0,128.565127104521,128.565127104521
250,0.125014707446098,3.2953527003437246e-07,-69.48715034931442,-8.2592723182017e-06,-69.47875750287085,-0.010827886167562105,-155.01274396251824,-6.197627853884008e-10,0.0023193503494695665,-5.97848519999614e-08,0.0002854239443504451,-0.006500306117392242,-30.420374348820786,0.0126292187725622,186.037931023712,-0.010827886167562105,-155.01274396251824,0.0,0.0,-5.97848519999614e-08,0.0002854239443504451,0.0,0.0,-0.006500306117392242,-30.420374348820786,0.0,0.0,0.0,128.559379577637,128.559379577637
251,0.125511139631271,3.3152887702482675e-07,-69.76046155860645,-8.327103253585337e-06,-69.75200156588636,-0.010871083537172163,-155.63119459939657,-1.1622546753174476e-10,0.002401842778850496,-1.7275523210824455e-08,0.0006831101510693106,-0.006526715498502027,-30.53945342435351,0.0126798478666513,186.77684726284,-0.010871083537172163,-155.63119459939657,0.0,0.0,-1.7275523210824455e-08,0.0006831101510693106,0.0,0.0,-0.006526715498502027,-30.53945342435351,0.0,0.0,0.0,128.553817451,128.553817451
252,0.12600901722908,3.3384797854708986e-07,-70.03447660384263,-8.394401821827747e-06,-70.02592099428689,-0.01091440905762355,-156.25147445388095,-5.863561455339853e-10,0.002418573716327888,-8.841514400294191e-08,0.000281561450334875,-0.00655300581135584,-30.657627339448073,0.01273052555184,187.517654937601,-0.01091440905762355,-156.25147445388095,0.0,0.0,-8.841514400294191e-08,0.000281561450334875,0.0,0.0,-0.00655300581135584,-30.657627339448073,0.0,0.0,0.0,128.548240184784,128.548240184784
253,0.126506507396698,3.3584339112550984e-07,-70.30830482250683,-8.462724432691497e-06,-70.29969365809028,-0.01095770011642405,-156.8712652919419,-4.706022865408718e-10,0.0024099640310787144,-9.64066138042186e-10,0.0003120578013041708,-0.006579427833780872,-30.77663847882043,0.0127812414965021,188.258067587267,-0.01095770011642405,-156.8712652919419,0.0,0.0,-9.64066138042186e-10,0.0003120578013041708,0.0,0.0,-0.006579427833780872,-30.77663847882043,0.0,0.0,0.0,128.542666375637,128.542666375637
254,0.127004146575928,3.37349229404736e-07,-70.58226624462631,-8.53089330420202e-06,-70.57357100843731,-0.011001003341869984,-157.49123459227079,-2.2913754140229292e-10,0.00248136857102944,4.948714641418712e-09,0.0005169360533504146,-0.006605774853081613,-30.895702718343284,0.0128319292714467,188.99872660786,-0.011001003341869984,-157.49123459227079,0.0,0.0,4.948714641418712e-09,0.0005169360533504146,0.0,0.0,-0.006605774853081613,-30.895702718343284,0.0,0.0,0.0,128.537091463804,128.537091463804
255,0.127501949667931,3.3921037597105754e-07,-70.85623442525915,-8.59992061229702e-06,-70.84746132597823,-0.011044320804495415,-158.11141223037274,-1.505663473356652e-10,0.0025669094187223793,-4.60611586185223e-08,0.0006071956436315896,-0.006632235519053951,-31.014800144524305,0.0128826877664807,189.739572165926,-0.011044320804495415,-158.11141223037274,0.0,0.0,-4.60611586185223e-08,0.0006071956436315896,0.0,0.0,-0.006632235519053951,-31.014800144524305,0.0,0.0,0.0,128.531515359879,128.531515359879
256,0.128012955188751,3.418472951078353e-07,-71.13732269934756,-8.670753742953387e-06,-71.12845829253358,-0.01108878945331115,-158.74806514152442,-4.774450081862404e-10,0.0025521156700566636,-5.537668997490651e-08,0.00023325661094835082,-0.006659361074115339,-31.13606306622393,0.0129347754815151,190.499813322515,-0.01108878945331115,-158.74806514152442,0.0,0.0,-5.537668997490651e-08,0.00023325661094835082,0.0,0.0,-0.006659361074115339,-31.13606306622393,0.0,0.0,0.0,128.525790959597,128.525790959597
257,0.128511145710945,3.440454938968616e-07,-71.41142819200398,-8.739555516648114e-06,-71.40242677814334,-0.011132143741621692,-159.36876471181904,-5.6407015436186e-10,0.002576475355748599,-5.2208252432117644e-08,0.00014189678177101763,-0.006685716289291032,-31.25426992965849,0.0129855112754925,191.241029037953,-0.011132143741621692,-159.36876471181904,0.0,0.0,-5.2208252432117644e-08,0.00014189678177101763,0.0,0.0,-0.006685716289291032,-31.25426992965849,0.0,0.0,0.0,128.520210504532,128.520210504532
258,0.129007592797279,3.4571969282954637e-07,-71.68460201495905,-8.809445947648724e-06,-71.67557723648049,-0.011175342843351076,-159.98725048688559,2.1855916420098656e-10,0.0026685687701344966,4.9103755748369966e-08,0.0007828393033634973,-0.006712193902589022,-31.37369335621364,0.0130361770615723,191.979945564955,-0.011175342843351076,-159.98725048688559,0.0,0.0,4.9103755748369966e-08,0.0007828393033634973,0.0,0.0,-0.006712193902589022,-31.37369335621364,0.0,0.0,0.0,128.514649719,128.514649719
259,0.129504039883614,3.4781757850462597e-07,-71.95765891716944,-8.878245438545263e-06,-71.94861574701011,-0.011218545501462285,-160.6057818853594,-6.05366311480139e-10,0.002639710208468105,-5.6547104215398775e-08,-2.6137520823276512e-05,-0.006738439441661659,-31.491611992135006,0.0130867264136123,192.718568883723,-0.011218545501462285,-160.6057818853594,0.0,0.0,-5.6547104215398775e-08,-2.6137520823276512e-05,0.0,0.0,-0.006738439441661659,-31.491611992135006,0.0,0.0,0.0,128.509088993073,128.509088993073
260,0.130001977086067,3.4956866743164313e-07,-72.23162317137819,-8.947632987825391e-06,-72.2225126697596,-0.01126187826037131,-161.2261701817878,-6.632216955808441e-10,0.002672502526983437,-6.748636085463788e-08,-0.00012218474808776974,-0.006764817442692083,-31.610473562460314,0.0131374555059671,193.459553188238,-0.01126187826037131,-161.2261701817878,0.0,0.0,-6.748636085463788e-08,-0.00012218474808776974,0.0,0.0,-0.006764817442692083,-31.610473562460314,0.0,0.0,0.0,128.503512084484,128.503512084484
261,0.130514085292816,3.5147179774423826e-07,-72.51338240201007,-9.019928918065965e-06,-72.50419289536447,-0.011306443964938243,-161.86422055703764,4.96267685786525e-10,0.0028067968858479825,6.134235330854525e-08,0.0008931961923299925,-0.006792098134712611,-31.733299019535032,0.0131897063534511,194.221720687118,-0.011306443964938243,-161.86422055703764,0.0,0.0,6.134235330854525e-08,0.0008931961923299925,0.0,0.0,-0.006792098134712611,-31.733299019535032,0.0,0.0,0.0,128.497776091099,128.497776091099
262,0.131011888384819,3.542057354774477e-07,-72.78709119300858,-9.089460185965213e-06,-72.77780019987786,-0.01134976687651873,-162.48446959436555,-2.967661644499718e-10,0.002793684574399005,-3.64693801590985e-08,0.00021873537193717042,-0.006818455694858173,-31.85110097266012,0.0132404164949273,194.962212612234,-0.01134976687651873,-162.48446959436555,0.0,0.0,-3.64693801590985e-08,0.00021873537193717042,0.0,0.0,-0.006818455694858173,-31.85110097266012,0.0,0.0,0.0,128.492200911045,128.492200911045
263,0.131509736180305,3.563789803435022e-07,-73.0608734875248,-9.159792518403234e-06,-73.05156315098398,-0.011393093022253676,-163.10477062507047,-6.190363136790101e-10,0.0027734963722521816,-4.54934316437529e-08,-0.00017563581414074646,-0.006844928437585105,-31.969905299434206,0.0132911887339042,195.702997337284,-0.011393093022253676,-163.10477062507047,0.0,0.0,-4.54934316437529e-08,-0.00017563581414074646,0.0,0.0,-0.006844928437585105,-31.969905299434206,0.0,0.0,0.0,128.486625343561,128.486625343561
264,0.132007211446762,3.5792677627205706e-07,-73.33452395955584,-9.229977299666806e-06,-73.32519614272807,-0.011436386552976152,-163.7246046001379,-2.0786284943693756e-10,0.0028463483651332633,-1.544994357321716e-08,0.00013391241600685806,-0.0068713154635065415,-32.08892123585443,0.01334188888085,196.443329791103,-0.011436386552976152,-163.7246046001379,0.0,0.0,-1.544994357321716e-08,0.00013391241600685806,0.0,0.0,-0.0068713154635065415,-32.08892123585443,0.0,0.0,0.0,128.4810539186,128.4810539186
265,0.132504552602768,3.5975191407178094e-07,-73.60805844641344,-9.300485772232175e-06,-73.59863284477527,-0.011479668572628917,-164.34427236289412,-8.69911745689143e-11,0.0028983185441879195,-4.602650326395258e-09,0.00023784335033477143,-0.0068977013059442266,-32.20766133366136,0.0133925785594824,197.183362230185,-0.011479668572628917,-164.34427236289412,0.0,0.0,-4.602650326395258e-09,0.00023784335033477143,0.0,0.0,-0.0068977013059442266,-32.20766133366136,0.0,0.0,0.0,128.475484073162,128.475484073162
266,0.133001133799553,3.6200639441977687e-07,-73.88107031268092,-9.371393307334559e-06,-73.87151607856492,-0.011522885093098888,-164.96300428509264,-4.3396410289097565e-12,0.002913374070720222,4.105094341655465e-08,0.0002600170197709554,-0.006924064414831207,-32.325802045157914,0.0134432003944462,197.922115256165,-0.011522885093098888,-164.96300428509264,0.0,0.0,4.105094341655465e-08,0.0002600170197709554,0.0,0.0,-0.006924064414831207,-32.325802045157914,0.0,0.0,0.0,128.469923257828,128.469923257828
267,0.133500039577484,3.6409029121147477e-07,-74.15532760447637,-9.443047953656248e-06,-74.14564486060266,-0.011566302663710204,-165.5846160877953,-2.9675416697725126e-10,0.0029675334659748087,-4.361269077644966e-08,1.775937197408294e-05,-0.006950539725252073,-32.44455153413817,0.0134940523597056,198.664297954923,-0.011566302663710204,-165.5846160877953,0.0,0.0,-4.361269077644966e-08,1.775937197408294e-05,0.0,0.0,-0.006950539725252073,-32.44455153413817,0.0,0.0,0.0,128.464336335659,128.464336335659
268,0.134012892842293,3.6631186004555235e-07,-74.4371803076779,-9.518004731050893e-06,-74.42739913638687,-0.011610933176748828,-166.22359893482735,-6.772667071397969e-11,0.003030096077842333,-3.333184013722066e-08,0.00017610920230570174,-0.006977898933741563,-32.56712479740877,0.0135463992814381,199.427264996524,-0.011610933176748828,-166.22359893482735,0.0,0.0,-3.333184013722066e-08,0.00017610920230570174,0.0,0.0,-0.006977898933741563,-32.56712479740877,0.0,0.0,0.0,128.45859375596,128.45859375596
269,0.13451075553894,3.687225312784349e-07,-74.71070959170702,-9.590075182095768e-06,-74.70077371939276,-0.011654261260799758,-166.84393442456027,-5.191712932201328e-10,0.0029781545533012544,-3.163889126965631e-08,-0.0003177274179800807,-0.0070042633056476514,-32.68491635773886,0.0135971174186413,200.167674569402,-0.011654261260799758,-166.84393442456027,0.0,0.0,-3.163889126965631e-08,-0.0003177274179800807,0.0,0.0,-0.0070042633056476514,-32.68491635773886,0.0,0.0,0.0,128.453019082546,128.453019082546
270,0.13500851392746,3.7021669457843696e-07,-74.98428896153955,-9.662768180008253e-06,-74.97425775873697,-0.011697578983748623,-167.46412023315037,-1.972585525308126e-10,0.003032074290193187,1.866169057393097e-08,-5.71867879855951e-05,-0.007030673282405384,-32.803781446876464,0.0136478501747148,200.908194380955,-0.011697578983748623,-167.46412023315037,0.0,0.0,1.866169057393097e-08,-5.71867879855951e-05,0.0,0.0,-0.007030673282405384,-32.803781446876464,0.0,0.0,0.0,128.447445750237,128.447445750237
271,0.135505735874176,3.71834514247216e-07,-75.25750984051574,-9.736315426659201e-06,-75.24740914282741,-0.011740848292182813,-168.0836216950405,5.769259709512735e-10,0.0031561610257022396,7.493386644807126e-08,0.000612182567428734,-0.007057166427662223,-32.922835962335995,0.0136985842898998,201.647916900631,-0.011740848292182813,-168.0836216950405,0.0,0.0,7.493386644807126e-08,0.000612182567428734,0.0,0.0,-0.007057166427662223,-32.922835962335995,0.0,0.0,0.0,128.441878765821,128.441878765821
272,0.136003360152245,3.744097675865958e-07,-75.53074613307848,-9.809451272452223e-06,-75.52055611382023,-0.011784156131258428,-168.70366682530164,-5.740933510675244e-10,0.00311778225460431,-8.30503013225956e-08,-0.0003999260998179274,-0.007083552997244249,-33.040406063027234,0.0137492965333888,202.387854502568,-0.011784156131258428,-168.70366682530164,0.0,0.0,-8.30503013225956e-08,-0.0003999260998179274,0.0,0.0,-0.007083552997244249,-33.040406063027234,0.0,0.0,0.0,128.43630746007,128.43630746007
273,0.136500433087349,3.7660725354310045e-07,-75.80372987080514,-9.883441734513888e-06,-75.79347500867406,-0.011827414491311831,-169.32301028163565,-2.0669326223001305e-10,0.0031523003419470343,-1.4803424733033304e-08,-0.0001578559592646846,-0.007110040158906113,-33.158767920868314,0.0138000182041555,203.127157285882,-0.011827414491311831,-169.32301028163565,0.0,0.0,-1.4803424733033304e-08,-0.0001578559592646846,0.0,0.0,-0.007110040158906113,-33.158767920868314,0.0,0.0,0.0,128.430742233992,128.430742233992
274,0.137013033032417,3.7863295239862123e-07,-76.08525698015777,-9.959662673157824e-06,-76.074941886719,-0.011872024741803638,-169.96170907660775,3.7813806601629154e-10,0.003234434264077734,5.235147841076659e-08,0.0003189821598837356,-0.007137309174295573,-33.28086042551404,0.0138523013633283,203.889581259739,-0.011872024741803638,-169.96170907660775,0.0,0.0,5.235147841076659e-08,0.0003189821598837356,0.0,0.0,-0.007137309174295573,-33.28086042551404,0.0,0.0,0.0,128.425003767014,128.425003767014
275,0.137511163949966,3.8074153801317965e-07,-76.35879248320296,-1.0033478067328341e-05,-76.34840635077593,-0.011915376946049118,-170.58239445625912,-3.3554700607570283e-10,0.0032079928504880127,-1.6245665827130533e-08,-0.0003000572664515403,-0.007163731347736887,-33.39901144337413,0.0139030699992806,204.630378038068,-0.011915376946049118,-170.58239445625912,0.0,0.0,-1.6245665827130533e-08,-0.0003000572664515403,0.0,0.0,-0.007163731347736887,-33.39901144337413,0.0,0.0,0.0,128.419426888227,128.419426888227
276,0.138008028268814,3.8248514797789843e-07,-76.63169913383662,-1.0107560919948173e-05,-76.62120120762214,-0.011958618757429882,-171.2015023775348,-2.2355942951368288e-10,0.003231156055815937,9.703837945326392e-09,-0.0002705605716770314,-0.007190131207265533,-33.51737679163711,0.0139537325355055,205.369410478944,-0.011958618757429882,-171.2015023775348,0.0,0.0,9.703837945326392e-09,-0.0002705605716770314,0.0,0.0,-0.007190131207265533,-33.51737679163711,0.0,0.0,0.0,128.413864701986,128.413864701986
277,0.138505652546883,3.8420426701664063e-07,-76.90496944907153,-1.0182295555696203e-05,-76.89442551288295,-0.012001925699654945,-171.82153694191368,1.0243060991458828e-10,0.0033245906859588705,7.467505673166414e-11,-5.927852759210494e-06,-0.007216624665537818,-33.63616150499903,0.014004499130281,206.109579907979,-0.012001925699654945,-171.82153694191368,0.0,0.0,7.467505673166414e-11,-5.927852759210494e-06,0.0,0.0,-0.007216624665537818,-33.63616150499903,0.0,0.0,0.0,128.408294320107,128.408294320107
278,0.139002770185471,3.866218252567701e-07,-77.17783173594465,-1.0257316564319377e-05,-77.1672331815998,-0.01204518980859076,-172.44096828761323,3.838598117518628e-10,0.0033800940167151164,3.273057817208521e-08,0.00019355816145775226,-0.007243127036649375,-33.754280439834815,0.0140552336215771,206.848830288712,-0.01204518980859076,-172.44096828761323,0.0,0.0,3.273057817208521e-08,0.00019355816145775226,0.0,0.0,-0.007243127036649375,-33.754280439834815,0.0,0.0,0.0,128.402729421854,128.402729421854
279,0.139514908194542,3.8924784187099834e-07,-77.45891400943066,-1.0333843744509564e-05,-77.44819753509313,-0.012089764445002359,-173.0791548303321,-2.521799155961205e-10,0.0033350568861984613,-3.4597641852852776e-09,-0.00038961808060481833,-0.007270269679303874,-33.875110871650264,0.0141074211847985,207.610268641939,-0.012089764445002359,-173.0791548303321,0.0,0.0,-3.4597641852852776e-09,-0.00038961808060481833,0.0,0.0,-0.007270269679303874,-33.875110871650264,0.0,0.0,0.0,128.39699691534,128.39699691534
280,0.140012696385384,3.9091722955952886e-07,-77.73225644465586,-1.0409137076639166e-05,-77.72144984631346,-0.012133087403646263,-173.69943017044451,-2.0342827156059527e-10,0.003380188082936921,-8.375510880285017e-09,-0.00037097031197982325,-0.007296772499027864,-33.99389760662834,0.0141582063606274,208.350676950619,-0.012133087403646263,-173.69943017044451,0.0,0.0,-8.375510880285017e-09,-0.00037097031197982325,0.0,0.0,-0.007296772499027864,-33.99389760662834,0.0,0.0,0.0,128.391424685717,128.391424685717
281,0.140509828925133,3.9262157024662085e-07,-78.00520589960368,-1.0484875866141828e-05,-77.99431530235275,-0.012176353112711336,-174.318882315534,3.707922361590197e-10,0.0034554634630940737,4.9138761403706895e-08,5.7829096098894296e-05,-0.00732329367487597,-34.11271734511671,0.014208951948089,209.09011357611,-0.012176353112711336,-174.318882315534,0.0,0.0,4.9138761403706895e-08,5.7829096098894296e-05,0.0,0.0,-0.00732329367487597,-34.11271734511671,0.0,0.0,0.0,128.385860919952,128.385860919952
282,0.141007795929909,3.948304096850795e-07,-78.27845789846641,-1.0559937709167225e-05,-78.26751875807274,-0.012219693681988488,-174.93940180339303,-3.5741274828829816e-10,0.0034163097729713555,-2.0497200957397594e-08,-0.0005994910340801991,-0.007349686828590776,-34.23040918577326,0.0142596957130433,209.830495142847,-0.012219693681988488,-174.93940180339303,0.0,0.0,-2.0497200957397594e-08,-0.0005994910340801991,0.0,0.0,-0.007349686828590776,-34.23040918577326,0.0,0.0,0.0,128.380287289619,128.380287289619
283,0.141504883766174,3.9671320942514617e-07,-78.55129050461397,-1.063584250601375e-05,-78.54027118968548,-0.012262956667327143,-175.55882235219062,3.881300991551343e-10,0.003515269348618714,5.665468896524802e-08,1.989117433127258e-05,-0.007376152996503981,-34.348729999652555,0.0143104106347203,210.569738588251,-0.012262956667327143,-175.55882235219062,0.0,0.0,5.665468896524802e-08,1.989117433127258e-05,0.0,0.0,-0.007376152996503981,-34.348729999652555,0.0,0.0,0.0,128.374723374844,128.374723374844
284,0.142002284526825,3.989807515686964e-07,-78.82420827191058,-1.0712408447588111e-05,-78.81306287241303,-0.012306246870893137,-176.17862755832434,3.747877000346293e-10,0.0035777093514161194,2.2602299818704756e-08,1.7193552726189128e-05,-0.007402675419549597,-34.46687108103829,0.0143611778879715,211.309319984416,-0.012306246870893137,-176.17862755832434,0.0,0.0,2.2602299818704756e-08,1.7193552726189128e-05,0.0,0.0,-0.007402675419549597,-34.46687108103829,0.0,0.0,0.0,128.369156867266,128.369156867266
285,0.142500564455986,4.014359560111101e-07,-79.09748640497111,-1.0789278818677042e-05,-79.08628584071984,-0.01234961466442729,-176.79954827462146,-5.45548259095201e-10,0.003506847949924672,-5.444202923440467e-08,-0.000822258971972002,-0.007429206527549591,-34.58478434879642,0.0144120161171668,212.050089731652,-0.01234961466442729,-176.79954827462146,0.0,0.0,-5.444202923440467e-08,-0.000822258971972002,0.0,0.0,-0.007429206527549591,-34.58478434879642,0.0,0.0,0.0,128.363580346107,128.363580346107
286,0.143012747168541,4.0316743968057054e-07,-79.37851414311149,-1.0868636236086292e-05,-79.36720175854538,-0.012394191550334449,-177.4377776306059,1.2608417334804642e-10,0.0035509502565296866,5.3526204892618326e-08,-0.0003572206780450946,-0.007456463369477139,-34.706635402502734,0.0144642645322671,212.811693068631,-0.012394191550334449,-177.4377776306059,0.0,0.0,5.3526204892618326e-08,-0.0003572206780450946,0.0,0.0,-0.007456463369477139,-34.706635402502734,0.0,0.0,0.0,128.357848227024,128.357848227024
287,0.143510818481445,4.047091479812699e-07,-79.65177363454409,-1.0946068628069509e-05,-79.64034511844943,-0.012437539755855306,-178.05841955937908,4.0091821779931393e-10,0.0036343340554631028,5.235003477558861e-08,-0.00014574368602685378,-0.007482942664892023,-34.82504414762363,0.0145150592863926,213.552274871545,-0.012437539755855306,-178.05841955937908,0.0,0.0,5.235003477558861e-08,-0.00014574368602685378,0.0,0.0,-0.007482942664892023,-34.82504414762363,0.0,0.0,0.0,128.352274924517,128.352274924517
288,0.144008114933968,4.069833352862616e-07,-79.92445184077505,-1.1024105098334078e-05,-79.9128691258719,-0.012480820506965225,-178.6780971699509,2.610246720909239e-10,0.0036654457550580185,3.0457428882417865e-08,-0.00024437731680732196,-0.007509434650203669,-34.94286604034093,0.0145658027925075,214.291509311172,-0.012480820506965225,-178.6780971699509,0.0,0.0,3.0457428882417865e-08,-0.00024437731680732196,0.0,0.0,-0.007509434650203669,-34.94286604034093,0.0,0.0,0.0,128.34670996666,128.34670996666
289,0.144505769014359,4.0936020841851964e-07,-80.1972389869934,-1.1102549692445636e-05,-80.1855507691425,-0.012524132718452754,-179.29822453909304,-1.6538649902585018e-10,0.0036563725753963913,-1.4486985317015356e-08,-0.0006086641118316395,-0.007535943612840221,-35.06063190425571,0.0146165820190536,215.03120922188,-0.012524132718452754,-179.29822453909304,0.0,0.0,-1.4486985317015356e-08,-0.0006086641118316395,0.0,0.0,-0.007535943612840221,-35.06063190425571,0.0,0.0,0.0,128.341141045094,128.341141045094
290,0.14500318467617,4.1130049724958137e-07,-80.46997566660004,-1.1181706826104765e-05,-80.45814354346035,-0.012567423991471703,-179.91805645305897,2.662624863634278e-10,0.0037196301706079694,2.3603770342795495e-08,-0.0003114409592488112,-0.007562512963636664,-35.1789836729021,0.0146673744517171,215.770706515691,-0.012567423991471703,-179.91805645305897,0.0,0.0,2.3603770342795495e-08,-0.0003114409592488112,0.0,0.0,-0.007562512963636664,-35.1789836729021,0.0,0.0,0.0,128.335575580597,128.335575580597
291,0.145500212907791,4.13398499587129e-07,-80.74240554177811,-1.1260329621549552e-05,-80.7304745229891,-0.012610681868904353,-180.5374089670063,4.098382716445511e-10,0.003740498506480138,6.005970275740479e-08,-0.00024925231826362107,-0.007588954968227911,-35.29663015921234,0.0147180726210341,216.509477207234,-0.012610681868904353,-180.5374089670063,0.0,0.0,6.005970275740479e-08,-0.00024925231826362107,0.0,0.0,-0.007588954968227911,-35.29663015921234,0.0,0.0,0.0,128.330014318228,128.330014318228
292,0.146013170480728,4.154713699452963e-07,-81.02355748985228,-1.1341177798148505e-05,-81.01153657517504,-0.012655328067006697,-181.17663643694405,-4.6501648241440305e-10,0.003686938392353329,-1.775564802008835e-08,-0.0009965052311213165,-0.0076161670547142514,-35.41776950273415,0.0147703574054296,217.271898616278,-0.012655328067006697,-181.17663643694405,0.0,0.0,-1.775564802008835e-08,-0.0009965052311213165,0.0,0.0,-0.0076161670547142514,-35.41776950273415,0.0,0.0,0.0,128.324274688959,128.324274688959
293,0.146511510014534,4.169713802450195e-07,-81.29676596992365,-1.1421171244542966e-05,-81.28471762512491,-0.012698698364633549,-181.79760284858423,6.666510837399733e-10,0.0038169736130009464,8.770784078318327e-08,-9.726516275027352e-05,-0.007642816528585219,-35.53693098849499,0.0148212588962703,218.012869704328,-0.012698698364633549,-181.79760284858423,0.0,0.0,8.770784078318327e-08,-9.726516275027352e-05,0.0,0.0,-0.007642816528585219,-35.53693098849499,0.0,0.0,0.0,128.318699002266,128.318699002266
294,0.1470085978508,4.192231240054209e-07,-81.56914528260691,-1.1500761421188851e-05,-81.55705196603797,-0.012741963381590964,-182.41706140283992,5.19663651526926e-10,0.003868305117633604,3.225911880029603e-08,-0.000191468142242656,-0.007669345482168429,-35.65483030813734,0.0148720080482417,218.751752947664,-0.012741963381590964,-182.41706140283992,0.0,0.0,3.225911880029603e-08,-0.000191468142242656,0.0,0.0,-0.007669345482168429,-35.65483030813734,0.0,0.0,0.0,128.313137829304,128.313137829304
295,0.147506713867188,4.2189409689447665e-07,-81.84200493357335,-1.1579975594772105e-05,-81.8298124657336,-0.012785318911600077,-183.0378086634267,-3.5583875691876436e-10,0.0038023645332337782,-3.778607020801007e-08,-0.000903497993212284,-0.0076958212021755856,-35.77202322296872,0.0149228073070194,219.491933885444,-0.012785318911600077,-183.0378086634267,0.0,0.0,-3.778607020801007e-08,-0.000903497993212284,0.0,0.0,-0.0076958212021755856,-35.77202322296872,0.0,0.0,0.0,128.307565182447,128.307565182447
296,0.148003861308098,4.237044345215169e-07,-82.11448926585899,-1.1659682550451981e-05,-82.1022156852346,-0.012828590239253547,-183.6573633346552,4.27236202709212e-10,0.0038651015401192854,7.259961177649365e-08,-0.0003290278320646951,-0.007722324877584195,-35.890109171461226,0.0149735488503768,220.230992883022,-0.012828590239253547,-183.6573633346552,0.0,0.0,7.259961177649365e-08,-0.0003290278320646951,0.0,0.0,-0.007722324877584195,-35.890109171461226,0.0,0.0,0.0,128.302003026009,128.302003026009
297,0.148501023650169,4.2541251104136845e-07,-82.38696083937438,-1.1739745788220207e-05,-82.37462187587634,-0.012871862047014683,-184.27691779078287,2.438190049851369e-10,0.003898133338608132,3.353253180815427e-08,-0.0004858961146880459,-0.007748847369723524,-36.008262077894344,0.01502430052017,220.970059124115,-0.012871862047014683,-184.27691779078287,0.0,0.0,3.353253180815427e-08,-0.0004858961146880459,0.0,0.0,-0.007748847369723524,-36.008262077894344,0.0,0.0,0.0,128.296441435814,128.296441435814
298,0.149014532566071,4.275809150959136e-07,-82.66829640312795,-1.1822599959398076e-05,-82.6558629328651,-0.012916557340551313,-184.9168563591881,1.71626200426911e-10,0.003894877100468258,4.567504239556326e-08,-0.0006255899329437987,-0.007776229813468386,-36.12989131350915,0.0150767152789461,221.73328964101,-0.012916557340551313,-184.9168563591881,0.0,0.0,4.567504239556326e-08,-0.0006255899329437987,0.0,0.0,-0.007776229813468386,-36.12989131350915,0.0,0.0,0.0,128.290697038174,128.290697038174
299,0.149511381983757,4.2944738387956394e-07,-82.94053531272105,-1.1902767503504946e-05,-82.92796704973705,-0.012959802921450079,-185.53604027734153,1.7529379923427652e-10,0.003941136102935818,2.0355747890208264e-08,-0.0006151072335543269,-0.00780267884387234,-36.24755175546778,0.0151274066106571,222.471767608689,-0.012959802921450079,-185.53604027734153,0.0,0.0,2.0355747890208264e-08,-0.0006151072335543269,0.0,0.0,-0.00780267884387234,-36.24755175546778,0.0,0.0,0.0,128.285138607025,128.285138607025
300,0.150008872151375,4.315796885025461e-07,-83.21307525408365,-1.198371898114983e-05,-83.20034745565358,-0.013003105304039376,-186.15603576818398,6.115535284114478e-10,0.00402518671221654,4.2757668151405874e-08,-0.0002999130095028282,-0.007829231067161461,-36.365390589406104,0.0151781998421602,223.211166862056,-0.013003105304039376,-186.15603576818398,0.0,0.0,4.2757668151405874e-08,-0.0002999130095028282,0.0,0.0,-0.007829231067161461,-36.365390589406104,0.0,0.0,0.0,128.279573917389,128.279573917389
301,0.150505885481834,4.3409095220375537e-07,-83.48520696350367,-1.2064932673088732e-05,-83.47240468862948,-0.01304636565436852,-186.77543368343538,3.9711309373911445e-10,0.004002082653526891,5.291746644564944e-08,-0.0004829091257407258,-0.007855767838421275,-36.48283172889744,0.0152289491059789,223.949730477814,-0.01304636565436852,-186.77543368343538,0.0,0.0,5.291746644564944e-08,-0.0004829091257407258,0.0,0.0,-0.007855767838421275,-36.48283172889744,0.0,0.0,0.0,128.27401471138,128.27401471138
302,0.151003777980804,4.3602411746777973e-07,-83.75789195995284,-1.2146114011852189e-05,-83.74498565842512,-0.0130897023759357,-187.39592100890428,-4.3374360049257954e-10,0.003943905030192881,-1.8992587537873175e-08,-0.0011414414934294286,-0.007882275571554681,-36.6005652682053,0.0152797488263082,224.689651951508,-0.0130897023759357,-187.39592100890428,0.0,0.0,-1.8992587537873175e-08,-0.0011414414934294286,0.0,0.0,-0.007882275571554681,-36.6005652682053,0.0,0.0,0.0,128.268445491791,128.268445491791
303,0.151501283049583,4.3741029964337184e-07,-84.03042754194907,-1.222820268962936e-05,-84.01745716703195,-0.013133004418615634,-188.0159222391178,7.716962095245854e-10,0.00406677995799066,9.626838164271823e-08,-0.0002616927475243441,-0.007908864706169394,-36.7190632881818,0.015330560841972,225.429196206905,-0.013133004418615634,-188.0159222391178,0.0,0.0,9.626838164271823e-08,-0.0002616927475243441,0.0,0.0,-0.007908864706169394,-36.7190632881818,0.0,0.0,0.0,128.262881249189,128.262881249189
304,0.152014657855034,4.395857399184561e-07,-84.31147430253345,-1.2312615093018445e-05,-84.29841121737246,-0.013177689431485432,-188.65571988089533,3.9461319559217654e-10,0.004086466945657991,3.304754756036708e-08,-0.0005489616947094991,-0.00793619988629629,-36.840169495502415,0.0153829424747917,226.192010429362,-0.013177689431485432,-188.65571988089533,0.0,0.0,3.304754756036708e-08,-0.0005489616947094991,0.0,0.0,-0.00793619988629629,-36.840169495502415,0.0,0.0,0.0,128.257139384747,128.257139384747
305,0.152512758970261,4.41996886734577e-07,-84.58407816279693,-1.2395100685765475e-05,-84.57090209110147,-0.013221045423192294,-189.2764916147946,7.050111528539698e-11,0.004070868781288863,1.4539108904822634e-08,-0.0008882136744455631,-0.007962752989288982,-36.95743528885834,0.015433782138045,226.932029642466,-0.013221045423192294,-189.2764916147946,0.0,0.0,1.4539108904822634e-08,-0.0008882136744455631,0.0,0.0,-0.007962752989288982,-36.95743528885834,0.0,0.0,0.0,128.251568466425,128.251568466425
306,0.15300951898098,4.439058641716801e-07,-84.85603825720142,-1.2478852215754639e-05,-84.84269533487316,-0.01326428170217279,-189.89556023732365,8.927845385828231e-10,0.004157222259337626,9.832147292274238e-08,-0.00028882195997149214,-0.00798940103830791,-37.075552470007864,0.0154845682521013,227.67026724314,-0.01326428170217279,-189.89556023732365,0.0,0.0,9.832147292274238e-08,-0.00028882195997149214,0.0,0.0,-0.00798940103830791,-37.075552470007864,0.0,0.0,0.0,128.246012955904,128.246012955904
307,0.153508022427559,4.4604857252118293e-07,-85.12883658761655,-1.2562114152618521e-05,-85.1153291485698,-0.013307671846840957,-190.5168207156283,1.487065658845033e-13,0.0041311802648838535,-1.6231565396204736e-08,-0.0009802079967780588,-0.008015961745737403,-37.19304343257259,0.0155354411169514,228.410856896571,-0.013307671846840957,-190.5168207156283,0.0,0.0,-1.6231565396204736e-08,-0.0009802079967780588,0.0,0.0,-0.008015961745737403,-37.19304343257259,0.0,0.0,0.0,128.240438073874,128.240438073874
308,0.154006004333496,4.4808574579108405e-07,-85.40130501676214,-1.2645534582111181e-05,-85.38769799824189,-0.013351017456524292,-191.1374494742003,1.2581000495167148e-10,0.004103553159573606,4.9715992456299736e-08,-0.0009096540803177962,-0.008042480021184044,-37.31049385266182,0.0155862539478978,229.150691530058,-0.013351017456524292,-191.1374494742003,0.0,0.0,4.9715992456299736e-08,-0.0009096540803177962,0.0,0.0,-0.008042480021184044,-37.31049385266182,0.0,0.0,0.0,128.234868854284,128.234868854284
309,0.154504001140594,4.495695509410686e-07,-85.6738604709214,-1.2729710544720014e-05,-85.66014746588228,-0.013394361842142967,-191.75806176322038,6.346820508175365e-10,0.00418010451211647,8.755461294782893e-08,-0.0005176729817148546,-0.008069074388674654,-37.42870756319101,0.0156371050039171,229.890699356557,-0.013394361842142967,-191.75806176322038,0.0,0.0,8.755461294782893e-08,-0.0005176729817148546,0.0,0.0,-0.008069074388674654,-37.42870756319101,0.0,0.0,0.0,128.22930046916,128.22930046916
310,0.155002221465111,4.5167491131353443e-07,-85.94643639486654,-1.2814493160519842e-05,-85.93255210092309,-0.013437726483858664,-192.37896653329935,7.695610937047489e-10,0.0042602190876741474,5.9190248273516245e-08,-0.00044262800092303214,-0.008095730613689728,-37.54668648340097,0.0156880053430377,230.630904018094,-0.013437726483858664,-192.37896653329935,0.0,0.0,5.9190248273516245e-08,-0.00044262800092303214,0.0,0.0,-0.008095730613689728,-37.54668648340097,0.0,0.0,0.0,128.223729163408,128.223729163408
311,0.155514270067215,4.5433042277464616e-07,-86.22643211045416,-1.2901529460983508e-05,-86.21243820595762,-0.01348229706655489,-193.0171329491565,2.686035747156099e-10,0.0042248982688450655,2.2949994897534013e-08,-0.0008410865526141302,-0.00812308681882575,-37.66738052626515,0.0157402998800347,231.391502182113,-0.01348229706655489,-193.0171329491565,0.0,0.0,2.2949994897534013e-08,-0.0008410865526141302,0.0,0.0,-0.00812308681882575,-37.66738052626515,0.0,0.0,0.0,128.218003571033,128.218003571033
312,0.156012073159218,4.563578295155317e-07,-86.49870013393648,-1.2985656157682042e-05,-86.48462353378837,-0.01352562798625514,-193.63754850177855,-1.5915144762159876e-10,0.004202402644466399,-1.6335398012486147e-08,-0.0011432057235207355,-0.00814958897011131,-37.78462631116554,0.0157910918444585,232.130983341005,-0.01352562798625514,-193.63754850177855,0.0,0.0,-1.6335398012486147e-08,-0.0011432057235207355,0.0,0.0,-0.00814958897011131,-37.78462631116554,0.0,0.0,0.0,128.212437152863,128.212437152863
313,0.156509146094322,4.5799209163077723e-07,-86.770640093491,-1.3070758751647715e-05,-86.75650411494163,-0.01356889397704216,-194.257039215924,1.0434768077676656e-09,0.004287087525721747,1.3061013251511036e-07,-0.0002637510986334932,-0.008176199622132587,-37.902686828257636,0.0158418842027305,232.869590029842,-0.01356889397704216,-194.257039215924,0.0,0.0,1.3061013251511036e-07,-0.0002637510986334932,0.0,0.0,-0.008176199622132587,-37.902686828257636,0.0,0.0,0.0,128.206879258156,128.206879258156
314,0.157005771994591,4.599852305265721e-07,-87.04223624581526,-1.315536914150002e-05,-87.02806056289056,-0.013612123299176547,-194.8760108625662,2.5499736818224343e-10,0.004256957404582113,4.379041122913634e-08,-0.0008125036835581758,-0.008202703553374683,-38.01990216623506,0.0158925900838652,233.60737746319,-0.013612123299176547,-194.8760108625662,0.0,0.0,4.379041122913634e-08,-0.0008125036835581758,0.0,0.0,-0.008202703553374683,-38.01990216623506,0.0,0.0,0.0,128.201326429844,128.201326429844
315,0.157503977417946,4.620069865726501e-07,-87.31470030116522,-1.3240335012944022e-05,-87.30041556044378,-0.013655490592222009,-195.49695269710043,2.2088332485703878e-11,0.004275115572478118,3.0677151309689853e-09,-0.0010030007959598124,-0.008229272357195986,-38.1373552871757,0.0159434476310209,234.347468190172,-0.013655490592222009,-195.49695269710043,0.0,0.0,3.0677151309689853e-09,-0.0010030007959598124,0.0,0.0,-0.008229272357195986,-38.1373552871757,0.0,0.0,0.0,128.19575637579,128.19575637579
316,0.158000737428665,4.639348402824983e-07,-87.5863949109334,-1.3326281273538495e-05,-87.5719640562429,-0.01369872991115549,-196.11607621992306,9.922442234364437e-10,0.004382464636801218,8.37534574018015e-08,-0.00029225506856423936,-0.008255912609166513,-38.255209735290414,0.0159942324605154,235.085520407453,-0.01369872991115549,-196.11607621992306,0.0,0.0,8.37534574018015e-08,-0.00029225506856423936,0.0,0.0,-0.008255912609166513,-38.255209735290414,0.0,0.0,0.0,128.190202385187,128.190202385187
317,0.158514410257339,4.6647641635672883e-07,-87.86716166840463,-1.3414353839582863e-05,-87.8526314086233,-0.0137434449894976,-196.75631441659655,2.2005477765737743e-10,0.004341801709902323,5.850000144999457e-09,-0.0008940020735262622,-0.008283296714148012,-38.37578654799075,0.0160466652235437,235.8484072889,-0.0137434449894976,-196.75631441659655,0.0,0.0,5.850000144999457e-09,-0.0008940020735262622,0.0,0.0,-0.008283296714148012,-38.37578654799075,0.0,0.0,0.0,128.184459596872,128.184459596872
318,0.159011945128441,4.685600476996915e-07,-88.13916866735264,-1.350040777932397e-05,-88.12449802031497,-0.013786752602081068,-197.3764109660277,3.2200334793188113e-10,0.004303254968869422,7.492099944746459e-08,-0.0008718500570938224,-0.008309886876650971,-38.493175431936194,0.0160974827131417,236.587430741041,-0.013786752602081068,-197.3764109660277,0.0,0.0,7.492099944746459e-08,-0.0008718500570938224,0.0,0.0,-0.008309886876650971,-38.493175431936194,0.0,0.0,0.0,128.17889764905,128.17889764905
319,0.159508809447289,4.698955622546787e-07,-88.41092551604143,-1.358690007766356e-05,-88.39611541183199,-0.013830002575331289,-197.9956806297397,4.7805130014352e-10,0.004362950046420575,6.266030612002674e-08,-0.0007261712654201695,-0.008336473919670826,-38.61109836081346,0.0161482492387133,237.325665394053,-0.013830002575331289,-197.9956806297397,0.0,0.0,6.266030612002674e-08,-0.0007261712654201695,0.0,0.0,-0.008336473919670826,-38.61109836081346,0.0,0.0,0.0,128.173343151808,128.173343151808
320,0.160005986690521,4.7189051550056464e-07,-88.68266143033377,-1.3673337477338312e-05,-88.66772737656179,-0.013873279871669503,-198.61534478859207,4.5653058741659564e-10,0.0044144112536956825,2.58015062278599e-08,-0.0007876168598640519,-0.00836301120759601,-38.72816824677689,0.0161990134897021,238.064080738445,-0.013873279871669503,-198.61534478859207,0.0,0.0,2.58015062278599e-08,-0.0007876168598640519,0.0,0.0,-0.00836301120759601,-38.72816824677689,0.0,0.0,0.0,128.16778549552,128.16778549552
321,0.160502731800079,4.742829320946356e-07,-88.95408383532937,-1.3760539827898029e-05,-88.93899805093689,-0.013916520868471864,-199.2344868159354,5.987422312412632e-10,0.004406060972203176,7.002598475997997e-08,-0.0006864266951225185,-0.008389602026569314,-38.84520556716741,0.0162497743008675,238.801811462008,-0.013916520868471864,-199.2344868159354,0.0,0.0,7.002598475997997e-08,-0.0006864266951225185,0.0,0.0,-0.008389602026569314,-38.84520556716741,0.0,0.0,0.0,128.162232577801,128.162232577801
322,0.161000475287437,4.7633961719872804e-07,-89.22605772064266,-1.384782807936537e-05,-89.21082846546301,-0.013959847561677586,-199.85485831644567,4.4145066854169614e-10,0.004427169678908268,4.124467247668936e-08,-0.0007517882240766923,-0.00841618516789323,-38.96245207063114,0.0163006045506443,239.541016062113,-0.013959847561677586,-199.85485831644567,0.0,0.0,4.124467247668936e-08,-0.0007517882240766923,0.0,0.0,-0.00841618516789323,-38.96245207063114,0.0,0.0,0.0,128.156668931246,128.156668931246
323,0.161513835191727,4.783451342279513e-07,-89.50654011894653,-1.3938926054024055e-05,-89.49121435037775,-0.01400453318101863,-200.4946988115005,6.889035798996231e-10,0.004462782594195056,6.550877052426204e-08,-0.0006291142802140273,-0.00844370610364316,-39.083764975430725,0.0163530827952933,240.303481303228,-0.01400453318101863,-200.4946988115005,0.0,0.0,6.550877052426204e-08,-0.0006291142802140273,0.0,0.0,-0.00844370610364316,-39.083764975430725,0.0,0.0,0.0,128.150930762291,128.150930762291
324,0.16201151907444,4.803618018522656e-07,-89.77838956038214,-1.4026856634660953e-05,-89.76296866484152,-0.014047855753441951,-201.11501495465248,-1.2521152383291546e-10,0.004391428657453682,4.171883218396505e-09,-0.0012535114117581537,-0.008470282607428145,-39.20082082291241,0.0164039061111274,241.042534399714,-0.014047855753441951,-201.11501495465248,0.0,0.0,4.171883218396505e-09,-0.0012535114117581537,0.0,0.0,-0.008470282607428145,-39.20082082291241,0.0,0.0,0.0,128.145368158817,128.145368158817
325,0.162510260939598,4.819892962137409e-07,-90.05086785620585,-1.4115245439283302e-05,-90.03531434210784,-0.01409126976662612,-201.73663923433563,5.219850738897394e-10,0.004447188696459374,7.21052553176469e-08,-0.0008387755157664112,-0.008496905520921758,-39.31829814819174,0.0164548317081935,241.783202124659,-0.01409126976662612,-201.73663923433563,0.0,0.0,7.21052553176469e-08,-0.0008387755157664112,0.0,0.0,-0.008496905520921758,-39.31829814819174,0.0,0.0,0.0,128.139793992043,128.139793992043
326,0.163007825613022,4.83837815472821e-07,-90.32265113303622,-1.4204927179122986e-05,-90.30696688650583,-0.014134580063519059,-202.35679377108116,1.3613418734750404e-09,0.004553366818183996,1.3210036716756443e-07,-0.00020235890312389086,-0.008523637381493535,-39.43615031805591,0.0165057247588445,242.522187714722,-0.014134580063519059,-202.35679377108116,0.0,0.0,1.3210036716756443e-07,-0.00020235890312389086,0.0,0.0,-0.008523637381493535,-39.43615031805591,0.0,0.0,0.0,128.13423293829,128.13423293829
327,0.163505867123604,4.864432870626144e-07,-90.59447479411578,-1.4293766493246491e-05,-90.57868327745244,-0.014177934260287467,-202.97756181459818,1.2534182586155955e-11,0.004496355938101015,-2.6402878093557683e-08,-0.0010993970056732436,-0.00855021865773797,-39.55265965428568,0.0165565776515936,243.261505863241,-0.014177934260287467,-202.97756181459818,0.0,0.0,-2.6402878093557683e-08,-0.0010993970056732436,0.0,0.0,-0.00855021865773797,-39.55265965428568,0.0,0.0,0.0,128.128667116165,128.128667116165
328,0.164004296064377,4.884783521961998e-07,-90.86661751878934,-1.438364575306215e-05,-90.85070176595295,-0.014221321086211587,-203.59880490167745,1.1590933742607638e-10,0.004471504784828764,2.171053612578549e-08,-0.0010380856275898859,-0.008576922508097239,-39.67011762615571,0.0166075217981305,244.001606145551,-0.014221321086211587,-203.59880490167745,0.0,0.0,2.171053612578549e-08,-0.0010380856275898859,0.0,0.0,-0.008576922508097239,-39.67011762615571,0.0,0.0,0.0,128.12309679389,128.12309679389
329,0.164501830935478,4.899757176336389e-07,-91.13833907116684,-1.4473488355036194e-05,-91.12230985700269,-0.014264629580732427,-204.21893089770862,8.414366285842395e-10,0.004524139498103495,1.0301603032102594e-07,-0.0005713902979466746,-0.00860356552762619,-39.78770737349805,0.0166583674649174,244.740486266909,-0.014264629580732427,-204.21893089770862,0.0,0.0,1.0301603032102594e-07,-0.0005713902979466746,0.0,0.0,-0.00860356552762619,-39.78770737349805,0.0,0.0,0.0,128.117536693811,128.117536693811
330,0.165014788508415,4.920709223702922e-07,-91.41835438314953,-1.4565719214035628e-05,-91.40220260838034,-0.014309283229917348,-204.85830931076129,6.171587734972448e-10,0.004529040496454357,7.167046129706037e-08,-0.0008334674202697973,-0.008630949959170842,-39.90811098653996,0.0167107479233921,245.50206190004,-0.014309283229917348,-204.85830931076129,0.0,0.0,7.167046129706037e-08,-0.0008334674202697973,0.0,0.0,-0.008630949959170842,-39.90811098653996,0.0,0.0,0.0,128.111804336309,128.111804336309
331,0.165512457489967,4.940897548384089e-07,-91.69003270571905,-1.4656129308975223e-05,-91.67375464182223,-0.01435260532481421,-205.4786257903312,4.2092124097129034e-10,0.004529126566777613,5.367003139866054e-08,-0.0009162757227013189,-0.008657633541381708,-40.02558144323333,0.0167616262097648,246.241044985618,-0.01435260532481421,-205.4786257903312,0.0,0.0,5.367003139866054e-08,-0.0009162757227013189,0.0,0.0,-0.008657633541381708,-40.02558144323333,0.0,0.0,0.0,128.106243014336,128.106243014336
332,0.166010528802872,4.960565430891655e-07,-91.961919537993,-1.4746428601799987e-05,-91.94550817423705,-0.014395962678539376,-206.09945189145375,4.828690683212504e-10,0.0045945227416828984,1.8864840751736955e-08,-0.0007637425383865196,-0.008684290290489616,-40.14290310425997,0.0168125208399864,246.980581989394,-0.014395962678539376,-206.09945189145375,0.0,0.0,1.8864840751736955e-08,-0.0007637425383865196,0.0,0.0,-0.008684290290489616,-40.14290310425997,0.0,0.0,0.0,128.100677520037,128.100677520037
333,0.166508376598358,4.983041195137565e-07,-92.23360235729245,-1.483718599177947e-05,-92.21708793347855,-0.014439300233837438,-206.71999366979216,7.4661496797197e-10,0.004602431403215206,6.25455372099089e-08,-0.0006139719755074299,-0.008710988156000105,-40.26008130553549,0.0168634197685754,247.719717951278,-0.014439300233837438,-206.71999366979216,0.0,0.0,6.25455372099089e-08,-0.0006139719755074299,0.0,0.0,-0.008710988156000105,-40.26008130553549,0.0,0.0,0.0,128.09511461854,128.09511461854
334,0.167005956172943,5.004243837937756e-07,-92.50513525391129,-1.4927412495562485e-05,-92.48852669924968,-0.01448261677917383,-207.3402321754755,2.271677157101631e-10,0.0045205596844461095,5.472658237190226e-08,-0.0009542219411606333,-0.00873757875655262,-40.376878298631674,0.0169142453092188,248.458430769436,-0.01448261677917383,-207.3402321754755,0.0,0.0,5.472658237190226e-08,-0.0009542219411606333,0.0,0.0,-0.00873757875655262,-40.376878298631674,0.0,0.0,0.0,128.089554965496,128.089554965496
335,0.167503729462624,5.018988495021504e-07,-92.77689052849811,-1.5017996018650744e-05,-92.76015990815888,-0.014525949477412791,-207.96071221664192,3.823728058108837e-10,0.004566115571297717,5.1939256196713636e-08,-0.0008538394755164692,-0.008764194329255976,-40.494175105103444,0.0169650975905273,249.197581743881,-0.014525949477412791,-207.96071221664192,0.0,0.0,5.1939256196713636e-08,-0.0008538394755164692,0.0,0.0,-0.008764194329255976,-40.494175105103444,0.0,0.0,0.0,128.083993434906,128.083993434906
336,0.168001294136047,5.036894104523935e-07,-93.04846099982868,-1.5109866508320382e-05,-93.03160356278251,-0.014569262931151686,-208.58091774765666,7.917990421150904e-10,0.004639578257368559,6.442566652632838e-08,-0.0005618301793647171,-0.008790945911905868,-40.611848405722185,0.0170160036715148,249.936425630849,-0.014569262931151686,-208.58091774765666,0.0,0.0,6.442566652632838e-08,-0.0005618301793647171,0.0,0.0,-0.008790945911905868,-40.611848405722185,0.0,0.0,0.0,128.078434079885,128.078434079885
337,0.168513387441635,5.062233217504654e-07,-93.32779007792233,-1.5203578960516867e-05,-93.31075251233807,-0.014613844736969575,-209.21927465488577,2.817043003661057e-10,0.004609552766221355,1.589676685698394e-08,-0.0009334462182370931,-0.008818311889434305,-40.731608436509845,0.0170683131556964,250.696513279121,-0.014613844736969575,-209.21927465488577,0.0,0.0,1.589676685698394e-08,-0.0009334462182370931,0.0,0.0,-0.008818311889434305,-40.731608436509845,0.0,0.0,0.0,128.072712421417,128.072712421417
338,0.169010609388351,5.081978231976497e-07,-93.59906070095921,-1.529556603175491e-05,-93.58185772117199,-0.01465712909160265,-209.83906013639742,6.686391146130488e-10,0.004628814231706449,6.851228764232759e-08,-0.0006514891334578165,-0.0088449710526775,-40.84863977660308,0.0171191466010402,251.434665094181,-0.01465712909160265,-209.83906013639742,0.0,0.0,6.851228764232759e-08,-0.0006514891334578165,0.0,0.0,-0.0088449710526775,-40.84863977660308,0.0,0.0,0.0,128.06715759635,128.06715759635
339,0.169507890939713,5.099990368095942e-07,-93.87035430756704,-1.538789633012586e-05,-93.85299610940494,-0.014700419062733965,-210.45893079893813,6.825314574533446e-10,0.004644417232043941,6.516930420866134e-08,-0.000640417818871618,-0.00887162710267763,-40.96570197314091,0.0171699832591839,252.172914107969,-0.014700419062733965,-210.45893079893813,0.0,0.0,6.516930420866134e-08,-0.000640417818871618,0.0,0.0,-0.00887162710267763,-40.96570197314091,0.0,0.0,0.0,128.061601817608,128.061601817608
340,0.170005351305008,5.120220327560576e-07,-94.14164448733568,-1.5480266926571918e-05,-94.12413707497991,-0.014743724196956867,-211.07902126839838,3.9875024818980764e-11,0.004596025080844562,1.1085288732663365e-08,-0.0010700601938664653,-0.008898244399042155,-41.08237231149274,0.017220812886794,252.911282792055,-0.014743724196956867,-211.07902126839838,0.0,0.0,1.1085288732663365e-08,-0.0010700601938664653,0.0,0.0,-0.008898244399042155,-41.08237231149274,0.0,0.0,0.0,128.056044787169,128.056044787169
341,0.170502826571465,5.137789516710568e-07,-94.41298043888382,-1.557362083831267e-05,-94.39531377295117,-0.014787030688188731,-211.69913481866865,4.598529739834938e-10,0.004616242590438449,6.729616724145007e-08,-0.000731705868294896,-0.0089249499582616,-41.199693375781045,0.0172716892959859,253.649806971587,-0.014787030688188731,-211.69913481866865,0.0,0.0,6.729616724145007e-08,-0.000731705868294896,0.0,0.0,-0.0089249499582616,-41.199693375781045,0.0,0.0,0.0,128.050487518311,128.050487518311
342,0.171000346541405,5.156389411070235e-07,-94.68426622704413,-1.5666746462929956e-05,-94.66644446133283,-0.014830341762851825,-212.3193066073995,9.39129311720662e-10,0.00470774067661488,7.364720388829853e-08,-0.0004337719771069716,-0.008951582410443637,-41.31643075150956,0.0173225318637953,254.388249352337,-0.014830341762851825,-212.3193066073995,0.0,0.0,7.364720388829853e-08,-0.0004337719771069716,0.0,0.0,-0.008951582410443637,-41.31643075150956,0.0,0.0,0.0,128.044930011034,128.044930011034
343,0.171514123678207,5.179844690874098e-07,-94.96429039912506,-1.5763717916977827e-05,-94.946358928559,-0.014875069108786824,-212.95976239373044,5.471375666579434e-10,0.004694567105766508,2.9418241392225892e-08,-0.0007492230862086543,-0.008979153750545359,-41.43690564470112,0.0173750721388745,255.150749745327,-0.014875069108786824,-212.95976239373044,0.0,0.0,2.9418241392225892e-08,-0.0007492230862086543,0.0,0.0,-0.008979153750545359,-41.43690564470112,0.0,0.0,0.0,128.039191007614,128.039191007614
344,0.172011867165565,5.20112409152219e-07,-95.23558802400017,-1.585775633729778e-05,-95.21750708087262,-0.014918400426572985,-213.5802286409876,1.1430789312695044e-10,0.004626777157480735,2.1735446817315834e-08,-0.001063257076660821,-0.009005839566144196,-41.55361938915712,0.0174259596383708,255.889445374728,-0.014918400426572985,-213.5802286409876,0.0,0.0,2.1735446817315834e-08,-0.001063257076660821,0.0,0.0,-0.009005839566144196,-41.55361938915712,0.0,0.0,0.0,128.033631175756,128.033631175756
345,0.172509625554085,5.216208587317269e-07,-95.50695680429585,-1.5952176727160737e-05,-95.48876525811657,-0.014961730205169877,-214.20068452378626,5.41941151827334e-10,0.004663976918710691,6.422978429395156e-08,-0.0007387764068866017,-0.00903253819742317,-41.670846145479956,0.0174768524559875,256.628283281042,-0.014961730205169877,-214.20068452378626,0.0,0.0,6.422978429395156e-08,-0.0007387764068866017,0.0,0.0,-0.00903253819742317,-41.670846145479956,0.0,0.0,0.0,128.028071641922,128.028071641922
346,0.173005923628807,5.23455679155221e-07,-95.77745770213147,-1.604659090776494e-05,-95.75913197655838,-0.015004935674001345,-214.8193552435347,7.886779836819975e-10,0.00469551818512895,8.218921606357881e-08,-0.000510815289817702,-0.009059161151140619,-41.78754166509803,0.0175275997534487,257.364890396411,-0.015004935674001345,-214.8193552435347,0.0,0.0,8.218921606357881e-08,-0.000510815289817702,0.0,0.0,-0.009059161151140619,-41.78754166509803,0.0,0.0,0.0,128.022528499365,128.022528499365
347,0.173503845930099,5.256955566646876e-07,-96.04871203201441,-1.6140997888379907e-05,-96.03026426667677,-0.015048283343429536,-215.44005264496965,2.3895084333773985e-10,0.004674242315526127,2.0243281649996585e-08,-0.0008538745189312003,-0.009085791666807841,-41.903836257429234,0.0175784727040022,258.103689507669,-0.015048283343429536,-215.44005264496965,0.0,0.0,2.0243281649996585e-08,-0.0008538745189312003,0.0,0.0,-0.009085791666807841,-41.903836257429234,0.0,0.0,0.0,128.016967564821,128.016967564821
348,0.174000471830368,5.275119259737305e-07,-96.31935417904887,-1.623661677280813e-05,-96.30077043843066,-0.015091516329399755,-216.05913264494663,4.958203374549405e-10,0.004717845525778028,3.081394073731883e-08,-0.0006408492959394847,-0.009112520002632912,-42.02086434179909,0.0176292980525563,258.840797090589,-0.015091516329399755,-216.05913264494663,0.0,0.0,3.081394073731883e-08,-0.0006408492959394847,0.0,0.0,-0.009112520002632912,-42.02086434179909,0.0,0.0,0.0,128.011420637369,128.011420637369
349,0.174512848258018,5.296177844718338e-07,-96.59852531856575,-1.6335031436541838e-05,-96.57974396195858,-0.015136121654716523,-216.69785179425432,6.687575540499049e-10,0.004731286461609086,5.11529179993746e-08,-0.0005506394991470304,-0.009140032978576792,-42.141117875452075,0.0176817037842006,259.601145698945,-0.015136121654716523,-216.69785179425432,0.0,0.0,5.11529179993746e-08,-0.0005506394991470304,0.0,0.0,-0.009140032978576792,-42.141117875452075,0.0,0.0,0.0,128.005698651075,128.005698651075
350,0.175010770559311,5.316988812126794e-07,-96.8697527412949,-1.6430153049702842e-05,-96.8508337414295,-0.015179470708967453,-217.31857401611194,1.3602518096200157e-10,0.004656932707717749,3.18266268755251e-08,-0.0009059638902539752,-0.00916667507504768,-42.25746585957807,0.0177325839394474,260.339949005809,-0.015179470708967453,-217.31857401611194,0.0,0.0,3.18266268755251e-08,-0.0009059638902539752,0.0,0.0,-0.00916667507504768,-42.25746585957807,0.0,0.0,0.0,128.000137984753,128.000137984753
351,0.175508245825768,5.332454531592723e-07,-97.14081366700005,-1.6525832521439443e-05,-97.12179601265208,-0.01522277879231886,-217.93872587998004,3.998981434783857e-10,0.004677134041042329,5.987870295438006e-08,-0.0006631517378841408,-0.009193360358322447,-42.37442550616986,0.0177834513587471,261.078266307428,-0.01522277879231886,-217.93872587998004,0.0,0.0,5.987870295438006e-08,-0.0006631517378841408,0.0,0.0,-0.009193360358322447,-42.37442550616986,0.0,0.0,0.0,127.994582593441,127.994582593441
352,0.176005095243454,5.350309117934669e-07,-97.41147368866538,-1.662193891784947e-05,-97.39236224102059,-0.015266033561799819,-218.55810686948237,7.078723861220512e-10,0.004756286311932672,4.9307538833043906e-08,-0.00048124686538109996,-0.009220059254006424,-42.49117851287505,0.0178342801911076,261.81561027128,-0.015266033561799819,-218.55810686948237,0.0,0.0,4.9307538833043906e-08,-0.00048124686538109996,0.0,0.0,-0.009220059254006424,-42.49117851287505,0.0,0.0,0.0,127.989034116268,127.989034116268
353,0.176502421498299,5.373373999228774e-07,-97.68229977788319,-1.6718412947021706e-05,-97.66304025110257,-0.015309331330671437,-219.17810374810077,4.07651680558856e-10,0.004741547585829499,1.9419980226089007e-08,-0.0006560496807401439,-0.00924679638803303,-42.60774823444185,0.0178851656136715,262.553542189246,-0.015309331330671437,-219.17810374810077,0.0,0.0,1.9419980226089007e-08,-0.0006560496807401439,0.0,0.0,-0.00924679638803303,-42.60774823444185,0.0,0.0,0.0,127.983480751514,127.983480751514
354,0.177015066146851,5.394664779061187e-07,-97.96146996845705,-1.681734191228645e-05,-97.94205511156719,-0.015353961627049804,-219.81719548248188,3.106103401002124e-10,0.0047073637507962,3.5280202872435333e-08,-0.0006581365943760576,-0.00927425296417517,-42.72760887791766,0.0179375636250771,263.31415414037,-0.015353961627049804,-219.81719548248188,0.0,0.0,3.5280202872435333e-08,-0.0006581365943760576,0.0,0.0,-0.00927425296417517,-42.72760887791766,0.0,0.0,0.0,127.977756500244,127.977756500244
355,0.177512526512146,5.410625046953995e-07,-98.23245246493852,-1.6914115325409752e-05,-98.2128732906362,-0.015397271086622406,-220.43736117635967,4.954895438988599e-10,0.004726930484383376,4.978725432807753e-08,-0.0005441957313954686,-0.009300960908398097,-42.84439925674796,0.0179884439882112,264.052373535985,-0.015397271086622406,-220.43736117635967,0.0,0.0,4.978725432807753e-08,-0.0005441957313954686,0.0,0.0,-0.009300960908398097,-42.84439925674796,0.0,0.0,0.0,127.972201883793,127.972201883793
356,0.178009390830994,5.429528675006542e-07,-98.50302502783539,-1.701132641500634e-05,-98.4832632590299,-0.015440528845731615,-221.05678103688103,3.801902364623813e-10,0.004715366865785072,4.368384332163794e-08,-0.0006225723157413036,-0.009327664640316107,-42.96096372237158,0.0180392779334431,264.78962206013,-0.015440528845731615,-221.05678103688103,0.0,0.0,4.368384332163794e-08,-0.0006225723157413036,0.0,0.0,-0.009327664640316107,-42.96096372237158,0.0,0.0,0.0,127.966654151678,127.966654151678
357,0.178506284952164,5.449318358517249e-07,-98.77354567628299,-1.7108590522682182e-05,-98.75359762188592,-0.015483787132094187,-221.6762411591051,1.991518219834988e-10,0.004704616353251176,2.7799404584620373e-08,-0.0007593819105078477,-0.009354327209493599,-43.07722333771837,0.0180900910582526,265.526814947865,-0.015483787132094187,-221.6762411591051,0.0,0.0,2.7799404584620373e-08,-0.0007593819105078477,0.0,0.0,-0.009354327209493599,-43.07722333771837,0.0,0.0,0.0,127.961106300354,127.961106300354
358,0.179002210497856,5.466632532992125e-07,-99.0435471626462,-1.7206430263941955e-05,-99.02342524304748,-0.015526962466418125,-222.29448749690602,6.667194777184445e-10,0.004779881394982612,4.443004339926992e-08,-0.00040933331914871105,-0.009380988475528497,-43.19365548709453,0.0181408325215138,266.262641108905,-0.015526962466418125,-222.29448749690602,0.0,0.0,4.443004339926992e-08,-0.00040933331914871105,0.0,0.0,-0.009380988475528497,-43.19365548709453,0.0,0.0,0.0,127.955569237471,127.955569237471
359,0.179513767361641,5.488951568846958e-07,-99.32192477244412,-1.7307391413872697e-05,-99.30159817588707,-0.015571498477018135,-222.9322212251565,5.332122537185188e-10,0.0047787531424029125,2.793648158841374e-08,-0.00045444691663136636,-0.00940844350604861,-43.31318833812703,0.0181931490917364,267.021459265407,-0.015571498477018135,-222.9322212251565,0.0,0.0,2.793648158841374e-08,-0.00045444691663136636,0.0,0.0,-0.00940844350604861,-43.31318833812703,0.0,0.0,0.0,127.949857771397,127.949857771397
360,0.180010810494423,5.509610933342612e-07,-99.59237462676535,-1.7406030637741644e-05,-99.57189126674359,-0.015614771350906343,-223.55187374921363,-1.7714922686901347e-11,0.00469130409950278,1.2700123163080124e-08,-0.0007688859540189488,-0.009435145228982785,-43.429451114540264,0.0182439949875762,267.758772251682,-0.015614771350906343,-223.55187374921363,0.0,0.0,1.2700123163080124e-08,-0.0007688859540189488,0.0,0.0,-0.009435145228982785,-43.429451114540264,0.0,0.0,0.0,127.944309353828,127.944309353828
361,0.180506855249405,5.524281153902064e-07,-99.86235031382951,-1.750495674321562e-05,-99.84174633800654,-0.015657955552395037,-224.17027996820363,3.759996367843341e-10,0.004715730028569624,5.5549433007288506e-08,-0.0004954423273488598,-0.00946181561617765,-43.545908735960985,0.0182947487975948,268.494737254144,-0.015657955552395037,-224.17027996820363,0.0,0.0,5.5549433007288506e-08,-0.0004954423273488598,0.0,0.0,-0.00946181561617765,-43.545908735960985,0.0,0.0,0.0,127.938771635294,127.938771635294
362,0.181002601981163,5.541726242942491e-07,-100.13209116194335,-1.7603980554070378e-05,-100.11133033898857,-0.015701115939123357,-224.7883183407812,5.26151084148954e-10,0.004770097403570164,3.945699717353203e-08,-0.00040522067631763614,-0.009488453883470358,-43.6619225122641,0.0183454656261795,269.230135210691,-0.015701115939123357,-224.7883183407812,0.0,0.0,3.945699717353203e-08,-0.00040522067631763614,0.0,0.0,-0.009488453883470358,-43.6619225122641,0.0,0.0,0.0,127.933237314224,127.933237314224
363,0.181515425443649,5.564236598890907e-07,-100.4110000079995,-1.770659775639979e-05,-100.39008395657685,-0.015745762284868393,-225.4276550656258,2.812064383071517e-10,0.004757074555469808,1.5230149625718772e-08,-0.0005505662933943155,-0.009516000227652458,-43.78161737034796,0.0183979239072703,269.990732415574,-0.015745762284868393,-225.4276550656258,0.0,0.0,1.5230149625718772e-08,-0.0005505662933943155,0.0,0.0,-0.009516000227652458,-43.78161737034796,0.0,0.0,0.0,127.92751288414,127.92751288414
364,0.18201170861721,5.583858943997909e-07,-100.68093532499496,-1.780620763286811e-05,-100.65986695287646,-0.015788970279411986,-226.0463791939688,3.456753084605482e-10,0.004754984520557631,2.7728969199702116e-08,-0.00045911950550121903,-0.00954266850087019,-43.897670204630785,0.0184486970264908,270.726856022459,-0.015788970279411986,-226.0463791939688,0.0,0.0,2.7728969199702116e-08,-0.00045911950550121903,0.0,0.0,-0.00954266850087019,-43.897670204630785,0.0,0.0,0.0,127.921973228455,127.921973228455
365,0.182508647441864,5.601002647673425e-07,-100.95125907453878,-1.7906833568483445e-05,-100.9300499521925,-0.015832232523830668,-226.66590500149044,4.4117562390505665e-10,0.004766111914972036,3.539164433000688e-08,-0.0003776823678385753,-0.009569456713781335,-44.014360740879745,0.0184995786291264,271.464045789711,-0.015832232523830668,-226.66590500149044,0.0,0.0,3.539164433000688e-08,-0.0003776823678385753,0.0,0.0,-0.009569456713781335,-44.014360740879745,0.0,0.0,0.0,127.916425913572,127.916425913572
366,0.183005526661873,5.620442176986176e-07,-101.22145612310263,-1.8006568821547268e-05,-101.20011919942442,-0.015875493362270218,-227.2853842601721,9.042499853753736e-11,0.004720070559066601,1.9303616423058608e-08,-0.0005448777387803899,-0.009596105300612159,-44.13024196672234,0.0185503868150696,272.200976270421,-0.015875493362270218,-227.2853842601721,0.0,0.0,1.9303616423058608e-08,-0.0005448777387803899,0.0,0.0,-0.009596105300612159,-44.13024196672234,0.0,0.0,0.0,127.910880327225,127.910880327225
367,0.183502465486526,5.638108055739525e-07,-101.49172666761856,-1.810672374052942e-05,-101.47020852694752,-0.015918758135369325,-227.904932024493,5.036232004416298e-11,0.004712346871440616,1.9682585980272747e-08,-0.000548020900529563,-0.009622780916482273,-44.24631558525217,0.0186012123613144,272.938030158756,-0.015918758135369325,-227.904932024493,0.0,0.0,1.9682585980272747e-08,-0.000548020900529563,0.0,0.0,-0.009622780916482273,-44.24631558525217,0.0,0.0,0.0,127.905333697796,127.905333697796
368,0.18401326239109,5.655445668581358e-07,-101.76955002291804,-1.8210835548002237e-05,-101.74783551555524,-0.015963228524589847,-228.54174770833546,7.339815405693023e-10,0.004802984528356827,5.5518304098472714e-08,-0.00010705964619156882,-0.009650321928071776,-44.36620110470147,0.0186535173680772,273.695731813799,-0.015963228524589847,-228.54174770833546,0.0,0.0,5.5518304098472714e-08,-0.00010705964619156882,0.0,0.0,-0.009650321928071776,-44.36620110470147,0.0,0.0,0.0,127.899632781744,127.899632781744
369,0.184509575366974,5.677611190252068e-07,-102.03934182090282,-1.8311779614942202e-05,-102.01747461205852,-0.016006440021970374,-229.16054089775704,2.997761101701616e-10,0.0047901802785499225,3.76454354841539e-09,-0.00036553212486045104,-0.00967702777622926,-44.4820354679713,0.0187043129893211,274.431771871391,-0.016006440021970374,-229.16054089775704,0.0,0.0,3.76454354841539e-09,-0.00036553212486045104,0.0,0.0,-0.00967702777622926,-44.4820354679713,0.0,0.0,0.0,127.894093573093,127.894093573093
370,0.185006335377693,5.697575472194564e-07,-102.30940172325654,-1.841263663419151e-05,-102.28736803204457,-0.01604969127095753,-229.77990547395837,-1.6160852861948073e-10,0.004713397540785933,-7.331161499163904e-09,-0.0006166805756378018,-0.00970370971118793,-44.597879034035735,0.0187551302688603,275.168484998638,-0.01604969127095753,-229.77990547395837,0.0,0.0,-7.331161499163904e-09,-0.0006166805756378018,0.0,0.0,-0.00970370971118793,-44.597879034035735,0.0,0.0,0.0,127.888549298048,127.888549298048
371,0.185501888394356,5.712157185579829e-07,-102.57889427169236,-1.851357354791347e-05,-102.5566833822626,-0.016092837189511565,-230.39775491780313,3.658211383638053e-10,0.004741396353274709,4.9325672950137665e-08,-0.0002819615760019794,-0.009730340961937176,-44.713825670353536,0.0188058312000508,275.90352400101,-0.016092837189511565,-230.39775491780313,0.0,0.0,4.9325672950137665e-08,-0.0002819615760019794,0.0,0.0,-0.009730340961937176,-44.713825670353536,0.0,0.0,0.0,127.883018910885,127.883018910885
372,0.186014041304588,5.730664230525991e-07,-102.85733321737274,-1.861869729027559e-05,-102.83492517079777,-0.01613742702342955,-231.03629062469304,3.4578611827282495e-10,0.004760527454742109,3.374427794560872e-08,-0.0002630702894802265,-0.009757935586010097,-44.8337074304231,0.0188582662199543,276.663119627065,-0.01613742702342955,-231.03629062469304,0.0,0.0,3.374427794560872e-08,-0.0002630702894802265,0.0,0.0,-0.009757935586010097,-44.8337074304231,0.0,0.0,0.0,127.877303540707,127.877303540707
373,0.186510637402534,5.751662668344755e-07,-103.12719982217911,-1.8720570989920764e-05,-103.10464521531003,-0.016180664542808632,-231.6554496107022,1.1754591402495049e-10,0.0047503819270343205,9.64159082395741e-09,-0.00034443576009005565,-0.009784655430404163,-44.94961111396854,0.0189090914041191,277.399535155445,-0.016180664542808632,-231.6554496107022,0.0,0.0,9.64159082395741e-09,-0.00034443576009005565,0.0,0.0,-0.009784655430404163,-44.94961111396854,0.0,0.0,0.0,127.871762037277,127.871762037277
374,0.187006369233131,5.769805137570987e-07,-103.39662790347377,-1.882237180231687e-05,-103.37391645109759,-0.01622382689034266,-232.27354300550024,1.050174185650354e-10,0.004772171806409561,-6.422157157210443e-09,-0.00034232486471102606,-0.00981130622940838,-45.06528748846422,0.018959816547363,278.134694354884,-0.01622382689034266,-232.27354300550024,0.0,0.0,-6.422157157210443e-09,-0.00034232486471102606,0.0,0.0,-0.00981130622940838,-45.06528748846422,0.0,0.0,0.0,127.866229921579,127.866229921579
375,0.187500908970833,5.787732158394313e-07,-103.66539926277677,-1.892478414135234e-05,-103.64249058067625,-0.016266883165853733,-232.8901228757653,4.438839595981662e-10,0.004784521371926684,3.221417057525124e-08,-0.0001315696516004375,-0.009837962742363284,-45.180973001314186,0.019010453896084,278.868088054944,-0.016266883165853733,-232.8901228757653,0.0,0.0,3.221417057525124e-08,-0.0001315696516004375,0.0,0.0,-0.009837962742363284,-45.180973001314186,0.0,0.0,0.0,127.860711634159,127.860711634159
376,0.188012421131134,5.808115721144699e-07,-103.94330491020906,-1.9030468000784823e-05,-103.92021671506323,-0.016311421222479333,-233.52791673189728,3.1776917371514074e-11,0.0047201009475314835,1.9728999763456048e-08,-0.0003604618978703439,-0.009865458301110614,-45.30010861191344,0.0190627934019268,279.626554235399,-0.016311421222479333,-233.52791673189728,0.0,0.0,1.9728999763456048e-08,-0.0003604618978703439,0.0,0.0,-0.009865458301110614,-45.30010861191344,0.0,0.0,0.0,127.855003982782,127.855003982782
377,0.188507199287415,5.82386272387527e-07,-104.21215706859249,-1.913339951976207e-05,-104.18889929452631,-0.016354499350076553,-234.14481747299396,-7.986139025234505e-11,0.00471273410158177,9.817965729320085e-09,-0.00039744048828064193,-0.009892095666771517,-45.41571533433342,0.0191134395674473,280.36027391243,-0.016354499350076553,-234.14481747299396,0.0,0.0,9.817965729320085e-09,-0.00039744048828064193,0.0,0.0,-0.009892095666771517,-45.41571533433342,0.0,0.0,0.0,127.849483430386,127.849483430386
378,0.189003244042397,5.840486396259015e-07,-104.48166811782895,-1.9237289090846784e-05,-104.45818512930316,-0.016397687844033424,-234.76328492745571,5.174239353299709e-10,0.0048047050323996995,3.0975748949818607e-08,-3.0235054470684634e-05,-0.00991884010967059,-45.531711516815825,0.0191642356009035,281.095834440602,-0.016397687844033424,-234.76328492745571,0.0,0.0,3.0975748949818607e-08,-3.0235054470684634e-05,0.0,0.0,-0.00991884010967059,-45.531711516815825,0.0,0.0,0.0,127.843948870897,127.843948870897
379,0.189515173435211,5.862884889008217e-07,-104.75963549348941,-1.9344398903316828e-05,-104.7359488826562,-0.016442260459260557,-235.40157845325456,-2.6977558551981596e-11,0.004776995808474125,-2.5608751001805343e-08,-0.00032937826143305545,-0.009946381514869667,-45.65078325589016,0.0192166284451686,281.85474519718,-0.016442260459260557,-235.40157845325456,0.0,0.0,-2.5608751001805343e-08,-0.00032937826143305545,0.0,0.0,-0.009946381514869667,-45.65078325589016,0.0,0.0,0.0,127.838237315416,127.838237315416
380,0.190012976527214,5.88216031568388e-07,-105.0299267054116,-1.9449128397004796e-05,-105.00608013094114,-0.016485601224969875,-236.02224720732852,1.035517573438028e-10,0.004737125911359901,2.004218316742881e-08,-0.0002385620135317211,-0.009973191276592403,-45.76682971798099,0.0192675886037465,282.592756931134,-0.016485601224969875,-236.02224720732852,0.0,0.0,2.004218316742881e-08,-0.0002385620135317211,0.0,0.0,-0.009973191276592403,-45.76682971798099,0.0,0.0,0.0,127.832683384418,127.832683384418
381,0.190509781241417,5.896678912388382e-07,-105.29976263378168,-1.9554069412860438e-05,-105.27573405219893,-0.01652885622418617,-236.6416808830505,3.1872790924829816e-10,0.004755538782743181,3.772902427536693e-08,-8.649848148726852e-05,-0.009999965610803973,-45.88292539135986,0.0193184570555684,283.329398734419,-0.01652885622418617,-236.6416808830505,0.0,0.0,3.772902427536693e-08,-8.649848148726852e-05,0.0,0.0,-0.009999965610803973,-45.88292539135986,0.0,0.0,0.0,127.827140957117,127.827140957117
382,0.191007971763611,5.914788586452629e-07,-105.57023717882278,-1.9659514284641036e-05,-105.54604817436038,-0.01657223223446584,-237.26284173504695,-1.3713767541039769e-10,0.004742076323248735,-1.5619653546703376e-08,-0.0003403997296446839,-0.01002680995155523,-45.99905882587883,0.0193694652968085,284.067972089212,-0.01657223223446584,-237.26284173504695,0.0,0.0,-1.5619653546703376e-08,-0.0003403997296446839,0.0,0.0,-0.01002680995155523,-45.99905882587883,0.0,0.0,0.0,127.821583658457,127.821583658457
383,0.191504269838333,5.934656796488168e-07,-105.83962033571581,-1.9764440106951858e-05,-105.81526277258213,-0.01661544376298228,-237.88165187156423,1.721038258185633e-11,0.004740830590634869,6.750172272626626e-09,-0.00021027057419007415,-0.010053513028034852,-46.11449948962363,0.0194202596952521,284.803655965441,-0.01661544376298228,-237.88165187156423,0.0,0.0,6.750172272626626e-09,-0.00021027057419007415,0.0,0.0,-0.010053513028034852,-46.11449948962363,0.0,0.0,0.0,127.816046595573,127.816046595573
384,0.192001402378082,5.951508333156562e-07,-106.10952183142649,-1.9870227764355236e-05,-106.08498597881245,-0.016658728586420677,-238.50152126702173,3.4130181830361086e-10,0.00478673421988284,2.0791598065648537e-08,-1.3692228819340402e-05,-0.010080322039895602,-46.2305088742503,0.0194711716577258,285.540698489353,-0.016658728586420677,-238.50152126702173,0.0,0.0,2.0791598065648537e-08,-1.3692228819340402e-05,0.0,0.0,-0.010080322039895602,-46.2305088742503,0.0,0.0,0.0,127.810501098633,127.810501098633
385,0.19251424074173,5.970798177600724e-07,-106.38790071466492,-1.9979772568589414e-05,-106.36315270748926,-0.016703380792050006,-239.14097341305163,3.7957822245623174e-10,0.004792851889775216,2.207110259170647e-08,9.393212314742926e-06,-0.0101080034641834,-46.35014601778631,0.0195237051674233,286.300972572804,-0.016703380792050006,-239.14097341305163,0.0,0.0,2.207110259170647e-08,9.393212314742926e-06,0.0,0.0,-0.0101080034641834,-46.35014601778631,0.0,0.0,0.0,127.804780036211,127.804780036211
386,0.193012401461601,5.990158130241077e-07,-106.65826689411904,-2.008562336423666e-05,-106.63329559328903,-0.016746755793888884,-239.7621272917701,-5.322755256755584e-10,0.004702439960162718,-4.200529311823163e-08,-0.00045153866959539543,-0.010134800271860587,-46.46589270355711,0.0195746879914727,287.039374505438,-0.016746755793888884,-239.7621272917701,0.0,0.0,-4.200529311823163e-08,-0.00045153866959539543,0.0,0.0,-0.010134800271860587,-46.46589270355711,0.0,0.0,0.0,127.79922375083,127.79922375083
387,0.193510010838509,6.005018311556244e-07,-106.92839294155866,-2.0191941615444884e-05,-106.9032381593986,-0.01679008248113092,-240.38259728241306,-8.665031047783602e-12,0.004721323819288282,1.6872060000464677e-08,-0.0001722695834523132,-0.010161609946020712,-46.58190428548057,0.0196256361551324,287.777084653123,-0.01679008248113092,-240.38259728241306,0.0,0.0,1.6872060000464677e-08,-0.0001722695834523132,0.0,0.0,-0.010161609946020712,-46.58190428548057,0.0,0.0,0.0,127.793673157692,127.793673157692
388,0.19400691986084,6.021795080106832e-07,-107.1981120672978,-2.029883319680741e-05,-107.17271529600694,-0.016833348138521206,-241.00219537830185,7.06745742125828e-10,0.0048025481428300805,6.054768574623747e-08,0.00021979900933247673,-0.0101884422548465,-46.69787280018514,0.0196765438413842,288.513735650572,-0.016833348138521206,-241.00219537830185,0.0,0.0,6.054768574623747e-08,0.00021979900933247673,0.0,0.0,-0.0101884422548465,-46.69787280018514,0.0,0.0,0.0,127.788130909204,127.788130909204
389,0.194504156708717,6.043221199558537e-07,-107.46787218015557,-2.0405628989140034e-05,-107.4422531857141,-0.016876644529723754,-241.62223426686555,-2.883339035906136e-10,0.004759909164770074,-4.6616458487676565e-08,-0.0003116689928948375,-0.010215240046992074,-46.81339227387045,0.0197274599621289,289.250720192027,-0.016876644529723754,-241.62223426686555,0.0,0.0,-4.6616458487676565e-08,-0.0003116689928948375,0.0,0.0,-0.010215240046992074,-46.81339227387045,0.0,0.0,0.0,127.782585054636,127.782585054636
390,0.195000141859055,6.061176302880563e-07,-107.73697119660503,-2.0512437755427894e-05,-107.71116882272165,-0.0169198311619917,-242.2406920347388,-1.4504071443916258e-10,0.0047382478914777815,-1.1720634263318322e-08,-0.00018527676348325793,-0.010241974558193243,-46.928826567213505,0.0197782494303364,289.985893647786,-0.0169198311619917,-242.2406920347388,0.0,0.0,-1.1720634263318322e-08,-0.00018527676348325793,0.0,0.0,-0.010241974558193243,-46.928826567213505,0.0,0.0,0.0,127.777053415775,127.777053415775
391,0.195512607693672,6.076298842227499e-07,-108.01505502159905,-2.0623291126602354e-05,-107.98905690416403,-0.01696445156015774,-242.87970117396122,2.1400370905375715e-10,0.004758833625080042,2.3161664380534532e-08,2.0558969944062353e-05,-0.010269622328443686,-47.04826925738796,0.0198307383925989,290.745554441483,-0.01696445156015774,-242.87970117396122,0.0,0.0,2.3161664380534532e-08,2.0558969944062353e-05,0.0,0.0,-0.010269622328443686,-47.04826925738796,0.0,0.0,0.0,127.771337866783,127.771337866783
392,0.19600847363472,6.094863097956311e-07,-108.28402047457602,-2.073071187612254e-05,-108.25782660461344,-0.017007627989403667,-243.49801858036082,6.462643880201776e-11,0.004737876221831323,1.616485150523951e-08,-8.127591854687812e-05,-0.010296360579599702,-47.16358081622263,0.0198815210973716,291.480487411623,-0.017007627989403667,-243.49801858036082,0.0,0.0,1.616485150523951e-08,-8.127591854687812e-05,0.0,0.0,-0.010296360579599702,-47.16358081622263,0.0,0.0,0.0,127.765807986259,127.765807986259
393,0.196503430604935,6.113234221081041e-07,-108.55246692603052,-2.083821406500976e-05,-108.52608608879197,-0.017050725640485376,-244.11521465539357,-1.557989701011865e-10,0.00472980094622972,-7.826400132943729e-09,-0.00018998086475866896,-0.01032305016139241,-47.27867697642564,0.0199322112196984,292.214066709281,-0.017050725640485376,-244.11521465539357,0.0,0.0,-7.826400132943729e-09,-0.00018998086475866896,0.0,0.0,-0.01032305016139241,-47.27867697642564,0.0,0.0,0.0,127.760288238525,127.760288238525
394,0.197014853358269,6.129419217498895e-07,-108.82989168558244,-2.0949892245189623e-05,-108.8032672071128,-0.01709525571736382,-244.75294292630537,3.881434146496922e-11,0.004785269240532049,-1.7122672701735763e-08,-7.824730370427103e-05,-0.010350659595624468,-47.397800807573354,0.0199846031079061,292.972099174349,-0.01709525571736382,-244.75294292630537,0.0,0.0,-1.7122672701735763e-08,-7.824730370427103e-05,0.0,0.0,-0.010350659595624468,-47.397800807573354,0.0,0.0,0.0,127.754584699869,127.754584699869
395,0.197509169578552,6.148731217503405e-07,-109.09791862671261,-2.1058203757954296e-05,-109.07108077855823,-0.017138297820528784,-245.36933302691364,2.982761997671478e-10,0.004788589147997714,1.5114597310327865e-08,4.2515102306228785e-05,-0.010377350470608476,-47.51271924844162,0.0200352464122911,293.704655418108,-0.017138297820528784,-245.36933302691364,0.0,0.0,1.5114597310327865e-08,4.2515102306228785e-05,0.0,0.0,-0.010377350470608476,-47.51271924844162,0.0,0.0,0.0,127.749072730541,127.749072730541
396,0.198003023862839,6.167175165682477e-07,-109.3656469101533,-2.1166301534882387e-05,-109.33862151460409,-0.017181299928539343,-245.9851744045644,-2.9832600241077996e-10,0.004704204135035944,-1.0026212275470058e-08,-0.00024279569043802283,-0.010403962766607142,-47.62730404090618,0.0200858148173315,294.436487239655,-0.017181299928539343,-245.9851744045644,0.0,0.0,-1.0026212275470058e-08,-0.00024279569043802283,0.0,0.0,-0.010403962766607142,-47.62730404090618,0.0,0.0,0.0,127.74356558919,127.74356558919
397,0.198512226343155,6.181782631576187e-07,-109.64178245266635,-2.1278525192762952e-05,-109.61450761387705,-0.017225637096479063,-246.62013714638059,9.118686693328525e-11,0.004732966046731034,2.3081354241728546e-08,-4.4250549448178665e-05,-0.01043144908486117,-47.745821796431485,0.0201379779657233,295.191152147807,-0.017225637096479063,-246.62013714638059,0.0,0.0,2.3081354241728546e-08,-4.4250549448178665e-05,0.0,0.0,-0.01043144908486117,-47.745821796431485,0.0,0.0,0.0,127.737887740135,127.737887740135
398,0.199005037546158,6.198339597545958e-07,-109.90894197741169,-2.138779506669418e-05,-109.8814287492257,-0.017268546266833367,-247.23464302114718,1.3235542099747189e-10,0.004779751253913923,-8.468883567633935e-10,-2.610201671120596e-05,-0.010458087741595732,-47.86049307927684,0.0201884805570566,295.921441333671,-0.017268546266833367,-247.23464302114718,0.0,0.0,-8.468883567633935e-10,-2.610201671120596e-05,0.0,0.0,-0.010458087741595732,-47.86049307927684,0.0,0.0,0.0,127.732392847538,127.732392847538
399,0.199513286352158,6.219194940907061e-07,-110.18434645161602,-2.1500349826133946e-05,-110.15660361572718,-0.01731280263839725,-247.8684551886603,-2.687755767714137e-10,0.004752806971795538,-3.618718759669826e-08,-0.00023145149098594567,-0.010485506996688956,-47.97830795168432,0.020240539884767,296.674496135553,-0.01731280263839725,-247.8684551886603,0.0,0.0,-3.618718759669826e-08,-0.00023145149098594567,0.0,0.0,-0.010485506996688956,-47.97830795168432,0.0,0.0,0.0,127.726726204157,127.726726204157
400,0.200006172060966,6.235758638181544e-07,-110.45145851998151,-2.1609955608410913e-05,-110.42351962090021,-0.017355719901315615,-248.48307459866317,3.019013676872978e-10,0.004760378035844545,3.396642136050407e-08,7.616615807413159e-05,-0.010512116857994332,-48.09279911574658,0.0202910345105722,297.404831981792,-0.017355719901315615,-248.48307459866317,0.0,0.0,3.396642136050407e-08,7.616615807413159e-05,0.0,0.0,-0.010512116857994332,-48.09279911574658,0.0,0.0,0.0,127.721230894327,127.721230894327
401,0.200512647628784,6.251166451211258e-07,-110.72595306190622,-2.1723000718841926e-05,-110.69779064505073,-0.01739981984935316,-249.11465492257003,1.1846030002873058e-10,0.004761115966352309,9.437892131423184e-09,-2.396673847101392e-05,-0.010539481476952908,-48.210543452489844,0.0203429317668963,298.155337626223,-0.01739981984935316,-249.11465492257003,0.0,0.0,9.437892131423184e-09,-2.396673847101392e-05,0.0,0.0,-0.010539481476952908,-48.210543452489844,0.0,0.0,0.0,127.715584248304,127.715584248304
402,0.201005339622498,6.269341027291666e-07,-110.99287225621381,-2.1833030903309723e-05,-110.96451338878481,-0.01744272050638869,-249.72903722503062,-3.2131444561592473e-10,0.004724705628763349,-2.4967066810212785e-08,-0.00024477682487839475,-0.010566082728900748,-48.324838576708885,0.0203934077577259,298.885300746762,-0.01744272050638869,-249.72903722503062,0.0,0.0,-2.4967066810212785e-08,-0.00024477682487839475,0.0,0.0,-0.010566082728900748,-48.324838576708885,0.0,0.0,0.0,127.710091263056,127.710091263056
403,0.201512679457664,6.286493292559053e-07,-111.26774646604997,-2.1946621759732238e-05,-111.2391859004897,-0.017486896738339423,-250.36171084520015,-1.3185957417695226e-10,0.0047269774378325006,-2.1363384861001865e-09,-0.0001508729729638479,-0.010593489017794023,-48.44263033046769,0.0204453918807363,299.637018067651,-0.017486896738339423,-250.36171084520015,0.0,0.0,-2.1363384861001865e-09,-0.0001508729729638479,0.0,0.0,-0.010593489017794023,-48.44263033046769,0.0,0.0,0.0,127.704435676336,127.704435676336
404,0.202005282044411,6.302031523447602e-07,-111.5346500361689,-2.2057097473550975e-05,-111.50587948001291,-0.017529790283308897,-250.97600512599564,5.296616589902068e-10,0.004802044286725119,3.711599881703511e-08,0.00017480631480388492,-0.010620099356577808,-48.55703439219501,0.0204958665255816,300.366909093463,-0.017529790283308897,-250.97600512599564,0.0,0.0,3.711599881703511e-08,0.00017480631480388492,0.0,0.0,-0.010620099356577808,-48.55703439219501,0.0,0.0,0.0,127.698943912983,127.698943912983
405,0.202514380216599,6.321637485975529e-07,-111.81040702811309,-2.217155157580892e-05,-111.78139459841958,-0.017574121115952163,-251.6108905384788,7.579263595116222e-11,0.004778290531184896,-6.503981128197378e-09,-5.230706169624722e-05,-0.010647612364966969,-48.67511438998131,0.0205480382044157,301.121162191299,-0.017574121115952163,-251.6108905384788,0.0,0.0,-6.503981128197378e-09,-5.230706169624722e-05,0.0,0.0,-0.010647612364966969,-48.67511438998131,0.0,0.0,0.0,127.693268567324,127.693268567324
406,0.203007712960243,6.339095499744788e-07,-112.07761837568448,-2.2282524764485302e-05,-112.04840155482084,-0.017617079440532535,-252.22610191811614,-6.410634988715579e-10,0.004697214659480594,-4.9393038901378e-08,-0.00039951891328242366,-0.010674258004100512,-48.78951220127644,0.0205985865745038,301.852049593217,-0.017617079440532535,-252.22610191811614,0.0,0.0,-4.9393038901378e-08,-0.00039951891328242366,0.0,0.0,-0.010674258004100512,-48.78951220127644,0.0,0.0,0.0,127.687769621611,127.687769621611
407,0.203500017523766,6.352485841193197e-07,-112.34435057216436,-2.239360751542042e-05,-112.31490303876095,-0.01765994752163462,-252.8400480784493,3.5907904583308394e-10,0.0047483536327902675,4.746081276236492e-08,8.741476273706056e-05,-0.010700861500872426,-48.90387092022277,0.0206490359389293,302.581508152657,-0.01765994752163462,-252.8400480784493,0.0,0.0,4.746081276236492e-08,8.741476273706056e-05,0.0,0.0,-0.010700861500872426,-48.90387092022277,0.0,0.0,0.0,127.682282030582,127.682282030582
408,0.204007908701897,6.369839875018339e-07,-112.61942146263138,-2.250857095963578e-05,-112.58973942545632,-0.017704173133529434,-253.47341391574878,3.415308403572752e-10,0.004779123678018445,2.7029553129188477e-08,5.791901989954501e-05,-0.010728320424167465,-49.02169172007384,0.020701089645423,303.333943630639,-0.017704173133529434,-253.47341391574878,0.0,0.0,2.7029553129188477e-08,5.791901989954501e-05,0.0,0.0,-0.010728320424167465,-49.02169172007384,0.0,0.0,0.0,127.676620543003,127.676620543003
409,0.204500302672386,6.389444223730547e-07,-112.88600811010453,-2.2620106866298935e-05,-112.856109099644,-0.017747051492179186,-254.08751096791028,-2.92943854361797e-10,0.004749710397999544,-3.656511269909469e-08,-0.00022933911013517974,-0.010754918013392973,-49.13569233687916,0.0207515447670694,304.063367905524,-0.017747051492179186,-254.08751096791028,0.0,0.0,-3.656511269909469e-08,-0.00022933911013517974,0.0,0.0,-0.010754918013392973,-49.13569233687916,0.0,0.0,0.0,127.671132355928,127.671132355928
410,0.205006077885628,6.405069723132488e-07,-113.15991396963437,-2.2735405542790876e-05,-113.12977761578632,-0.017791093119803272,-254.71825403384386,-7.787976175913638e-11,0.004754112766749283,-1.1549328277081436e-08,-0.00014341331888588328,-0.010782288633198663,-49.25309917398797,0.020803395392968,304.812679283403,-0.017791093119803272,-254.71825403384386,0.0,0.0,-1.1549328277081436e-08,-0.00014341331888588328,0.0,0.0,-0.010782288633198663,-49.25309917398797,0.0,0.0,0.0,127.665495067835,127.665495067835
411,0.205513149499893,6.42115203391555e-07,-113.43447005545283,-2.2851128271123925e-05,-113.40408720423866,-0.017835247294078663,-255.35062169580166,1.9413181247152512e-10,0.00476522568468409,1.623480652016907e-08,1.2241024549252334e-05,-0.010809706483540371,-49.3707484125616,0.0208553667646454,305.563866995665,-0.017835247294078663,-255.35062169580166,0.0,0.0,1.623480652016907e-08,1.2241024549252334e-05,0.0,0.0,-0.010809706483540371,-49.3707484125616,0.0,0.0,0.0,127.659843504429,127.659843504429
412,0.206005066633224,6.43905541575713e-07,-113.70073281990662,-2.2963395362535188e-05,-113.67012136526115,-0.01787808313782299,-255.9640912214308,1.0204550219788122e-11,0.004729243935787697,1.4193415521216797e-08,-8.278886782815226e-05,-0.010836270880023145,-49.48455100310876,0.0209057683666612,306.292490832116,-0.01787808313782299,-255.9640912214308,0.0,0.0,1.4193415521216797e-08,-8.278886782815226e-05,0.0,0.0,-0.010836270880023145,-49.48455100310876,0.0,0.0,0.0,127.654361248016,127.654361248016
413,0.206514224410057,6.454742142429308e-07,-113.97635816330263,-2.308028178411582e-05,-113.9455246461322,-0.017922421118745445,-256.5991019580084,-1.9006200588503631e-10,0.004727867476465104,-1.0230698867633315e-08,-0.00017053477259250114,-0.01086380792034076,-49.6026099937488,0.0209579587365721,307.046756819351,-0.017922421118745445,-256.5991019580084,0.0,0.0,-1.0230698867633315e-08,-0.00017053477259250114,0.0,0.0,-0.01086380792034076,-49.6026099937488,0.0,0.0,0.0,127.648686438799,127.648686438799
414,0.207006976008415,6.469956407056255e-07,-114.24307064629413,-2.319400783193353e-05,-114.21199940797234,-0.017965328374132956,-257.2135982249732,2.4747976007636555e-10,0.004797350157527872,3.976489545494336e-09,4.020488023615259e-06,-0.010890490107043098,-49.71691374713624,0.0210084824949983,307.776650587489,-0.017965328374132956,-257.2135982249732,0.0,0.0,3.976489545494336e-09,4.020488023615259e-06,0.0,0.0,-0.010890490107043098,-49.71691374713624,0.0,0.0,0.0,127.643195271492,127.643195271492
415,0.207514941692352,6.489410405893211e-07,-114.51789393325375,-2.3311448109646294e-05,-114.48660775257501,-0.01800956220777353,-257.8471066844104,-6.093530746970289e-12,0.004768068082878851,-1.083669730662719e-08,-0.00011357784404427681,-0.010917983166229541,-49.834504350802455,0.0210605610366531,308.528993220668,-0.01800956220777353,-257.8471066844104,0.0,0.0,-1.083669730662719e-08,-0.00011357784404427681,0.0,0.0,-0.010917983166229541,-49.834504350802455,0.0,0.0,0.0,127.63753503561,127.63753503561
416,0.208007901906967,6.506254975894941e-07,-114.78461432780028,-2.3425196977928228e-05,-114.75308744106354,-0.018052490212960882,-258.4619282707998,-1.3098267876205415e-10,0.004715693006050391,4.7395374587181995e-09,-0.00015778336373535828,-0.010944604249628613,-49.94841601990565,0.02111107089262,309.25910077839,-0.018052490212960882,-258.4619282707998,0.0,0.0,4.7395374587181995e-09,-0.00015778336373535828,0.0,0.0,-0.010944604249628613,-49.94841601990565,0.0,0.0,0.0,127.632041186094,127.632041186094
417,0.208500936627388,6.518959848893651e-07,-115.05142343415551,-2.353982826930639e-05,-115.01967304054361,-0.018095422318454835,-259.07679197787684,1.593652852073312e-10,0.004748917675528444,2.1095657375842408e-08,-2.1826654331079524e-05,-0.010971290997038101,-50.06273000727303,0.0211616183117892,309.989380980157,-0.018095422318454835,-259.07679197787684,0.0,0.0,2.1095657375842408e-08,-2.1826654331079524e-05,0.0,0.0,-0.010971290997038101,-50.06273000727303,0.0,0.0,0.0,127.626547336578,127.626547336578
418,0.209010794758797,6.536070740082002e-07,-115.32721917239414,-2.3658963543655833e-05,-115.29524905129037,-0.018139820710441686,-259.7126618349845,-8.991883447412522e-11,0.00476245352470998,-1.7571493026234603e-08,-0.00017359953133724208,-0.010998919065958493,-50.18083934977314,0.0212139076127087,310.744501663036,-0.018139820710441686,-259.7126618349845,0.0,0.0,-1.7571493026234603e-08,-0.00017359953133724208,0.0,0.0,-0.010998919065958493,-50.18083934977314,0.0,0.0,0.0,127.620865881443,127.620865881443
419,0.209502026438713,6.554530450160461e-07,-115.59288124712478,-2.377364932279185e-05,-115.56065395541582,-0.018182597313994728,-260.3253253997864,-4.5807422383355866e-11,0.004754197318043172,-7.1015388652201985e-09,-0.0001380676853691201,-0.01102549393633281,-50.29435121708047,0.0212642640888198,311.471950212356,-0.018182597313994728,-260.3253253997864,0.0,0.0,-7.1015388652201985e-09,-0.0001380676853691201,0.0,0.0,-0.01102549393633281,-50.29435121708047,0.0,0.0,0.0,127.615392386913,127.615392386913
420,0.210010632872581,6.569761358933437e-07,-115.86798912818455,-2.38926830269199e-05,-115.83549756752998,-0.018226886685027956,-260.9596371330796,2.2309259821012126e-10,0.0047658599586002486,1.9319405789033163e-08,1.395815441986927e-05,-0.011053011190616835,-50.41202247202947,0.0213164027429828,312.225171384994,-0.018226886685027956,-260.9596371330796,0.0,0.0,1.9319405789033163e-08,1.395815441986927e-05,0.0,0.0,-0.011053011190616835,-50.41202247202947,0.0,0.0,0.0,127.609726011753,127.609726011753
421,0.210504099726677,6.585199750768262e-07,-116.13485280911132,-2.4008549489747108e-05,-116.10213193614229,-0.018269857342098433,-261.57506027686986,1.3403710597672733e-10,0.00476393034503074,9.845196860092014e-09,-2.4474181274279878e-05,-0.01107972402814224,-50.52616451987609,0.0213669967165396,312.955930699108,-0.018269857342098433,-261.57506027686986,0.0,0.0,9.845196860092014e-09,-2.4474181274279878e-05,0.0,0.0,-0.01107972402814224,-50.52616451987609,0.0,0.0,0.0,127.604227662086,127.604227662086
422,0.211011365056038,6.602510573980971e-07,-116.40913048465622,-2.4128118755324317e-05,-116.3761859331738,-0.01831403130615041,-262.2077225991762,-3.9156620510323304e-10,0.0047152655998252534,-2.7397896183281768e-08,-0.00030372734789694124,-0.011107212095731017,-50.64349715077519,0.0214190215888823,313.707118072223,-0.01831403130615041,-262.2077225991762,0.0,0.0,-2.7397896183281768e-08,-0.00030372734789694124,0.0,0.0,-0.011107212095731017,-50.64349715077519,0.0,0.0,0.0,127.598576158285,127.598576158285
423,0.211505025625229,6.617110151047839e-07,-116.67608062845254,-2.424442709465072e-05,-116.64290166705929,-0.01835701976371152,-262.82342361817444,-9.725115865623398e-12,0.004741103117638672,4.773457288330124e-09,-9.860319674965932e-05,-0.011133936397045859,-50.75770153710746,0.0214696367581961,314.438182462507,-0.01835701976371152,-262.82342361817444,0.0,0.0,4.773457288330124e-09,-9.860319674965932e-05,0.0,0.0,-0.011133936397045859,-50.75770153710746,0.0,0.0,0.0,127.593076378107,127.593076378107
424,0.212000250816345,6.632464614988172e-07,-116.94383944538691,-2.4361242239512787e-05,-116.91043522571584,-0.018400145401622558,-263.44107605370493,5.428155728969055e-10,0.004806821778706392,3.599503994466838e-08,0.00016507443654568857,-0.011160740444633997,-50.87215558442676,0.0215204105905221,315.171521933958,-0.018400145401622558,-263.44107605370493,0.0,0.0,3.599503994466838e-08,0.00016507443654568857,0.0,0.0,-0.011160740444633997,-50.87215558442676,0.0,0.0,0.0,127.587559223175,127.587559223175
425,0.212509453296661,6.651222742379586e-07,-117.21907716772125,-2.4481803310881015e-05,-117.185421359089,-0.018444488184178563,-264.0761583738139,-1.7142753376394854e-10,0.004756494241116276,-2.3536944155777872e-08,-0.00017982821316280814,-0.011188328512770058,-50.989784005730506,0.0215726317144571,315.925482587649,-0.018444488184178563,-264.0761583738139,0.0,0.0,-2.3536944155777872e-08,-0.00017982821316280814,0.0,0.0,-0.011188328512770058,-50.989784005730506,0.0,0.0,0.0,127.581886559725,127.581886559725
426,0.213002130389214,6.666543113141049e-07,-117.4854310760086,-2.459875035582399e-05,-117.45152985142823,-0.01848739315261232,-264.690657846542,-3.076906461505264e-10,0.004713407658211868,-1.570034010493603e-08,-0.0002518269904712148,-0.011215028883421371,-51.103678226684366,0.0216231631353608,316.655046827566,-0.01848739315261232,-264.690657846542,0.0,0.0,-1.570034010493603e-08,-0.0002518269904712148,0.0,0.0,-0.011215028883421371,-51.103678226684366,0.0,0.0,0.0,127.576397776604,127.576397776604
427,0.213512852787971,6.679750970213633e-07,-117.76155985523768,-2.472027618243083e-05,-117.72741609140387,-0.018531868711436347,-265.3276575775748,1.7603482851531013e-10,0.004752178728179509,2.167340448548013e-08,-1.5445717547885854e-06,-0.011242710658313662,-51.221847599745026,0.0216755464157928,317.411362507417,-0.018531868711436347,-265.3276575775748,0.0,0.0,2.167340448548013e-08,-1.5445717547885854e-06,0.0,0.0,-0.011242710658313662,-51.221847599745026,0.0,0.0,0.0,127.570708692074,127.570708692074
428,0.214006558060646,6.696301134062449e-07,-118.02837717915321,-2.483769642207285e-05,-117.99396470610914,-0.018574862911108922,-265.94343538110314,2.3240483833601142e-10,0.004772575535943177,1.6616988850006223e-08,-1.7328793244218135e-05,-0.011269430793070944,-51.335580569450784,0.0217261644089828,318.142304958165,-0.018574862911108922,-265.94343538110314,0.0,0.0,1.6616988850006223e-08,-1.7328793244218135e-05,0.0,0.0,-0.011269430793070944,-51.335580569450784,0.0,0.0,0.0,127.56520947814,127.56520947814
429,0.214515268802643,6.713528084401854e-07,-118.30329359517226,-2.4959453824703185e-05,-118.26857940068791,-0.018619164507631455,-266.5779508150054,-1.1982550456580475e-10,0.004753215114489843,-1.5231810556800773e-08,-0.00017455351257166906,-0.011297011249114825,-51.45290141555804,0.0217783464374629,318.895486164907,-0.018619164507631455,-266.5779508150054,0.0,0.0,-1.5231810556800773e-08,-0.00017455351257166906,0.0,0.0,-0.011297011249114825,-51.45290141555804,0.0,0.0,0.0,127.559542834759,127.559542834759
430,0.215009227395058,6.727842243590623e-07,-118.57021829435494,-2.5078339097716543e-05,-118.53527577504113,-0.018662179458624854,-267.19404078517806,-1.4250212418951906e-11,0.004763298606294739,-8.152617249772805e-09,-0.0001314499112403989,-0.011323826811749144,-51.567183069690564,0.0218290317051445,319.626873233458,-0.018662179458624854,-267.19404078517806,0.0,0.0,-8.152617249772805e-09,-0.0001314499112403989,0.0,0.0,-0.011323826811749144,-51.567183069690564,0.0,0.0,0.0,127.554040908813,127.554040908813
431,0.215504676103592,6.742624370484802e-07,-118.83789230272734,-2.5197448995059143e-05,-118.80273014294085,-0.01870532546441667,-267.81200338041873,2.5216930841711586e-10,0.0047635665019113895,2.3866582655663644e-08,-3.091954609212002e-05,-0.011350672930299066,-51.68143008950551,0.0218798448821516,320.360379463181,-0.01870532546441667,-267.81200338041873,0.0,0.0,2.3866582655663644e-08,-3.091954609212002e-05,0.0,0.0,-0.011350672930299066,-51.68143008950551,0.0,0.0,0.0,127.548522591591,127.548522591591
432,0.216013565659523,6.75931524484302e-07,-119.11278698180787,-2.5319907429218934e-05,-119.07732410947904,-0.018749642104270294,-268.4467272139274,-1.5660591113525175e-10,0.004720583842030383,-1.782483139796661e-09,-0.0002405186017738249,-0.011378223976113077,-51.798746426018816,0.0219320245632595,321.113719179304,-0.018749642104270294,-268.4467272139274,0.0,0.0,-1.782483139796661e-09,-0.0002405186017738249,0.0,0.0,-0.011378223976113077,-51.798746426018816,0.0,0.0,0.0,127.542854785919,127.542854785919
433,0.216507598757744,6.774257042532619e-07,-119.37963469715193,-2.543931369250877e-05,-119.34394120791933,-0.01879266549280786,-269.0629242336545,1.1064298267191826e-10,0.004753717514623805,1.20590541416224e-08,-0.00011112943362110056,-0.011404994248201116,-51.913018122187886,0.0219826935961862,321.84513691183,-0.01879266549280786,-269.0629242336545,0.0,0.0,1.20590541416224e-08,-0.00011112943362110056,0.0,0.0,-0.011404994248201116,-51.913018122187886,0.0,0.0,0.0,127.537352979183,127.537352979183
434,0.217001587152481,6.78953125269757e-07,-119.64643640946367,-2.555972110587471e-05,-119.61049728853789,-0.018835684547594805,-269.67907422464856,1.9168415804561895e-10,0.004797716585425776,-1.7183344652262121e-09,-5.2545529708531344e-05,-0.011431838886769923,-52.02736918555666,0.0220333975244375,322.576488680049,-0.018835684547594805,-269.67907422464856,0.0,0.0,-1.7183344652262121e-09,-5.2545529708531344e-05,0.0,0.0,-0.011431838886769923,-52.02736918555666,0.0,0.0,0.0,127.531851023436,127.531851023436
435,0.217511460185051,6.807471660557122e-07,-119.92170137688771,-2.5683524672394233e-05,-119.88552458287509,-0.018880086511263813,-270.3150299630823,-1.4448182955460334e-10,0.004752158798892332,-1.7102917540601528e-08,-0.0001809848517702706,-0.011459463135677831,-52.14477604246775,0.0220856881744245,323.331171681166,-0.018880086511263813,-270.3150299630823,0.0,0.0,-1.7102917540601528e-08,-0.0001809848517702706,0.0,0.0,-0.011459463135677831,-52.14477604246775,0.0,0.0,0.0,127.52617302537,127.52617302537
436,0.218006312847137,6.821188746987846e-07,-120.18891642420623,-2.5803792259561507e-05,-120.15250451691337,-0.018923182075709404,-270.93227093634584,2.4602758790041547e-11,0.004726564124324654,1.701575898427409e-08,-8.369543412322132e-05,-0.01148625566583129,-52.25872196651293,0.0221364305025124,324.063681167079,-0.018923182075709404,-270.93227093634584,0.0,0.0,1.701575898427409e-08,-8.369543412322132e-05,0.0,0.0,-0.01148625566583129,-52.25872196651293,0.0,0.0,0.0,127.520662426949,127.520662426949
437,0.218500599265099,6.834040200328374e-07,-120.45583653215228,-2.5925004298139667e-05,-120.41916251854462,-0.01896622616542791,-271.5487916385712,1.419619975017392e-10,0.004756718221084381,1.4886365278883102e-08,-3.7569625524591596e-05,-0.011513102770342627,-52.372921371870646,0.0221871571620103,324.795400848516,-0.01896622616542791,-271.5487916385712,0.0,0.0,1.4886365278883102e-08,-3.7569625524591596e-05,0.0,0.0,-0.011513102770342627,-52.372921371870646,0.0,0.0,0.0,127.515158027411,127.515158027411
438,0.219007447361946,6.851590317462495e-07,-120.72942812786196,-2.6049571495667963e-05,-120.69247092193739,-0.019010365902941116,-272.18100459791475,-1.512780889316585e-11,0.004763980518235605,-8.042057043661328e-09,-0.00013831000575457943,-0.011540633663948575,-52.48977680662357,0.0222391752585129,325.545608646741,-0.019010365902941116,-272.18100459791475,0.0,0.0,-8.042057043661328e-09,-0.00013831000575457943,0.0,0.0,-0.011540633663948575,-52.48977680662357,0.0,0.0,0.0,127.509513825178,127.509513825178
439,0.219501376152039,6.867473805311448e-07,-120.99602132053052,-2.6170732288953236e-05,-120.95880034300453,-0.01905338046941121,-272.79709190213606,-1.873039642832192e-10,0.004749439761015394,-2.044157554731837e-08,-0.000210685694695651,-0.011567409491726677,-52.60346608798846,0.0222898397266714,326.276641169961,-0.01905338046941121,-272.79709190213606,0.0,0.0,-2.044157554731837e-08,-0.000210685694695651,0.0,0.0,-0.011567409491726677,-52.60346608798846,0.0,0.0,0.0,127.504014015198,127.504014015198
440,0.220012754201889,6.880904080743931e-07,-121.27207481826659,-2.6296404800584082e-05,-121.23458146690243,-0.019097914811470128,-273.4349547352565,2.9361373528930515e-10,0.004775694853132796,2.23359369730525e-08,3.227554706115072e-05,-0.011595131784674046,-52.72127383224193,0.0223422944932923,327.033556508436,-0.019097914811470128,-273.4349547352565,0.0,0.0,2.23359369730525e-08,3.227554706115072e-05,0.0,0.0,-0.011595131784674046,-52.72127383224193,0.0,0.0,0.0,127.498320072889,127.498320072889
441,0.22050766646862,6.895716166501413e-07,-121.53917654459856,-2.6418878398034696e-05,-121.50145558250986,-0.019141015786444438,-274.05229466046313,1.3417599311696024e-10,0.004755008880059897,1.4828629550311202e-08,-4.92007683688953e-05,-0.011622027201315811,-52.835413359372694,0.0223930949186999,327.766099955351,-0.019141015786444438,-274.05229466046313,0.0,0.0,1.4828629550311202e-08,-4.92007683688953e-05,0.0,0.0,-0.011622027201315811,-52.835413359372694,0.0,0.0,0.0,127.49280923605,127.49280923605
442,0.221002250909805,6.911538075244442e-07,-121.8060616497768,-2.654120835727194e-05,-121.768074378124,-0.019184087586859754,-274.66921129536365,-3.939604810095932e-10,0.004715244992393118,-2.6590418825789847e-08,-0.00027561483548454633,-0.011648876778994809,-52.94932059114775,0.0224438466325773,328.498077314581,-0.019184087586859754,-274.66921129536365,0.0,0.0,-2.6590418825789847e-08,-0.00027561483548454633,0.0,0.0,-0.011648876778994809,-52.94932059114775,0.0,0.0,0.0,127.487302482128,127.487302482128
443,0.221509695053101,6.925503376353479e-07,-122.07990775221346,-2.6666794606316525e-05,-122.04166589623436,-0.019228280680456237,-275.30219590746697,1.2750573811541306e-10,0.004762021491145378,9.605023221183162e-09,-5.200456886569817e-05,-0.011676411090459105,-53.06618362063077,0.022495912194829,329.249132162453,-0.019228280680456237,-275.30219590746697,0.0,0.0,9.605023221183162e-09,-5.200456886569817e-05,0.0,0.0,-0.011676411090459105,-53.06618362063077,0.0,0.0,0.0,127.481652826071,127.481652826071
444,0.222003474831581,6.940268375616773e-07,-122.3463404825476,-2.6789346870884237e-05,-122.30782721328832,-0.019271282878807465,-275.9181237778509,3.404097916665226e-10,0.0047996166122293805,1.5695638386326825e-08,4.597102415770598e-05,-0.011703218523459534,-53.17989517087564,0.022546582573727,329.979914433622,-0.019271282878807465,-275.9181237778509,0.0,0.0,1.5695638386326825e-08,4.597102415770598e-05,0.0,0.0,-0.011703218523459534,-53.17989517087564,0.0,0.0,0.0,127.476155817509,127.476155817509
445,0.22251233458519,6.957073078643786e-07,-122.62087028307056,-2.6915826903536152e-05,-122.58204958440335,-0.019315600195639528,-276.5528885558825,-1.1177756660286387e-10,0.004746109437302533,-9.458284013371635e-09,-0.000165208782200727,-0.011730841628512987,-53.296934310281,0.0225988004366798,330.732974024847,-0.019315600195639528,-276.5528885558825,0.0,0.0,-9.458284013371635e-09,-0.000165208782200727,0.0,0.0,-0.011730841628512987,-53.296934310281,0.0,0.0,0.0,127.470490604639,127.470490604639
446,0.223004251718521,6.969684243385904e-07,-122.88629572779202,-2.703871545721998e-05,-122.84723221408129,-0.019358442018614433,-277.16651765185196,-2.1057487112066265e-10,0.0047176132775807456,-6.153885916188472e-09,-0.0001823387374041885,-0.011757584216961494,-53.41037524096735,0.0226493001124745,331.461054806267,-0.019358442018614433,-277.16651765185196,0.0,0.0,-6.153885916188472e-09,-0.0001823387374041885,0.0,0.0,-0.011757584216961494,-53.41037524096735,0.0,0.0,0.0,127.465014129877,127.465014129877
447,0.2235127389431,6.983226115825878e-07,-123.16062498971405,-2.7165594114474812e-05,-123.12128003097186,-0.019402726640850534,-277.8008204502147,1.999306977900029e-10,0.004764787262525522,1.7073450673250005e-08,-3.811351726119333e-05,-0.011785182809052289,-53.527342031090065,0.0227014773395874,332.213577920518,-0.019402726640850534,-277.8008204502147,0.0,0.0,1.7073450673250005e-08,-3.811351726119333e-05,0.0,0.0,-0.011785182809052289,-53.527342031090065,0.0,0.0,0.0,127.459353387356,127.459353387356
448,0.224006965756416,6.999926099006513e-07,-123.42715277357776,-2.7289377163098027e-05,-123.38751586279278,-0.019445769083253447,-278.4173270680962,1.3398991143076405e-10,0.004771579283995323,5.671177955549467e-09,-8.285187220139606e-05,-0.011812023013752535,-53.64090303445411,0.0227521991929739,332.944883765245,-0.019445769083253447,-278.4173270680962,0.0,0.0,5.671177955549467e-09,-8.285187220139606e-05,0.0,0.0,-0.011812023013752535,-53.64090303445411,0.0,0.0,0.0,127.453851729631,127.453851729631
449,0.224501460790634,7.014630658540783e-07,-123.69383847489462,-2.741376328474085e-05,-123.65392134928604,-0.0194888355450006,-279.0341869890043,-1.5446285299753915e-10,0.004749718706663085,-1.602853180641749e-08,-0.00018652948850176958,-0.011838900555153423,-53.754715236346975,0.0228029609757508,333.676647194644,-0.0194888355450006,-279.0341869890043,0.0,0.0,-1.602853180641749e-08,-0.00018652948850176958,0.0,0.0,-0.011838900555153423,-53.754715236346975,0.0,0.0,0.0,127.4483474195,127.4483474195
450,0.22501066327095,7.026763778783617e-07,-123.96847093541801,-2.7542286148537487e-05,-123.92828300273939,-0.019533181521175454,-279.669372172771,1.557709921254007e-10,0.00476890326815687,9.81788282856314e-09,-4.840313340734637e-05,-0.011866586099799374,-53.87191657203463,0.022855235835023,334.430175467875,-0.019533181521175454,-279.669372172771,0.0,0.0,9.81788282856314e-09,-4.840313340734637e-05,0.0,0.0,-0.011866586099799374,-53.87191657203463,0.0,0.0,0.0,127.442679256201,127.442679256201
451,0.225504532456398,7.04182583956626e-07,-124.23472317173346,-2.7667048199194152e-05,-124.19427058441063,-0.019576192996966214,-280.28544835029857,1.8652512236937858e-11,0.004747118523081167,5.352123864881682e-09,-9.865164707439527e-05,-0.01189341393408774,-53.98541875041908,0.0229059248497737,335.160918522255,-0.019576192996966214,-280.28544835029857,0.0,0.0,5.352123864881682e-09,-9.865164707439527e-05,0.0,0.0,-0.01189341393408774,-53.98541875041908,0.0,0.0,0.0,127.43718200922,127.43718200922
452,0.226012244820595,7.057790021307973e-07,-124.50839940997362,-2.7795266748836924e-05,-124.46764525864096,-0.01962041233650711,-280.9188113299969,-1.679127058503198e-10,0.004726483032692789,-5.639585810012862e-09,-0.0001805405834292014,-0.011920954893158787,-54.10191852220929,0.022958016440762,335.912090299053,-0.01962041233650711,-280.9188113299969,0.0,0.0,-5.639585810012862e-09,-0.0001805405834292014,0.0,0.0,-0.011920954893158787,-54.10191852220929,0.0,0.0,0.0,127.43153116107,127.43153116107
453,0.226507812738419,7.070066740287945e-07,-124.77558718720782,-2.7921838995865847e-05,-124.73454803386161,-0.019663571283999395,-281.5370124545324,1.7711225097725673e-10,0.004769548746685658,1.1963507633546683e-08,-2.34324293501378e-05,-0.011947951501373878,-54.21611218021413,0.0230089191586481,336.645408190331,-0.019663571283999395,-281.5370124545324,0.0,0.0,1.1963507633546683e-08,-2.34324293501378e-05,0.0,0.0,-0.011947951501373878,-54.21611218021413,0.0,0.0,0.0,127.426015555859,127.426015555859
454,0.227001219987869,7.084057252303883e-07,-125.04151305042424,-2.804773424265528e-05,-125.00020467141555,-0.019706542041710386,-282.15251183759983,1.453955357063804e-10,0.004789757303365066,-1.7184564010628501e-09,-3.031501737859853e-05,-0.011974787181185649,-54.32956787417024,0.0230595774994605,337.375418574678,-0.019706542041710386,-282.15251183759983,0.0,0.0,-1.7184564010628501e-09,-3.031501737859853e-05,0.0,0.0,-0.011974787181185649,-54.32956787417024,0.0,0.0,0.0,127.420524120331,127.420524120331
455,0.227512061595917,7.100036753676418e-07,-125.31676548656642,-2.817778521159615e-05,-125.27517374964397,-0.01975103262665864,-282.7897762404877,-2.383694905075157e-10,0.00473574176295501,-1.8307996272836187e-08,-0.00020175875159931107,-0.012002512816739537,-54.44663936515851,0.0231119968463859,338.131120982366,-0.01975103262665864,-282.7897762404877,0.0,0.0,-1.8307996272836187e-08,-0.00020175875159931107,0.0,0.0,-0.012002512816739537,-54.44663936515851,0.0,0.0,0.0,127.414838761091,127.414838761091
456,0.22800649702549,7.112685375450882e-07,-125.5832185128995,-2.8304438739146324e-05,-125.54137006166185,-0.019794093355101385,-283.4065693316707,5.878213872516754e-11,0.004728799011810805,1.9596299940787648e-08,-4.831411935631779e-05,-0.012029402074101941,-54.560272467203134,0.0231627599318047,338.862637750792,-0.019794093355101385,-283.4065693316707,0.0,0.0,1.9596299940787648e-08,-4.831411935631779e-05,0.0,0.0,-0.012029402074101941,-54.560272467203134,0.0,0.0,0.0,127.409336328506,127.409336328506
457,0.228514760732651,7.125936405390927e-07,-125.85710515437948,-2.8435115975019876e-05,-125.81498097011696,-0.019838359528848954,-284.04063069622174,2.211645914025977e-10,0.004772675157551958,1.575806614224145e-08,-1.941351988463877e-05,-0.012057067367215391,-54.67708179684277,0.0232149561997713,339.61461031183,-0.019838359528848954,-284.04063069622174,0.0,0.0,1.575806614224145e-08,-1.941351988463877e-05,0.0,0.0,-0.012057067367215391,-54.67708179684277,0.0,0.0,0.0,127.403680235147,127.403680235147
458,0.229010730981827,7.141340334222901e-07,-126.1242852215925,-2.8562889081461253e-05,-126.0818749993192,-0.019881554614606802,-284.65935129955335,-2.2010829353673935e-10,0.0047591643451300085,-2.7436196216939065e-08,-0.000189753067709377,-0.012084063480434191,-54.790993128128875,0.0232658896335844,340.348312407945,-0.019881554614606802,-284.65935129955335,0.0,0.0,-2.7436196216939065e-08,-0.000189753067709377,0.0,0.0,-0.012084063480434191,-54.790993128128875,0.0,0.0,0.0,127.398160994053,127.398160994053
459,0.229505956172943,7.154799598808232e-07,-126.39106950974795,-2.8690076426095986e-05,-126.34836928376234,-0.01992468578532698,-285.27715154976926,-1.6379462787008856e-11,0.004751486532053709,-1.0204620455004661e-09,-0.00010708861088567535,-0.01211095485765017,-54.904455572538836,0.0233167140661039,341.080877993972,-0.01992468578532698,-285.27715154976926,0.0,0.0,-1.0204620455004661e-09,-0.00010708861088567535,0.0,0.0,-0.01211095485765017,-54.904455572538836,0.0,0.0,0.0,127.392649948597,127.392649948597
460,0.23000331223011,7.166603263701179e-07,-126.65903615917696,-2.8818709961746477e-05,-126.61604368771893,-0.019968003524758818,-285.8976319009597,2.7400403941921363e-10,0.00476541507811701,2.5148239859582748e-08,3.940292089720819e-05,-0.012138028484297634,-55.018738650556344,0.0233677926061209,341.816692851428,-0.019968003524758818,-285.8976319009597,0.0,0.0,2.5148239859582748e-08,3.940292089720819e-05,0.0,0.0,-0.012138028484297634,-55.018738650556344,0.0,0.0,0.0,127.387115806341,127.387115806341
461,0.230500563979149,7.181590663706354e-07,-126.92682890564332,-2.894774636840781e-05,-126.88356528170051,-0.020011309680164714,-286.5179427589084,-6.206822005859655e-11,0.0047448477165983344,-2.2015198993819766e-09,-0.00011371931449185899,-0.012165114312865877,-55.132914029049374,0.0234188676038857,342.552227827081,-0.020011309680164714,-286.5179427589084,0.0,0.0,-2.2015198993819766e-09,-0.00011371931449185899,0.0,0.0,-0.012165114312865877,-55.132914029049374,0.0,0.0,0.0,127.381582856178,127.381582856178
462,0.231013596057892,7.196215290712944e-07,-127.20314424268469,-2.9080559498358318e-05,-127.15952878429131,-0.02005599248791021,-287.1579855104803,-3.607680588080065e-10,0.004727092761207622,-2.7291615335664238e-08,-0.00022128311299879317,-0.012193003783776012,-55.25049013343839,0.0234715364248663,343.311099428325,-0.02005599248791021,-287.1579855104803,0.0,0.0,-2.7291615335664238e-08,-0.00022128311299879317,0.0,0.0,-0.012193003783776012,-55.25049013343839,0.0,0.0,0.0,127.375874489546,127.375874489546
463,0.231510117650032,7.207909797618801e-07,-127.47058151954103,-2.920971951405845e-05,-127.4266819101821,-0.020099238065869055,-287.7774383767722,2.2782500073390864e-10,0.004777758819945503,1.3628295580531824e-08,-8.855175131696467e-06,-0.012220034021986959,-55.36444785442259,0.0235225308173767,344.045614073654,-0.020099238065869055,-287.7774383767722,0.0,0.0,1.3628295580531824e-08,-8.855175131696467e-06,0.0,0.0,-0.012220034021986959,-55.36444785442259,0.0,0.0,0.0,127.370350122452,127.370350122452
464,0.232006132602692,7.22176550919848e-07,-127.7376602834688,-2.933889729112768e-05,-127.69347339240748,-0.020142438171518416,-288.39623754701734,3.371504165186843e-10,0.004787294836525149,2.1631355722781956e-08,2.751643008594092e-05,-0.012247027517554408,-55.47814038570601,0.02357346728426,344.779272747889,-0.020142438171518416,-288.39623754701734,0.0,0.0,2.1631355722781956e-08,2.751643008594092e-05,0.0,0.0,-0.012247027517554408,-55.47814038570601,0.0,0.0,0.0,127.364831238985,127.364831238985
465,0.232502922415733,7.236220651202474e-07,-128.00510979747156,-2.9468717342039857e-05,-127.96066058792529,-0.020185706545061282,-289.01601811845427,-3.783457523848762e-10,0.004720615265529098,-2.6185022765485637e-08,-0.00023934661077995472,-0.012274082720560622,-55.59209111902931,0.0236244941593278,345.514078061568,-0.020185706545061282,-289.01601811845427,0.0,0.0,-2.6185022765485637e-08,-0.00023934661077995472,0.0,0.0,-0.012274082720560622,-55.59209111902931,0.0,0.0,0.0,127.359304130077,127.359304130077
466,0.233000352978706,7.24837830105291e-07,-128.272932626533,-2.9598839967111962e-05,-128.2282107003837,-0.020229030888921664,-289.63661192910564,-7.042551587669452e-11,0.004729756184588431,3.925947465255158e-09,-0.00011022042457813704,-0.012301159736362218,-55.70613442508908,0.02367558020791,346.249851507222,-0.020229030888921664,-289.63661192910564,0.0,0.0,3.925947465255158e-09,-0.00011022042457813704,0.0,0.0,-0.012301159736362218,-55.70613442508908,0.0,0.0,0.0,127.353770077229,127.353770077229
467,0.233512938022614,7.261144117354807e-07,-128.54889636877218,-2.9733282640103245e-05,-128.50385706358637,-0.02027367617684759,-290.27611130705816,2.402617605973722e-10,0.004782158479945274,1.2918565028927679e-08,-4.4968390284454813e-07,-0.012329066307499656,-55.82359363678903,0.0237282259415639,347.00800345639,-0.02027367617684759,-290.27611130705816,0.0,0.0,1.2918565028927679e-08,-4.4968390284454813e-07,0.0,0.0,-0.012329066307499656,-55.82359363678903,0.0,0.0,0.0,127.348067760468,127.348067760468
468,0.234010502696037,7.276076498476943e-07,-128.81668560699183,-2.9864161443092226e-05,-128.77131952417486,-0.02031701248697317,-290.8968822273865,4.0021835082022855e-11,0.004767989946369808,-2.2567585503969407e-09,-9.18046131471247e-05,-0.012356160343798701,-55.93753786438157,0.0237793310930952,347.743864758895,-0.02031701248697317,-290.8968822273865,0.0,0.0,-2.2567585503969407e-09,-9.18046131471247e-05,0.0,0.0,-0.012356160343798701,-55.93753786438157,0.0,0.0,0.0,127.342532873154,127.342532873154
469,0.23450730741024,7.28842882811093e-07,-129.08409010371437,-2.999540313365853e-05,-129.0384146247927,-0.02036028310590608,-291.5167070989973,-9.776961144637109e-11,0.004742056054459792,-4.920538547620684e-09,-0.00010178581286866318,-0.012383235904504374,-56.051385927514566,0.0238303705358246,348.47864091149,-0.02036028310590608,-291.5167070989973,0.0,0.0,-4.920538547620684e-09,-0.00010178581286866318,0.0,0.0,-0.012383235904504374,-56.051385927514566,0.0,0.0,0.0,127.337006062269,127.337006062269
470,0.2350053191185,7.300021657267237e-07,-129.35210359527792,-3.0127218030665826e-05,-129.30613994342897,-0.020403657699857802,-292.1380206437751,-3.8849505293632876e-11,0.004751433901731704,-3.3170005717128047e-09,-0.00011234360772080862,-0.012410368035266045,-56.16553538718417,0.0238815282276051,349.215170095994,-0.020403657699857802,-292.1380206437751,0.0,0.0,-3.3170005717128047e-09,-0.00011234360772080862,0.0,0.0,-0.012410368035266045,-56.16553538718417,0.0,0.0,0.0,127.331466436386,127.331466436386
471,0.235502377152443,7.31404339383267e-07,-129.6195109569823,-3.0258904660720654e-05,-129.57324705472627,-0.02044694970522916,-292.75816371239966,9.787094839509393e-11,0.004753171329018203,1.1287912417142961e-08,-3.985110400799083e-05,-0.012437426843243556,-56.279166840647164,0.0239325772716939,349.950183649273,-0.02044694970522916,-292.75816371239966,0.0,0.0,1.1287912417142961e-08,-3.985110400799083e-05,0.0,0.0,-0.012437426843243556,-56.279166840647164,0.0,0.0,0.0,127.325937092304,127.325937092304
472,0.236014395952225,7.327489016880952e-07,-129.89496863290702,-3.0395124354283625e-05,-129.84839292155158,-0.02049154559059142,-293.3969734100855,-2.4740086070007263e-11,0.004744519625031904,1.625851761652006e-09,-0.00010931922875841933,-0.012465324907413422,-56.39637246257097,0.0239851764667091,350.707346481524,-0.02049154559059142,-293.3969734100855,0.0,0.0,1.625851761652006e-09,-0.00010931922875841933,0.0,0.0,-0.012465324907413422,-56.39637246257097,0.0,0.0,0.0,127.320241957903,127.320241957903
473,0.236512154340744,7.339015770744894e-07,-130.16274256975314,-3.0528169506597414e-05,-130.11587963736267,-0.02053489725196177,-294.01797849062353,1.5313762468000458e-10,0.0047785469580076435,5.1851592431548075e-09,-2.5034648509729822e-05,-0.012492476759037514,-56.51048227241959,0.0240363248694864,351.443434982493,-0.02053489725196177,-294.01797849062353,0.0,0.0,5.1851592431548075e-09,-2.5034648509729822e-05,0.0,0.0,-0.012492476759037514,-56.51048227241959,0.0,0.0,0.0,127.314705938101,127.314705938101
474,0.237011089920998,7.352410986748565e-07,-130.43110126943012,-3.066159384988752e-05,-130.38391829771882,-0.02057835370052019,-294.64046444822276,-6.146064843530362e-11,0.0047656341470902405,-1.2082600423557814e-08,-0.00011055571327514858,-0.01251967394746015,-56.62463579392045,0.0240875863765652,352.181190611885,-0.02057835370052019,-294.64046444822276,0.0,0.0,-1.2082600423557814e-08,-0.00011055571327514858,0.0,0.0,-0.01251967394746015,-56.62463579392045,0.0,0.0,0.0,127.309156358242,127.309156358242
475,0.237509727478027,7.365611003930836e-07,-130.69925002336277,-3.07947576932758e-05,-130.65177630665767,-0.02062178381447981,-295.2625864558465,-1.790947663889203e-10,0.004723371812462969,-4.807229075962982e-09,-0.00013285278067441507,-0.012546813980271177,-56.73852144822514,0.0241387956950283,352.918454331605,-0.02062178381447981,-295.2625864558465,0.0,0.0,-4.807229075962982e-09,-0.00013285278067441507,0.0,0.0,-0.012546813980271177,-56.73852144822514,0.0,0.0,0.0,127.303610563278,127.303610563278
476,0.23800702393055,7.3767685168392e-07,-130.96673353115818,-3.0928356852154074e-05,-130.91893235912508,-0.020665098234391534,-295.8830572481031,2.1700713607616075e-10,0.004746720868532438,2.6918843179742473e-08,1.186814619569974e-05,-0.012573935944939725,-56.85233783462571,0.0241898968020256,353.653819501717,-0.020665098234391534,-295.8830572481031,0.0,0.0,2.6918843179742473e-08,1.186814619569974e-05,0.0,0.0,-0.012573935944939725,-56.85233783462571,0.0,0.0,0.0,127.298079609871,127.298079609871
477,0.238504111766815,7.388922959569348e-07,-131.23405923926916,-3.106246774864156e-05,-131.18594055495603,-0.020708393575773865,-296.5032499509706,-1.3868584168713137e-11,0.004781623820817852,-1.4151642746116944e-08,-9.475378594115148e-05,-0.012601081360449295,-56.96621104365983,0.0242409938196618,354.388848242627,-0.020708393575773865,-296.5032499509706,0.0,0.0,-1.4151642746116944e-08,-9.475378594115148e-05,0.0,0.0,-0.012601081360449295,-56.96621104365983,0.0,0.0,0.0,127.292551547289,127.292551547289
478,0.239002496004105,7.403234255651775e-07,-131.50198941190607,-3.119644006060314e-05,-131.4535477017187,-0.020751802552321473,-297.12507243747984,-1.310425791162571e-10,0.004760102349539046,-1.7013347605985406e-08,-0.00013975852251983957,-0.012628226560030412,-57.07997645098662,0.0242921878180668,355.125669063725,-0.020751802552321473,-297.12507243747984,0.0,0.0,-1.7013347605985406e-08,-0.00013975852251983957,0.0,0.0,-0.012628226560030412,-57.07997645098662,0.0,0.0,0.0,127.287009209394,127.287009209394
479,0.239500105381012,7.41470684166904e-07,-131.76954566092158,-3.133060616940134e-05,-131.720804268332,-0.02079514487730887,-297.7459547220883,5.204941445085053e-11,0.004734609134376231,1.480183524604384e-08,-4.564296405069216e-05,-0.012655347901323496,-57.1936678181209,0.0243433124929349,355.861423387051,-0.02079514487730887,-297.7459547220883,0.0,0.0,1.480183524604384e-08,-4.564296405069216e-05,0.0,0.0,-0.012655347901323496,-57.1936678181209,0.0,0.0,0.0,127.281475633383,127.281475633383
480,0.240013554692268,7.425810516934242e-07,-132.0456110761299,-3.1469645580347e-05,-131.99654825042052,-0.02083986535989361,-298.38656772076774,1.8434843124138296e-10,0.004757579199029171,1.8462908980269147e-08,-3.2621938022012737e-06,-0.01268336554656781,-57.31114454356987,0.0243960804371669,356.620587266359,-0.02083986535989361,-298.38656772076774,0.0,0.0,1.8462908980269147e-08,-3.2621938022012737e-06,0.0,0.0,-0.01268336554656781,-57.31114454356987,0.0,0.0,0.0,127.275765925646,127.275765925646
481,0.24051222205162,7.439324829170903e-07,-132.31365865714633,-3.160508981607448e-05,-132.26427314719467,-0.02088330064073091,-299.00878088135164,-1.6141086236511934e-10,0.004750618104374649,-1.5831919026573306e-08,-0.0001496016951770628,-0.012710592772417956,-57.42516510438724,0.0244473396039893,357.357863873743,-0.02088330064073091,-299.00878088135164,0.0,0.0,-1.5831919026573306e-08,-0.0001496016951770628,0.0,0.0,-0.012710592772417956,-57.42516510438724,0.0,0.0,0.0,127.270220935345,127.270220935345
482,0.241010963916779,7.451976644957361e-07,-132.58171509127104,-3.174037355636823e-05,-132.5320122523044,-0.020926741011095377,-299.63106215054506,-1.7844680074296055e-10,0.004749589095900737,-1.676754577710434e-08,-0.0001435274626153893,-0.012737781604122797,-57.539037493858565,0.0244985831742716,358.095182475205,-0.020926741011095377,-299.63106215054506,0.0,0.0,-1.676754577710434e-08,-0.0001435274626153893,0.0,0.0,-0.012737781604122797,-57.539037493858565,0.0,0.0,0.0,127.264675170183,127.264675170183
483,0.241509392857552,7.462804230720198e-07,-132.8496319127607,-3.1875865617958404e-05,-132.799592862146,-0.020970155043823227,-300.2529742575472,3.1539660990949523e-10,0.004778515132488505,2.2649028399885924e-08,2.9680048470827206e-05,-0.012764956455820925,-57.65282603470965,0.0245497969952757,358.832068643307,-0.020970155043823227,-300.2529742575472,0.0,0.0,2.2649028399885924e-08,2.9680048470827206e-05,0.0,0.0,-0.012764956455820925,-57.65282603470965,0.0,0.0,0.0,127.259133011103,127.259133011103
484,0.242006719112396,7.475073895868005e-07,-133.1168943656028,-3.2011960795569063e-05,-133.066544914439,-0.021013472495022143,-300.87350847329924,6.124284810685341e-11,0.004757491231932994,4.9947269197622514e-09,-5.85300230144253e-05,-0.012792133730344586,-57.76656591507281,0.0246009295962266,359.567319430311,-0.021013472495022143,-300.87350847329924,0.0,0.0,4.9947269197622514e-09,-5.85300230144253e-05,0.0,0.0,-0.012792133730344586,-57.76656591507281,0.0,0.0,0.0,127.253603637218,127.253603637218
485,0.242503777146339,7.487587252003518e-07,-133.3839636158233,-3.2147697173101316e-05,-133.33330645449078,-0.021056767984579557,-301.49371067581893,-3.523306317206278e-10,0.004719952602973671,-2.176057692403637e-08,-0.00021063928577581093,-0.01281924205605071,-57.879947188400834,0.0246520076035113,360.302093035668,-0.021056767984579557,-301.49371067581893,0.0,0.0,-2.176057692403637e-08,-0.00021063928577581093,0.0,0.0,-0.01281924205605071,-57.879947188400834,0.0,0.0,0.0,127.248077094555,127.248077094555
486,0.243001759052277,7.498303024523495e-07,-133.65155303372893,-3.228417830750369e-05,-133.60057556056623,-0.021100143516112443,-302.1150804888377,3.30371170050281e-11,0.004754426028807106,3.5313740242680635e-09,-6.539265695069042e-05,-0.012846421235822088,-57.993654590078464,0.024703190842463,361.038276741596,-0.021100143516112443,-302.1150804888377,0.0,0.0,3.5313740242680635e-09,-6.539265695069042e-05,0.0,0.0,-0.012846421235822088,-57.993654590078464,0.0,0.0,0.0,127.242540210485,127.242540210485
487,0.243514880537987,7.510518090977572e-07,-133.92722071945175,-3.242526825616279e-05,-133.8759082696851,-0.0211448381905804,-302.7553444229667,3.5127819056462237e-10,0.004794977107152321,1.886020346410258e-08,4.5266749071231526e-05,-0.012874440584298041,-58.110801349056366,0.024755937761008,361.796798075608,-0.0211448381905804,-302.7553444229667,0.0,0.0,1.886020346410258e-08,4.5266749071231526e-05,0.0,0.0,-0.012874440584298041,-58.110801349056366,0.0,0.0,0.0,127.236835986376,127.236835986376
488,0.244012892246246,7.523444789468491e-07,-134.19471734879485,-3.256248244360696e-05,-134.14307199903894,-0.021188217072901448,-303.3767646804084,-8.8579677778582e-11,0.004753567049230518,-8.961034328885252e-09,-0.00012152820293819687,-0.012901631065297485,-58.22438171366118,0.0248071297766349,362.532930816172,-0.021188217072901448,-303.3767646804084,0.0,0.0,-8.961034328885252e-09,-0.00012152820293819687,0.0,0.0,-0.012901631065297485,-58.22438171366118,0.0,0.0,0.0,127.23129940033,127.23129940033
489,0.244510933756828,7.533956565211941e-07,-134.462241510134,-3.270008381179222e-05,-134.41025624497465,-0.021231595660875676,-303.99818953742664,-2.6066119891300793e-10,0.004721938484527394,-1.305360984537413e-08,-0.0001785468070253177,-0.012928827534364489,-58.338045868767885,0.0248583246737087,363.26909892794,-0.021231595660875676,-303.99818953742664,0.0,0.0,-1.305360984537413e-08,-0.0001785468070253177,0.0,0.0,-0.012928827534364489,-58.338045868767885,0.0,0.0,0.0,127.225762724876,127.225762724876
490,0.245008498430252,7.544125922354669e-07,-134.72949052540417,-3.283785667676868e-05,-134.67716844951354,-0.021274936055458455,-304.619066476829,1.9963304300013772e-10,0.004764854389435356,1.618032057303698e-08,-3.229903217186806e-05,-0.012955996837772623,-58.45150101781494,0.0249094728390316,364.004572737718,-0.021274936055458455,-304.619066476829,0.0,0.0,1.618032057303698e-08,-3.229903217186806e-05,0.0,0.0,-0.012955996837772623,-58.45150101781494,0.0,0.0,0.0,127.220231413841,127.220231413841
491,0.245506420731544,7.557317140819162e-07,-134.9968280576131,-3.297621144463688e-05,-134.94416415845234,-0.021318306726977206,-305.240362795959,8.761217937432354e-11,0.0047664662209763765,3.820510168894069e-09,-6.29431356986786e-05,-0.012983200574470678,-58.56503391507537,0.0249606647921101,364.740473934613,-0.021318306726977206,-305.240362795959,0.0,0.0,3.820510168894069e-09,-6.29431356986786e-05,0.0,0.0,-0.012983200574470678,-58.56503391507537,0.0,0.0,0.0,127.214696705341,127.214696705341
492,0.246003836393356,7.569086348786356e-07,-135.2638865767205,-3.31145603404639e-05,-135.21089972219696,-0.02136163480913242,-305.8610545377775,-8.759520702585758e-11,0.004750893977780413,-7.745035124639987e-09,-0.00010562253364757616,-0.013010361380569982,-58.67839889602465,0.0250117980584932,365.475642988791,-0.02136163480913242,-305.8610545377775,0.0,0.0,-7.745035124639987e-09,-0.00010562253364757616,0.0,0.0,-0.013010361380569982,-58.67839889602465,0.0,0.0,0.0,127.209167182446,127.209167182446
493,0.246502131223679,7.578435850947599e-07,-135.5314468914775,-3.325381599000287e-05,-135.4781291329455,-0.021405036974164467,-306.48282559553445,-3.7768150950173885e-11,0.004758444563881502,-5.568000478191141e-09,-0.00010005006731581729,-0.013037604930760267,-58.79209148055702,0.0250630376568078,366.212136606905,-0.021405036974164467,-306.48282559553445,0.0,0.0,-5.568000478191141e-09,-0.00010005006731581729,0.0,0.0,-0.013037604930760267,-58.79209148055702,0.0,0.0,0.0,127.203628361225,127.203628361225
494,0.247000098228455,7.590006698373394e-07,-135.79874249523144,-3.339297966204539e-05,-135.74509830984437,-0.021448411270590474,-307.10418980015606,1.1386869221019506e-10,0.0047561668854605235,1.1168524112596678e-08,-3.4783701130097484e-05,-0.013064806208474385,-58.905517863904294,0.025114231482661,366.948053038414,-0.021448411270590474,-307.10418980015606,0.0,0.0,1.1168524112596678e-08,-3.4783701130097484e-05,0.0,0.0,-0.013064806208474385,-58.905517863904294,0.0,0.0,0.0,127.198093593121,127.198093593121
495,0.247513055801392,7.602623697077147e-07,-136.0740498513921,-3.3536449352049905e-05,-136.02004932980563,-0.021493092174138962,-307.7442738013734,-5.690138835414743e-11,0.004731951525872071,4.113950053699861e-09,-9.158288254654078e-05,-0.013092813143479518,-59.022236811160454,0.0251669603346839,367.706082871591,-0.021493092174138962,-307.7442738013734,0.0,0.0,4.113950053699861e-09,-9.158288254654078e-05,0.0,0.0,-0.013092813143479518,-59.022236811160454,0.0,0.0,0.0,127.192392557859,127.192392557859
496,0.248011991381645,7.612607350390621e-07,-136.34185668368409,-3.367681840975142e-05,-136.2875369651946,-0.021536551200948748,-308.36686150033205,-2.581518716418549e-11,0.004760013542710857,-4.940051481186146e-09,-8.722031447176886e-05,-0.013120111084177788,-59.1360405299127,0.0252182768483474,368.443465405182,-0.021536551200948748,-308.36686150033205,0.0,0.0,-4.940051481186146e-09,-8.722031447176886e-05,0.0,0.0,-0.013120111084177788,-59.1360405299127,0.0,0.0,0.0,127.186846971512,127.186846971512
497,0.248511716723442,7.623428929528759e-07,-136.6100489618373,-3.381750112251906e-05,-136.5554007673582,-0.021580079663199782,-308.9904464821411,1.0203319446322407e-10,0.004785080733260109,-2.6548243645913724e-09,-4.6558149120092655e-05,-0.013147439472530848,-59.249904896043944,0.0252696685209456,369.181974406134,-0.021580079663199782,-308.9904464821411,0.0,0.0,-2.6548243645913724e-09,-4.6558149120092655e-05,0.0,0.0,-0.013147439472530848,-59.249904896043944,0.0,0.0,0.0,127.18129324913,127.18129324913
498,0.249010652303696,7.635261894217347e-07,-136.8777799836582,-3.3957799991157425e-05,-136.8227617681752,-0.02162353987749584,-309.6130530403866,-1.2175977922500048e-10,0.004741502549041505,-6.489527692670171e-09,-0.00011431547806444595,-0.013174688680147111,-59.36338251267101,0.0253209607315292,369.919246065889,-0.02162353987749584,-309.6130530403866,0.0,0.0,-6.489527692670171e-09,-0.00011431547806444595,0.0,0.0,-0.013174688680147111,-59.36338251267101,0.0,0.0,0.0,127.175748616457,127.175748616457
499,0.249510273337364,7.645370226340031e-07,-137.14588911331987,-3.409869144630836e-05,-137.0905207802375,-0.02166706010498242,-310.23652893774937,3.668652511968511e-11,0.004730909417291866,1.4601185305430124e-08,-3.428703574349835e-05,-0.013201990456723909,-59.477088988139016,0.025372331562508,370.657569479848,-0.02166706010498242,-310.23652893774937,0.0,0.0,1.4601185305430124e-08,-3.428703574349835e-05,0.0,0.0,-0.013201990456723909,-59.477088988139016,0.0,0.0,0.0,127.170195966959,127.170195966959
500,0.250010043382645,7.655318984108717e-07,-137.41408826972025,-3.4240539862627195e-05,-137.3583464017944,-0.021710594601866095,-310.8601927624846,3.089131882642114e-11,0.0047672724990897985,-2.1752520281445413e-09,-7.421714792295893e-05,-0.01322936238259716,-59.59103546750549,0.0254237511004428,371.396146932605,-0.021710594601866095,-310.8601927624846,0.0,0.0,-2.1752520281445413e-09,-7.421714792295893e-05,0.0,0.0,-0.01322936238259716,-59.59103546750549,0.0,0.0,0.0,127.164642035961,127.164642035961
501,0.250509709119797,7.667633897783659e-07,-137.68210174029605,-3.438212648759394e-05,-137.6260329238633,-0.021754118716543164,-311.48372635023,-7.869528559868038e-11,0.00476882263724597,-1.437750317006097e-08,-0.00011282090885553768,-0.013256680901208937,-59.704680120399146,0.0254751340009957,372.134447088742,-0.021754118716543164,-311.48372635023,0.0,0.0,-1.437750317006097e-08,-0.00011282090885553768,0.0,0.0,-0.013256680901208937,-59.704680120399146,0.0,0.0,0.0,127.159089237452,127.159089237452
502,0.251009076833725,7.678157322012388e-07,-137.9499711971335,-3.452366193028619e-05,-137.8935532432024,-0.021797618231835934,-312.1069019928718,4.099032553871376e-12,0.004747085252854363,3.807341976054827e-09,-7.037895265002624e-05,-0.013283958979551924,-59.81814229909421,0.0255264748687333,372.872303907877,-0.021797618231835934,-312.1069019928718,0.0,0.0,3.807341976054827e-09,-7.037895265002624e-05,0.0,0.0,-0.013283958979551924,-59.81814229909421,0.0,0.0,0.0,127.153540641069,127.153540641069
503,0.25150853395462,7.686840415862359e-07,-138.21791096192277,-3.4666229121972205e-05,-138.1611654388135,-0.021841124490035946,-312.7301890449606,1.1688450836601031e-10,0.004753104263277374,1.2461668801484342e-08,-3.5170372408576284e-05,-0.013311308804081073,-59.93192010786985,0.0255778588510713,373.610364894492,-0.021841124490035946,-312.7301890449606,0.0,0.0,1.2461668801484342e-08,-3.5170372408576284e-05,0.0,0.0,-0.013311308804081073,-59.93192010786985,0.0,0.0,0.0,127.14799067378,127.14799067378
504,0.252006977796555,7.698074130031563e-07,-138.48520041183875,-3.480861828216699e-05,-138.4281035204233,-0.021884540154077647,-313.3521699059247,-1.9063291421928962e-11,0.004754472846469519,-1.6032782715828442e-09,-9.440543364185299e-05,-0.013338583967019143,-60.04527668543309,0.0256291266381274,374.346775379412,-0.021884540154077647,-313.3521699059247,0.0,0.0,-1.6032782715828442e-09,-9.440543364185299e-05,0.0,0.0,-0.013338583967019143,-60.04527668543309,0.0,0.0,0.0,127.142452418804,127.142452418804
505,0.252505570650101,7.709600495045527e-07,-138.7525557553367,-3.4951112821532415e-05,-138.69508597448907,-0.021927972924506996,-313.97439396206266,-2.7291257092700406e-10,0.004739955740161399,-2.162725338060367e-08,-0.0001773730472348587,-0.013365847188338355,-60.158547670212975,0.0256804028359187,375.083416783842,-0.021927972924506996,-313.97439396206266,0.0,0.0,-2.162725338060367e-08,-0.0001773730472348587,0.0,0.0,-0.013365847188338355,-60.158547670212975,0.0,0.0,0.0,127.1369125247,127.1369125247
506,0.253003269433975,7.71873356098733e-07,-139.01943694012883,-3.509390621778706e-05,-138.9616223327193,-0.021971325397273766,-314.59548359190836,2.789080264122831e-10,0.004772771440584068,2.0764635424629912e-08,1.9057789239734592e-05,-0.013393084578384595,-60.271687112327506,0.0257315970436179,375.818747423628,-0.021971325397273766,-314.59548359190836,0.0,0.0,2.0764635424629912e-08,1.9057789239734592e-05,0.0,0.0,-0.013393084578384595,-60.271687112327506,0.0,0.0,0.0,127.131382912397,127.131382912397
507,0.253501862287521,7.728256380304811e-07,-139.28676458680877,-3.5237479020342044e-05,-139.2286100701417,-0.022014756472111426,-315.21769234141294,1.2753735645404379e-10,0.004772306309609,5.500999080694407e-09,-4.6628953407857086e-05,-0.013420392296359227,-60.385079482882695,0.0257828949924512,376.555387775957,-0.022014756472111426,-315.21769234141294,0.0,0.0,5.500999080694407e-09,-4.6628953407857086e-05,0.0,0.0,-0.013420392296359227,-60.385079482882695,0.0,0.0,0.0,127.125843316317,127.125843316317
508,0.254000216722488,7.739429479144309e-07,-139.55390605174898,-3.5380984031714176e-05,-139.49538712062946,-0.022058169191756506,-315.83964239559117,-3.32445773575099e-10,0.004726484492631809,-2.171701029546184e-08,-0.00017999285324996243,-0.013447659700835085,-60.498231429288815,0.025834156303915,377.291626542723,-0.022058169191756506,-315.83964239559117,0.0,0.0,-2.171701029546184e-08,-0.00017999285324996243,0.0,0.0,-0.013447659700835085,-60.498231429288815,0.0,0.0,0.0,127.120306938887,127.120306938887
509,0.254514157772064,7.748966272714187e-07,-139.82939255956666,-3.55294126892481e-05,-139.77050307719418,-0.022102936487289417,-316.4810037176109,-3.840859097626482e-11,0.004737300152618048,3.657298016254099e-09,-6.352105126349806e-05,-0.013475790055504868,-60.614908709352484,0.0258870234272084,378.050850347443,-0.022102936487289417,-316.4810037176109,0.0,0.0,3.657298016254099e-09,-6.352105126349806e-05,0.0,0.0,-0.013475790055504868,-60.614908709352484,0.0,0.0,0.0,127.114596754313,127.114596754313
510,0.255013406276703,7.758477688945945e-07,-140.09699784784394,-3.5674238786653635e-05,-140.03773978924738,-0.022146426241241274,-317.10406687832614,2.4994017361448997e-10,0.004783867429429891,1.3215914246571354e-08,7.086944209704313e-06,-0.013503146664175748,-60.728405634543016,0.025938396988758,378.788418349654,-0.022146426241241274,-317.10406687832614,0.0,0.0,1.3215914246571354e-08,7.086944209704313e-06,0.0,0.0,-0.013503146664175748,-60.728405634543016,0.0,0.0,0.0,127.109050869942,127.109050869942
511,0.255512356758118,7.769464658356997e-07,-140.36436601044946,-3.58189621746468e-05,-140.3047346896638,-0.022189890189171467,-317.7267597763713,2.6559363525615826e-11,0.0047696869795653685,-3.2621688539163807e-09,-6.153401531740428e-05,-0.01353045846163568,-60.841596120096774,0.0259897252080749,379.525450452323,-0.022189890189171467,-317.7267597763713,0.0,0.0,-3.2621688539163807e-09,-6.153401531740428e-05,0.0,0.0,-0.01353045846163568,-60.841596120096774,0.0,0.0,0.0,127.103507906199,127.103507906199
512,0.256011366844177,7.778960792066116e-07,-140.6317627838241,-3.596413628964202e-05,-140.57175973698574,-0.022233357719631166,-318.34950032735895,-3.4184284230968634e-10,0.004725178574048822,-2.214587592202145e-08,-0.00018875207163513637,-0.013557785988122873,-60.95491305489162,0.0260410646943157,380.262564744165,-0.022233357719631166,-318.34950032735895,0.0,0.0,-2.214587592202145e-08,-0.00018875207163513637,0.0,0.0,-0.013557785988122873,-60.95491305489162,0.0,0.0,0.0,127.097965151072,127.097965151072
513,0.256510943174362,7.787354314064443e-07,-140.8994629586075,-3.6109855348184983e-05,-140.83910027979695,-0.02227687516569638,-318.97296808325274,1.6939307932520057e-10,0.004753631989165469,1.7527213784525913e-08,-6.839865383187127e-06,-0.013585155159304368,-61.068365087148536,0.0260924684991433,381.000538627573,-0.02227687516569638,-318.97296808325274,0.0,0.0,1.7527213784525913e-08,-6.839865383187127e-06,0.0,0.0,-0.013585155159304368,-61.068365087148536,0.0,0.0,0.0,127.092415809631,127.092415809631
514,0.257010906934738,7.797806267236847e-07,-141.16728057988936,-3.6255845479483094e-05,-141.1065554943116,-0.02232042510806506,-319.596902546449,1.2743109593301285e-10,0.00476752917564602,7.881600702051104e-09,-2.9280981966313144e-05,-0.01361253716335582,-61.181765776742935,0.0261439067494308,381.738981128945,-0.02232042510806506,-319.596902546449,0.0,0.0,7.881600702051104e-09,-2.9280981966313144e-05,0.0,0.0,-0.01361253716335582,-61.181765776742935,0.0,0.0,0.0,127.086862206459,127.086862206459
515,0.25751057267189,7.808279447670371e-07,-141.43493770935444,-3.6402064541397076e-05,-141.3738601335616,-0.022363953834027245,-320.2205272379598,-2.2211615436696115e-10,0.00475024209482124,-2.0054693006078204e-08,-0.0001522439722928246,-0.013639911807019406,-61.295105276094304,0.0261953230732924,382.477039770841,-0.022363953834027245,-320.2205272379598,0.0,0.0,-2.0054693006078204e-08,-0.0001522439722928246,0.0,0.0,-0.013639911807019406,-61.295105276094304,0.0,0.0,0.0,127.081312537193,127.081312537193
516,0.258010566234589,7.816558544107648e-07,-141.70278473899225,-3.654879132795555e-05,-141.64134225720346,-0.02240750740582695,-320.84451969047313,2.891693990220818e-11,0.004757623633561955,1.8737592443937082e-09,-5.8898267503946285e-05,-0.013667321540188779,-61.408594403176295,0.0262467789004715,383.215566416384,-0.02240750740582695,-320.84451969047313,0.0,0.0,1.8737592443937082e-09,-5.8898267503946285e-05,0.0,0.0,-0.013667321540188779,-61.408594403176295,0.0,0.0,0.0,127.075758993626,127.075758993626
517,0.258510231971741,7.825387441234937e-07,-141.97042756023023,-3.669550348131302e-05,-141.908605857136,-0.022451033165379154,-321.468110507122,8.888319666297225e-11,0.004760108188650024,6.51959757242455e-09,-4.1494881933168496e-05,-0.013694700043101415,-61.52190536421411,0.0262981947410057,383.95357226268,-0.022451033165379154,-321.468110507122,0.0,0.0,6.51959757242455e-09,-4.1494881933168496e-05,0.0,0.0,-0.013694700043101415,-61.52190536421411,0.0,0.0,0.0,127.070209234953,127.070209234953
518,0.259010195732117,7.836062929122225e-07,-142.23815814476438,-3.684233536843013e-05,-142.17596308242844,-0.02249458593729673,-322.09208707829566,-3.096636503090449e-11,0.004738751930746528,3.707602015344751e-09,-6.728246153456696e-05,-0.013722078599550101,-61.63515696179715,0.0263496336891879,384.691958930063,-0.02249458593729673,-322.09208707829566,0.0,0.0,3.707602015344751e-09,-6.728246153456696e-05,0.0,0.0,-0.013722078599550101,-61.63515696179715,0.0,0.0,0.0,127.064656853676,127.064656853676
519,0.259510278701782,7.844825621835926e-07,-142.50601315805258,-3.6990045624055874e-05,-142.4434225684389,-0.02253815125300335,-322.71625524040326,-1.716090093072188e-10,0.004747504417631459,-1.3541974140922527e-08,-0.00013528233161598326,-0.013749518071226428,-61.748651390914574,0.0264011150895812,385.430629020005,-0.02253815125300335,-322.71625524040326,0.0,0.0,-1.3541974140922527e-08,-0.00013528233161598326,0.0,0.0,-0.013749518071226428,-61.748651390914574,0.0,0.0,0.0,127.059102654457,127.059102654457
520,0.26000988483429,7.853225363793941e-07,-142.7735571109793,-3.713762396622684e-05,-142.7105837866866,-0.02258167195028713,-323.3397818909218,1.378222188804278e-10,0.004782597579233583,2.598920823233952e-09,-4.3509777955918076e-05,-0.013776907304210504,-61.86191363600466,0.0264525322560817,386.168499841341,-0.02258167195028713,-323.3397818909218,0.0,0.0,2.598920823233952e-09,-4.3509777955918076e-05,0.0,0.0,-0.013776907304210504,-61.86191363600466,0.0,0.0,0.0,127.053554236889,127.053554236889
521,0.260509729385376,7.863262639974179e-07,-143.04116513975706,-3.7285429332509404e-05,-142.97780752360055,-0.022625215611887274,-323.9636400315657,7.994364058621889e-11,0.004757798727990977,6.78129244113644e-09,-4.2737242685578225e-05,-0.013804299602167272,-61.97510689712306,0.0265039706423845,386.906684264882,-0.022625215611887274,-323.9636400315657,0.0,0.0,6.78129244113644e-09,-4.2737242685578225e-05,0.0,0.0,-0.013804299602167272,-61.97510689712306,0.0,0.0,0.0,127.048003643751,127.048003643751
522,0.261009782552719,7.872142602069366e-07,-143.30888150807974,-3.74337066597908e-05,-143.24514149815911,-0.022668776402837206,-324.587750091628,-1.925673744862409e-10,0.00472374047748801,-6.1632591567424544e-09,-0.00011800431371843769,-0.01383171269242581,-62.088386058867435,0.0265554345004894,387.645174479436,-0.022668776402837206,-324.587750091628,0.0,0.0,-6.1632591567424544e-09,-0.00011800431371843769,0.0,0.0,-0.01383171269242581,-62.088386058867435,0.0,0.0,0.0,127.042450666428,127.042450666428
523,0.261508882045746,7.879873555587299e-07,-143.576086526204,-3.758233866339802e-05,-143.5119795243572,-0.022712255754970805,-325.2106870248852,1.805495944328979e-11,0.0047591491436510475,1.96962223617763e-10,-8.393857418754276e-05,-0.013859103746988408,-62.201519471602474,0.0266068173820563,388.38228704668,-0.022712255754970805,-325.2106870248852,0.0,0.0,1.96962223617763e-10,-8.393857418754276e-05,0.0,0.0,-0.013859103746988408,-62.201519471602474,0.0,0.0,0.0,127.036908149719,127.036908149719
524,0.262009024620056,7.889522387062105e-07,-143.84376348958213,-3.773147524003002e-05,-143.77926996319377,-0.022755823725457622,-325.8349014224157,5.608244183517938e-11,0.004777588217696522,-3.181976017558226e-09,-7.343423157150755e-05,-0.013886540619421413,-62.31478548438497,0.0266582997973543,389.120832472057,-0.022755823725457622,-325.8349014224157,0.0,0.0,-3.181976017558226e-09,-7.343423157150755e-05,0.0,0.0,-0.013886540619421413,-62.31478548438497,0.0,0.0,0.0,127.031355082989,127.031355082989
525,0.262508362531662,7.899124611723582e-07,-144.11097124668524,-3.788042394806839e-05,-144.0461080453082,-0.022799323277486083,-326.4581444685665,1.8775349805442547e-11,0.00475145666961913,3.196123836128927e-09,-6.559791431585008e-05,-0.013913911071130707,-62.427726095759624,0.026709689229887,389.858172127494,-0.022799323277486083,-326.4581444685665,0.0,0.0,3.196123836128927e-09,-6.559791431585008e-05,0.0,0.0,-0.013913911071130707,-62.427726095759624,0.0,0.0,0.0,127.025810390711,127.025810390711
526,0.26300835609436,7.906312608532413e-07,-144.37857035435,-3.8030290809901517e-05,-144.31332078354816,-0.022842878866235435,-327.0821843830481,-8.999220895975269e-11,0.004739286745993048,-2.5252280463115373e-09,-9.071176931399496e-05,-0.013941354362112236,-62.540981325062035,0.026761164460382,390.596512838374,-0.022842878866235435,-327.0821843830481,0.0,0.0,-2.5252280463115373e-09,-9.071176931399496e-05,0.0,0.0,-0.013941354362112236,-62.540981325062035,0.0,0.0,0.0,127.020258814096,127.020258814096
527,0.263508051633835,7.914404382745116e-07,-144.64596328448837,-3.818032981657405e-05,-144.58030651356182,-0.022886408744408587,-327.7058631612775,2.4841085753788458e-11,0.004759546464679749,6.599438416923109e-10,-8.32182678491827e-05,-0.013968777613312541,-62.654065582091505,0.0268126073254782,391.334363981693,-0.022886408744408587,-327.7058631612775,0.0,0.0,6.599438416923109e-10,-8.32182678491827e-05,0.0,0.0,-0.013968777613312541,-62.654065582091505,0.0,0.0,0.0,127.014711052179,127.014711052179
528,0.264008074998856,7.924358140227127e-07,-144.913440268049,-3.833076473554709e-05,-144.8474103138066,-0.022929968097519047,-328.3299613342704,-1.7606950350658575e-11,0.004755413316204448,-1.6925452148463911e-09,-8.827154478559189e-05,-0.013996219448898353,-62.767173926515966,0.0268640850521741,392.072645182043,-0.022929968097519047,-328.3299613342704,0.0,0.0,-1.6925452148463911e-09,-8.827154478559189e-05,0.0,0.0,-0.013996219448898353,-62.767173926515966,0.0,0.0,0.0,127.009158909321,127.009158909321
529,0.264507323503494,7.932457691826734e-07,-145.18053330310264,-3.8481184611498214e-05,-145.11411243789757,-0.022973461332188232,-328.95311845789627,6.3668816551917225e-12,0.004755538825531693,6.71507289387886e-10,-7.462988360039288e-05,-0.014023612767973367,-62.880069676647516,0.0269154810857696,392.809814295859,-0.022973461332188232,-328.95311845789627,0.0,0.0,6.71507289387886e-10,-7.462988360039288e-05,0.0,0.0,-0.014023612767973367,-62.880069676647516,0.0,0.0,0.0,127.003616094589,127.003616094589
530,0.265006989240646,7.939448227761301e-07,-145.44782845839663,-3.8632194019886487e-05,-145.381017059624,-0.02301698785284639,-329.57676081994566,7.996156913584562e-11,0.004769127281117451,2.78174175888132e-09,-6.475378586013148e-05,-0.014051043739816806,-62.993076628625666,0.0269669251690491,393.547557384124,-0.02301698785284639,-329.57676081994566,0.0,0.0,2.78174175888132e-09,-6.475378586013148e-05,0.0,0.0,-0.014051043739816806,-62.993076628625666,0.0,0.0,0.0,126.998069435358,126.998069435358
531,0.265507340431213,7.948459715008247e-07,-145.71543147050886,-3.878385054673935e-05,-145.64822733465488,-0.023060576616027895,-330.2012948852918,-1.1622086448665323e-10,0.004743887214996731,-6.625703439132192e-09,-0.00010958534363417056,-0.014078527523815242,-63.10626389696502,0.0270184499170734,394.286303089313,-0.023060576616027895,-330.2012948852918,0.0,0.0,-6.625703439132192e-09,-0.00010958534363417056,0.0,0.0,-0.014078527523815242,-63.10626389696502,0.0,0.0,0.0,126.992514580488,126.992514580488
532,0.266006261110306,7.956957853149903e-07,-145.9822512376033,-3.893504945006738e-05,-145.9146352672478,-0.023104040520668622,-330.82403207133535,-6.606250934717116e-11,0.004736429471506873,1.0162086440838538e-09,-8.781056714465547e-05,-0.014105906149343928,-63.21896714105344,0.0270698133212256,395.022880965561,-0.023104040520668622,-330.82403207133535,0.0,0.0,1.0162086440838538e-09,-8.781056714465547e-05,0.0,0.0,-0.014105906149343928,-63.21896714105344,0.0,0.0,0.0,126.986976355314,126.986976355314
533,0.266505777835846,7.96402692971354e-07,-146.24937799471212,-3.908694349364695e-05,-146.18137780163394,-0.023147554940053987,-331.4475076919644,9.088393091560904e-11,0.004770317091805858,3.304000225335051e-09,-4.277176238191918e-05,-0.014133338784736414,-63.33188708904323,0.0271212480046618,395.760349302524,-0.023147554940053987,-331.4475076919644,0.0,0.0,3.304000225335051e-09,-4.277176238191918e-05,0.0,0.0,-0.014133338784736414,-63.33188708904323,0.0,0.0,0.0,126.981431484222,126.981431484222
534,0.267006069421768,7.972336940778605e-07,-146.5168894193136,-3.923946357161761e-05,-146.4484852900875,-0.023191139161046943,-332.0719857979906,1.0060073144217284e-10,0.004777130061167198,1.2233111743266336e-09,-5.20870367362306e-05,-0.014160826274632585,-63.444960932117446,0.0271727708697228,396.498959104806,-0.023191139161046943,-332.0719857979906,0.0,0.0,1.2233111743266336e-09,-5.20870367362306e-05,0.0,0.0,-0.014160826274632585,-63.444960932117446,0.0,0.0,0.0,126.975877791643,126.975877791643
535,0.267506420612335,7.98075805344289e-07,-146.78438816136983,-3.9392155442922394e-05,-146.7155769020297,-0.02323472712144618,-332.69650780265516,-2.7158243813202364e-10,0.004730283243125649,-1.6614300352779662e-08,-0.00014895103792669082,-0.014188308135375964,-63.55797619090489,0.0272242940134644,397.237586058478,-0.02323472712144618,-332.69650780265516,0.0,0.0,-1.6614300352779662e-08,-0.00014895103792669082,0.0,0.0,-0.014188308135375964,-63.55797619090489,0.0,0.0,0.0,126.970324128866,126.970324128866
536,0.268007099628448,7.987536041861854e-07,-147.05207935413418,-3.9545108721176086e-05,-146.98287571002436,-0.02327834543037001,-333.32148258586176,3.6938894240550816e-11,0.004739035507592314,9.604924356563126e-09,-3.641472883974261e-05,-0.014215801589400466,-63.67103935702411,0.0272758491207616,397.976747841961,-0.02327834543037001,-333.32148258586176,0.0,0.0,9.604924356563126e-09,-3.641472883974261e-05,0.0,0.0,-0.014215801589400466,-63.67103935702411,0.0,0.0,0.0,126.964766532183,126.964766532183
537,0.268507331609726,7.995099240656668e-07,-147.31949551839327,-3.9698378161640814e-05,-147.24987826670767,-0.023321924685048012,-333.9458902982198,2.0612495850926118e-10,0.004777010192938539,1.1930255794156069e-08,-1.4260143319168994e-05,-0.01424328916534647,-63.7840134687836,0.0273273678546492,398.715209709174,-0.023321924685048012,-333.9458902982198,0.0,0.0,1.1930255794156069e-08,-1.4260143319168994e-05,0.0,0.0,-0.01424328916534647,-63.7840134687836,0.0,0.0,0.0,126.95921421051,126.95921421051
538,0.269007116556168,8.004110662959358e-07,-147.58660638847797,-3.98519264806152e-05,-147.51658340124598,-0.023365464039443912,-334.56973997393743,-2.100690084391468e-10,0.004758539034503012,-2.1447868283007173e-08,-0.0001518694566188288,-0.01427076661259818,-63.89690391059854,0.0273788472786375,399.45296847301,-0.023365464039443912,-334.56973997393743,0.0,0.0,-2.1447868283007173e-08,-0.0001518694566188288,0.0,0.0,-0.01427076661259818,-63.89690391059854,0.0,0.0,0.0,126.953667074442,126.953667074442
539,0.269507318735123,8.011084405149694e-07,-147.8539697444685,-4.000557163318919e-05,-147.78354284105924,-0.02340904264654152,-335.1941331283595,-8.201521073075457e-11,0.00474201254068655,-2.4849168260827504e-09,-8.948111756921115e-05,-0.014298242440673566,-64.00977321162719,0.0274303593780217,400.191366569326,-0.02340904264654152,-335.1941331283595,0.0,0.0,-2.4849168260827504e-09,-8.948111756921115e-05,0.0,0.0,-0.014298242440673566,-64.00977321162719,0.0,0.0,0.0,126.948115736246,126.948115736246
540,0.270007312297821,8.01713960096348e-07,-148.12120601001027,-4.015961234117474e-05,-148.05037364989474,-0.023452599709015084,-335.81824383583194,1.6873695722774645e-10,0.0047579489295030315,1.507103982554176e-08,-8.90093670483933e-06,-0.014325722818461277,-64.12263459775826,0.0274818554835752,400.9294326825,-0.023452599709015084,-335.81824383583194,0.0,0.0,1.507103982554176e-08,-8.90093670483933e-06,0.0,0.0,-0.014325722818461277,-64.12263459775826,0.0,0.0,0.0,126.942566871643,126.942566871643
541,0.270507544279099,8.025745101683389e-07,-148.38848925039125,-4.0314089592288064e-05,-148.31723615870573,-0.023496180002021846,-336.4426783927031,8.345219406848308e-12,0.004755305669002137,8.561886443940374e-10,-6.15769020098645e-05,-0.014353221806050951,-64.23549801311385,0.0275333811358332,401.66779974929,-0.023496180002021846,-336.4426783927031,0.0,0.0,8.561886443940374e-10,-6.15769020098645e-05,0.0,0.0,-0.014353221806050951,-64.23549801311385,0.0,0.0,0.0,126.937015116215,126.937015116215
542,0.271008282899857,8.033574955068074e-07,-148.6560107754046,-4.046914382827768e-05,-148.5843465271866,-0.023539802057217864,-337.0677192566508,-3.2034975334556544e-10,0.004741750511523487,-2.527663246614969e-08,-0.00017927595188610784,-0.014380757706614018,-64.3484710777157,0.0275849616912361,402.406872071048,-0.023539802057217864,-337.0677192566508,0.0,0.0,-2.527663246614969e-08,-0.00017927595188610784,0.0,0.0,-0.014380757706614018,-64.3484710777157,0.0,0.0,0.0,126.931458413601,126.931458413601
543,0.271508783102036,8.039587673132333e-07,-148.92342121044854,-4.062435644846461e-05,-148.85134976635177,-0.023583403951007418,-337.69247151897173,1.7358050783447148e-10,0.004768800086944789,1.1255497129903547e-08,-1.4120788657974695e-05,-0.014408272612178037,-64.46135157796904,0.0276365141175229,403.145607569872,-0.023583403951007418,-337.69247151897173,0.0,0.0,1.1255497129903547e-08,-1.4120788657974695e-05,0.0,0.0,-0.014408272612178037,-64.46135157796904,0.0,0.0,0.0,126.925904154778,126.925904154778
544,0.272009462118149,8.046684185410651e-07,-149.19088697662863,-4.078003170273012e-05,-149.11839130323938,-0.023627023231061473,-338.317473770036,2.0827435185514266e-10,0.004767026231925909,1.53416601873294e-08,-1.6576642419874918e-06,-0.014435805193183451,-64.57423115280076,0.0276880906166419,403.884587217163,-0.023627023231061473,-338.317473770036,0.0,0.0,1.53416601873294e-08,-1.6576642419874918e-06,0.0,0.0,-0.014435805193183451,-64.57423115280076,0.0,0.0,0.0,126.920348316431,126.920348316431
545,0.27250999212265,8.054474416623681e-07,-149.45820502243646,-4.0935987054963866e-05,-149.38528496297695,-0.023670628489495686,-338.94227408094775,-3.6343290492615373e-10,0.004725089427677924,-2.2965163031153425e-08,-0.00018244959860809552,-0.014463329941061158,-64.687018566246,0.0277396510878567,404.623274126084,-0.023670628489495686,-338.94227408094775,0.0,0.0,-2.2965163031153425e-08,-0.00018244959860809552,0.0,0.0,-0.014463329941061158,-64.687018566246,0.0,0.0,0.0,126.914794683456,126.914794683456
546,0.273009955883026,8.060695598025729e-07,-149.72523684755652,-4.109225099063539e-05,-149.65189866829562,-0.02371418611323944,-339.5663956917555,1.272085202779956e-11,0.004750238604304868,3.3142792125970695e-09,-5.663603357808499e-05,-0.014490838756665477,-64.79973277355909,0.0277911626260559,405.361172039535,-0.02371418611323944,-339.5663956917555,0.0,0.0,3.3142792125970695e-09,-5.663603357808499e-05,0.0,0.0,-0.014490838756665477,-64.79973277355909,0.0,0.0,0.0,126.909246563911,126.909246563911
547,0.273509591817856,8.067173957708946e-07,-149.99205486106703,-4.124878923000157e-05,-149.91830366946365,-0.023757714515084637,-340.19011410149056,1.9154973680353827e-10,0.004783125245953136,7.859971553919862e-09,-2.408052336939181e-05,-0.014518337208225759,-64.91234635499578,0.027842643846903,406.098560402705,-0.023757714515084637,-340.19011410149056,0.0,0.0,7.859971553919862e-09,-2.408052336939181e-05,0.0,0.0,-0.014518337208225759,-64.91234635499578,0.0,0.0,0.0,126.903703272343,126.903703272343
548,0.274009644985199,8.074930335314395e-07,-150.25903857107795,-4.140540917088807e-05,-150.18485559684066,-0.023801279719197915,-340.8143417438124,-4.536996572847477e-11,0.004756158720415313,-4.222847485701687e-09,-8.770062772778901e-05,-0.014545831475603102,-65.02488449646562,0.0278941543096062,406.83647905224,-0.023801279719197915,-340.8143417438124,0.0,0.0,-4.222847485701687e-09,-8.770062772778901e-05,0.0,0.0,-0.014545831475603102,-65.02488449646562,0.0,0.0,0.0,126.898154616356,126.898154616356
549,0.274509757757187,8.080852956197015e-07,-150.52605020826041,-4.1562655392878815e-05,-150.451458371501,-0.023844847100102862,-341.43862941727843,-2.3766983191927443e-10,0.0047245196287058885,-1.0701261075681525e-08,-0.00012919857633639575,-0.014573356367911263,-65.13754127737118,0.0279456826211289,407.574496358347,-0.023844847100102862,-341.43862941727843,0.0,0.0,-1.0701261075681525e-08,-0.00012919857633639575,0.0,0.0,-0.014573356367911263,-65.13754127737118,0.0,0.0,0.0,126.892606377602,126.892606377602
550,0.275010257959366,8.086471022384987e-07,-150.79327358441876,-4.1720411144686866e-05,-150.71824753220193,-0.02388845069360568,-342.0634188550579,1.1299927707712838e-10,0.0047606373718047665,8.356646518546225e-09,-3.170342925935105e-05,-0.014600914158909949,-65.25029852548276,0.0279972590098276,408.313097385601,-0.02388845069360568,-342.0634188550579,0.0,0.0,8.356646518546225e-09,-3.170342925935105e-05,0.0,0.0,-0.014600914158909949,-65.25029852548276,0.0,0.0,0.0,126.887053728104,126.887053728104
551,0.2755106985569,8.09418994234528e-07,-151.06038667916667,-4.187825740788293e-05,-150.98492892905014,-0.023932049840116387,-342.68816523959924,8.541684313362185e-11,0.004772095230106707,1.6930448931260332e-09,-5.5120458212404544e-05,-0.014628456075039332,-65.36292297151319,0.0280488233466713,409.05156093677,-0.023932049840116387,-342.68816523959924,0.0,0.0,1.6930448931260332e-09,-5.5120458212404544e-05,0.0,0.0,-0.014628456075039332,-65.36292297151319,0.0,0.0,0.0,126.881501406431,126.881501406431
552,0.276010781526566,8.100880987100143e-07,-151.32730327961656,-4.2036169188727016e-05,-151.25141206484517,-0.023975618134400647,-343.31245369380304,-2.0287796134550526e-10,0.004745744583384853,-1.4977383774518115e-08,-0.00013398118151852125,-0.014655971784582687,-65.47541876840397,0.028100347712672,409.789474872389,-0.023975618134400647,-343.31245369380304,0.0,0.0,-1.4977383774518115e-08,-0.00013398118151852125,0.0,0.0,-0.014655971784582687,-65.47541876840397,0.0,0.0,0.0,126.875953882933,126.875953882933
553,0.276510953903198,8.105703148053417e-07,-151.59428982454858,-4.2194686085876984e-05,-151.51796711394886,-0.024019193556150863,-343.93685050642955,9.790489944556043e-11,0.004752666552139385,1.0279726840194925e-08,-2.6888330415474147e-05,-0.014683519235218129,-65.58803425879282,0.0281518947367228,410.527551404965,-0.024019193556150863,-343.93685050642955,0.0,0.0,1.0279726840194925e-08,-2.6888330415474147e-05,0.0,0.0,-0.014683519235218129,-65.58803425879282,0.0,0.0,0.0,126.870405107737,126.870405107737
554,0.277011781930923,8.112027978912135e-07,-151.8615667086407,-4.235381103205906e-05,-151.78480379911696,-0.02406282596390708,-344.56207598207175,-3.7601031656035224e-11,0.004755280872082701,-3.184832568989576e-09,-8.504530868716568e-05,-0.014711114630815753,-65.70077953303014,0.0282035154112683,411.266554398096,-0.02406282596390708,-344.56207598207175,0.0,0.0,-3.184832568989576e-09,-8.504530868716568e-05,0.0,0.0,-0.014711114630815753,-65.70077953303014,0.0,0.0,0.0,126.864849627018,126.864849627018
555,0.277512639760971,8.119444233139746e-07,-152.12878675585767,-4.251262085115597e-05,-152.05159000825734,-0.02410646177790763,-345.18734085109156,-8.006897333794744e-11,0.004747214911571922,-4.497715810911217e-09,-8.847604144091871e-05,-0.01473866422254657,-65.81329885030665,0.0282551151209281,412.005515006534,-0.02410646177790763,-345.18734085109156,0.0,0.0,-4.497715810911217e-09,-8.847604144091871e-05,0.0,0.0,-0.01473866422254657,-65.81329885030665,0.0,0.0,0.0,126.859293669462,126.859293669462
556,0.278013795614243,8.124773318389978e-07,-152.3962100839902,-4.267233631336741e-05,-152.31858236061282,-0.02415012398194347,-345.81299317535064,5.302440059907237e-11,0.004758735610925468,3.784413481559372e-09,-5.222423483916197e-05,-0.014766277181145603,-65.92605848914242,0.0283067704219694,412.744990084395,-0.02415012398194347,-345.81299317535064,0.0,0.0,3.784413481559372e-09,-5.222423483916197e-05,0.0,0.0,-0.014766277181145603,-65.92605848914242,0.0,0.0,0.0,126.853734344244,126.853734344244
557,0.278514355421066,8.130004633291209e-07,-152.66329091321887,-4.283223130214705e-05,-152.58522893835055,-0.024193733883960664,-346.43789468688925,2.29823003564476e-11,0.004770076759412462,-3.0815466795107893e-09,-7.631445766863112e-05,-0.014793867433883308,-66.03869072659576,0.0283583692789313,413.483562011054,-0.024193733883960664,-346.43789468688925,0.0,0.0,-3.0815466795107893e-09,-7.631445766863112e-05,0.0,0.0,-0.014793867433883308,-66.03869072659576,0.0,0.0,0.0,126.848182618618,126.848182618618
558,0.279014825820923,8.136800245828255e-07,-152.93025962873998,-4.2992030617029756e-05,-152.85175708615793,-0.024237337313456387,-347.0627089214541,-1.2044276085419296e-10,0.004740567880709267,-5.872572744691301e-09,-9.640680871237913e-05,-0.0148214264606937,-66.1511453424759,0.028409946345476,414.221947669291,-0.024237337313456387,-347.0627089214541,0.0,0.0,-5.872572744691301e-09,-9.640680871237913e-05,0.0,0.0,-0.0148214264606937,-66.1511453424759,0.0,0.0,0.0,126.842631667852,126.842631667852
559,0.279515087604523,8.142416361067954e-07,-153.1971183060801,-4.315204628146235e-05,-153.11817205996778,-0.024280921935062837,-347.687259326063,-4.78097369938219e-11,0.0047351099404673936,3.161294974439215e-09,-6.971899583275011e-05,-0.01484897512825036,-66.26352540278083,0.0284615019831721,414.960018304382,-0.024280921935062837,-347.687259326063,0.0,0.0,3.161294974439215e-09,-6.971899583275011e-05,0.0,0.0,-0.01484897512825036,-66.26352540278083,0.0,0.0,0.0,126.837082713842,126.837082713842
560,0.280015170574188,8.147408365390515e-07,-153.46386690351898,-4.3312653656072765e-05,-153.38447393717817,-0.02432449026719703,-348.31157204967786,1.4790695545273326e-10,0.004775939373301799,6.222526255094788e-09,-4.470947306332802e-05,-0.014876544322996565,-66.37595769036236,0.0285130544558603,415.697816082558,-0.02432449026719703,-348.31157204967786,0.0,0.0,6.222526255094788e-09,-4.470947306332802e-05,0.0,0.0,-0.014876544322996565,-66.37595769036236,0.0,0.0,0.0,126.831536501646,126.831536501646
561,0.280515283346176,8.153768996384444e-07,-153.73057309432474,-4.347372146309372e-05,-153.65073981001677,-0.024368062072257578,-348.9359534288483,-1.3093749935221955e-10,0.004768133500277714,-1.619776754462609e-08,-0.0001275781155661037,-0.014904128524624765,-66.48840097704318,0.0285646177440814,416.435644524589,-0.024368062072257578,-348.9359534288483,0.0,0.0,-1.619776754462609e-08,-0.0001275781155661037,0.0,0.0,-0.014904128524624765,-66.48840097704318,0.0,0.0,0.0,126.82599028945,126.82599028945
562,0.281000703573227,8.159284152124725e-07,-153.98941131776317,-4.362967747417402e-05,-153.909140157159,-0.02441035365566127,-349.54197162826966,-1.4177362618268457e-11,0.004734665778366726,5.903527304922546e-09,-5.9995808510313845e-05,-0.014930845701414668,-66.59727099691563,0.0286146365199427,417.151709427569,-0.02441035365566127,-349.54197162826966,0.0,0.0,5.903527304922546e-09,-5.9995808510313845e-05,0.0,0.0,-0.014930845701414668,-66.59727099691563,0.0,0.0,0.0,126.820606678724,126.820606678724
563,0.281501919031143,8.163588316629593e-07,-154.25670359630968,-4.3791693629376e-05,-154.17598201372104,-0.02445402242736284,-350.1677361790381,2.918128470827566e-11,0.004743456451007026,6.8367143473212726e-09,-4.8998459549389774e-05,-0.014958488331978421,-66.70988578977837,0.0286663130596667,417.891153746565,-0.02445402242736284,-350.1677361790381,0.0,0.0,6.8367143473212726e-09,-4.8998459549389774e-05,0.0,0.0,-0.014958488331978421,-66.70988578977837,0.0,0.0,0.0,126.815048545599,126.815048545599
564,0.282002538442612,8.169215606687563e-07,-154.52358517800926,-4.395394020390801e-05,-154.44241982229835,-0.024497636189517266,-350.79271646206166,-5.0019771252317335e-11,0.004770492049629649,-9.623014166120661e-09,-0.0001030740531437563,-0.014986105413980284,-66.82232832223897,0.028717929364235,418.629613052921,-0.024497636189517266,-350.79271646206166,0.0,0.0,-9.623014166120661e-09,-0.0001030740531437563,0.0,0.0,-0.014986105413980284,-66.82232832223897,0.0,0.0,0.0,126.809497177601,126.809497177601
565,0.282503247261047,8.1755276054549e-07,-154.79048586925362,-4.411628845381083e-05,-154.7088664725722,-0.024541262543689622,-351.4178786882174,-4.5012156128052896e-11,0.004759303781443479,-5.461111369447241e-09,-9.106056996833044e-05,-0.015013708595677753,-66.93466661610532,0.0287695491787682,419.368218824773,-0.024541262543689622,-351.4178786882174,0.0,0.0,-5.461111369447241e-09,-9.106056996833044e-05,0.0,0.0,-0.015013708595677753,-66.93466661610532,0.0,0.0,0.0,126.803944557905,126.803944557905
566,0.283004373311996,8.179754269206676e-07,-155.0576167369499,-4.42790634411859e-05,-154.97553594694287,-0.024584922406894704,-352.04352880640016,2.4045220580182766e-11,0.004744586449342766,6.14030644973651e-09,-4.578459723255624e-05,-0.015041332388482776,-67.04707244639137,0.0288212083556265,420.107411706569,-0.024584922406894704,-352.04352880640016,0.0,0.0,6.14030644973651e-09,-4.578459723255624e-05,0.0,0.0,-0.015041332388482776,-67.04707244639137,0.0,0.0,0.0,126.798387736082,126.798387736082
567,0.283505886793137,8.183890488169314e-07,-155.32494662390638,-4.444254143527641e-05,-155.24240124046145,-0.024628617870148826,-352.66968387224813,2.7970740703024365e-11,0.004757131184129392,2.1517206685147666e-09,-5.7810657088955476e-05,-0.01506900219152382,-67.15961123141527,0.0288729219347682,420.847194968154,-0.024628617870148826,-352.66968387224813,0.0,0.0,2.1517206685147666e-09,-5.7810657088955476e-05,0.0,0.0,-0.01506900219152382,-67.15961123141527,0.0,0.0,0.0,126.792826533318,126.792826533318
568,0.284006923437119,8.18999068424263e-07,-155.5919239013369,-4.460626051013782e-05,-155.5089297863156,-0.024672269942251374,-353.2952295207824,-1.58944654082227e-10,0.004748381179285069,-1.170081985915985e-08,-0.00011673562611775519,-0.015096654355704228,-67.27202672485643,0.0289245893182306,421.586193833453,-0.024672269942251374,-353.2952295207824,0.0,0.0,-1.170081985915985e-08,-0.00011673562611775519,0.0,0.0,-0.015096654355704228,-67.27202672485643,0.0,0.0,0.0,126.787271559238,126.787271559238
569,0.284508019685745,8.195071597021541e-07,-155.85892529798605,-4.476994451917114e-05,-155.7754704562435,-0.024715927764513795,-353.92085684439036,6.144054912874422e-12,0.004751515961052918,1.89260561711697e-09,-6.148285858151577e-05,-0.015124283652199276,-67.38431795021924,0.0289762496930223,422.325255021022,-0.024715927764513795,-353.92085684439036,0.0,0.0,1.89260561711697e-09,-6.148285858151577e-05,0.0,0.0,-0.015124283652199276,-67.38431795021924,0.0,0.0,0.0,126.781716167927,126.781716167927
570,0.285008937120438,8.198707690947032e-07,-156.1258536884698,-4.493413694828613e-05,-156.04194452563888,-0.024759570500787562,-354.5462650154118,7.19615064583366e-11,0.004768620783517981,2.016959121730858e-09,-5.4988846894473233e-05,-0.015151928342492743,-67.49664736587722,0.0290279052573271,423.064087469087,-0.024759570500787562,-354.5462650154118,0.0,0.0,2.016959121730858e-09,-5.4988846894473233e-05,0.0,0.0,-0.015151928342492743,-67.49664736587722,0.0,0.0,0.0,126.776161879301,126.776161879301
571,0.28550973534584,8.203596516508076e-07,-156.39267605559914,-4.509855561437791e-05,-156.3082990826307,-0.024803203753327452,-355.1715593042032,-2.8583399938546443e-12,0.004757750328123298,-7.334698650468148e-10,-6.950371217250893e-05,-0.015179568316817191,-67.60891120211228,0.0290795502934056,423.802731139255,-0.024803203753327452,-355.1715593042032,0.0,0.0,-7.334698650468148e-10,-6.950371217250893e-05,0.0,0.0,-0.015179568316817191,-67.60891120211228,0.0,0.0,0.0,126.77060931921,126.77060931921
572,0.286010801792145,8.208821774389823e-07,-156.65957962273868,-4.526327823815097e-05,-156.57473674395266,-0.024846858607302198,-355.79714110020916,-1.9792922253468633e-10,0.004727462411733939,-8.413002611897598e-09,-0.0001133701527820946,-0.015207218876741027,-67.72117281676314,0.0291312193025738,424.541676351254,-0.024846858607302198,-355.79714110020916,0.0,0.0,-8.413002611897598e-09,-0.0001133701527820946,0.0,0.0,-0.015207218876741027,-67.72117281676314,0.0,0.0,0.0,126.765054762363,126.765054762363
573,0.286511451005936,8.212706898907739e-07,-156.92629403394156,-4.5428247339467016e-05,-156.8409850129907,-0.024890480247416937,-356.4222568012918,1.768846549953629e-11,0.004756038549132449,1.4784956594942716e-09,-6.176871708826414e-05,-0.015234857814482916,-67.83337278634083,0.0291828539381382,425.280081791509,-0.024890480247416937,-356.4222568012918,0.0,0.0,1.4784956594942716e-09,-6.176871708826414e-05,0.0,0.0,-0.015234857814482916,-67.83337278634083,0.0,0.0,0.0,126.759504318237,126.759504318237
574,0.287012606859207,8.216981291755144e-07,-157.19323083546266,-4.5593619817400315e-05,-157.10744863849513,-0.024934144315356323,-357.0479934326936,1.8040191495538546e-10,0.0047835979513917,6.695184238360763e-09,-3.6515326820254736e-05,-0.01526252212237432,-67.94562255524535,0.0292345380283045,426.019177385015,-0.024934144315356323,-357.0479934326936,0.0,0.0,6.695184238360763e-09,-3.6515326820254736e-05,0.0,0.0,-0.01526252212237432,-67.94562255524535,0.0,0.0,0.0,126.753948718309,126.753948718309
575,0.287512868642807,8.222014494262073e-07,-157.45963997612628,-4.575905029876258e-05,-157.37339399000174,-0.024977730612901074,-357.6726064444218,-1.5009265269004622e-10,0.004745876407376139,-1.0124591715274502e-08,-0.00011902449726018425,-0.015290143930190113,-68.05765394960189,0.029286133622303,426.75691094785,-0.024977730612901074,-357.6726064444218,0.0,0.0,-1.0124591715274502e-08,-0.00011902449726018425,0.0,0.0,-0.015290143930190113,-68.05765394960189,0.0,0.0,0.0,126.748402893543,126.748402893543
576,0.288013488054276,8.225662005756637e-07,-157.72624468632662,-4.5924866366165274e-05,-157.63952196085688,-0.025021346764876235,-358.2976579973715,-1.4644797480674271e-10,0.004727270073641024,-3.6563346271074702e-09,-8.644018302439858e-05,-0.015317784310910902,-68.16975173215396,0.0293377643983612,427.495162483598,-0.025021346764876235,-358.2976579973715,0.0,0.0,-3.6563346271074702e-09,-8.644018302439858e-05,0.0,0.0,-0.015317784310910902,-68.16975173215396,0.0,0.0,0.0,126.742854237556,126.742854237556
577,0.288514345884323,8.229162533428016e-07,-157.99296833531412,-4.6091242290441734e-05,-157.90577123388675,-0.02506498679332084,-358.9230392577111,9.089160741324805e-11,0.004765757982599995,4.818356314402144e-09,-4.849200088527015e-05,-0.015345454920228962,-68.28191731727834,0.0293894313442427,428.233790116571,-0.02506498679332084,-358.9230392577111,0.0,0.0,4.818356314402144e-09,-4.849200088527015e-05,0.0,0.0,-0.015345454920228962,-68.28191731727834,0.0,0.0,0.0,126.737301707268,126.737301707268
578,0.289000242948532,8.234229349598008e-07,-158.25163839943582,-4.6252671793341534e-05,-158.16398364959727,-0.025107321915320443,-359.5297361931095,1.057866213675336e-10,0.004773285807503733,3.6239469751345003e-09,-4.8589588611759247e-05,-0.015372279575896467,-68.39060986765602,0.0294395436973255,428.950269294658,-0.025107321915320443,-359.5297361931095,0.0,0.0,3.6239469751345003e-09,-4.8589588611759247e-05,0.0,0.0,-0.015372279575896467,-68.39060986765602,0.0,0.0,0.0,126.731916368008,126.731916368008
579,0.289501249790192,8.238242651409234e-07,-158.51836929687664,-4.641970643809182e-05,-158.43023037800955,-0.02515097345648146,-360.15531493239007,-2.826540264024724e-10,0.004738292615827959,-1.918515934437545e-08,-0.0001485731865664391,-0.01539996286421425,-68.50274905766184,0.0294912271276733,429.689060632395,-0.02515097345648146,-360.15531493239007,0.0,0.0,-1.918515934437545e-08,-0.0001485731865664391,0.0,0.0,-0.01539996286421425,-68.50274905766184,0.0,0.0,0.0,126.726363182068,126.726363182068
580,0.290001660585403,8.240816588030505e-07,-158.78479177449205,-4.658682139015205e-05,-158.6961815669698,-0.025194575827247566,-360.78017035684576,3.0001325357257764e-11,0.004747367633404107,5.2523134901770105e-09,-5.01516970676245e-05,-0.015427613362982578,-68.6147253797664,0.029542851524585,430.426997325912,-0.025194575827247566,-360.78017035684576,0.0,0.0,5.2523134901770105e-09,-5.01516970676245e-05,0.0,0.0,-0.015427613362982578,-68.6147253797664,0.0,0.0,0.0,126.720816791058,126.720816791058
581,0.290502041578293,8.244916852558411e-07,-159.0511162289006,-4.675414384106706e-05,-158.96202081551627,-0.025238173374605728,-361.4049579879987,1.9801322817720985e-10,0.0047649819052361,1.4597813407198641e-08,-7.622413174181896e-06,-0.015455254806713222,-68.7266086243789,0.0295944671020962,431.164785261311,-0.025238173374605728,-361.4049579879987,0.0,0.0,1.4597813407198641e-08,-7.622413174181896e-06,0.0,0.0,-0.015455254806713222,-68.7266086243789,0.0,0.0,0.0,126.715271115303,126.715271115303
582,0.291003197431564,8.249725649870969e-07,-159.3178168670538,-4.6922123503307295e-05,-159.22823420196102,-0.025281839183785605,-362.030747015393,-2.5050234413022984e-10,0.004746440544216019,-1.8797412601958435e-08,-0.00014699253722154904,-0.015482947131556226,-68.83864666698761,0.0296461674885637,431.90371429333,-0.025281839183785605,-362.030747015393,0.0,0.0,-1.8797412601958435e-08,-0.00014699253722154904,0.0,0.0,-0.015482947131556226,-68.83864666698761,0.0,0.0,0.0,126.709716677666,126.709716677666
583,0.291503936052322,8.252469820133983e-07,-159.58431333701088,-4.709051706837941e-05,-159.49424984911687,-0.025325467625966283,-362.65599551046597,-3.109731844229119e-11,0.004756429742592618,-2.884953411837958e-09,-8.00070601402931e-05,-0.015510635068756886,-68.95064388997375,0.0296978337409963,432.642035860291,-0.025325467625966283,-362.65599551046597,0.0,0.0,-2.884953411837958e-09,-8.00070601402931e-05,0.0,0.0,-0.015510635068756886,-68.95064388997375,0.0,0.0,0.0,126.704167276621,126.704167276621
584,0.292004585266113,8.255151956822276e-07,-159.8507325760978,-4.72591269834769e-05,-159.76016994565362,-0.025369088080536152,-363.2811199812016,1.4647202648653335e-10,0.004766257150383427,9.338398621577991e-09,-3.047501852657209e-05,-0.015538312442968924,-69.06255045384553,0.0297494876883615,433.380175641299,-0.025369088080536152,-363.2811199812016,0.0,0.0,9.338398621577991e-09,-3.047501852657209e-05,0.0,0.0,-0.015538312442968924,-69.06255045384553,0.0,0.0,0.0,126.698618650436,126.698618650436
585,0.29250580072403,8.259507372468915e-07,-160.11736556460056,-4.7427976108791816e-05,-160.02631432727176,-0.02541275907842435,-363.9069936168538,-3.797659312639966e-11,0.004744190620010681,7.31773221588696e-10,-7.307293456276152e-05,-0.01556600030508199,-69.17443921350032,0.0298011902374882,434.119102434793,-0.02541275907842435,-363.9069936168538,0.0,0.0,7.31773221588696e-10,-7.307293456276152e-05,0.0,0.0,-0.01556600030508199,-69.17443921350032,0.0,0.0,0.0,126.693065136671,126.693065136671
586,0.293005645275116,8.262717258107121e-07,-160.383277525349,-4.7597164219069744e-05,-160.29174256647877,-0.02545630939866983,-364.53112775622895,-2.529539129193097e-10,0.004737129762147328,-1.5928876236819675e-08,-0.00013682637895709102,-0.01559365280054518,-69.28615777114416,0.0298527714297647,434.856014364693,-0.02545630939866983,-364.53112775622895,0.0,0.0,-1.5928876236819675e-08,-0.00013682637895709102,0.0,0.0,-0.01559365280054518,-69.28615777114416,0.0,0.0,0.0,126.687525987625,126.687525987625
587,0.293505996465683,8.265120136590846e-07,-160.64945675255356,-4.776680638976524e-05,-160.5574339181395,-0.025499906213863822,-365.1559344550558,1.5483182511777577e-10,0.004776586178875707,6.871977258570551e-09,-3.74446104479522e-05,-0.015621332579099506,-69.39794014225515,0.0299044065450838,435.593696152525,-0.025499906213863822,-365.1559344550558,0.0,0.0,6.871977258570551e-09,-3.74446104479522e-05,0.0,0.0,-0.015621332579099506,-69.39794014225515,0.0,0.0,0.0,126.681981772184,126.681981772184
588,0.294006109237671,8.26872785270383e-07,-160.91544454192785,-4.7936435788376905e-05,-160.8229221908518,-0.025543480801096474,-365.7804134763867,1.0598726572798685e-10,0.004766795364029753,5.851566371983074e-09,-4.277947620552009e-05,-0.015648983327212,-69.50957127007476,0.0299560075643763,436.330934037413,-0.025543480801096474,-365.7804134763867,0.0,0.0,5.851566371983074e-09,-4.277947620552009e-05,0.0,0.0,-0.015648983327212,-69.50957127007476,0.0,0.0,0.0,126.676439851522,126.676439851522
589,0.294506549835205,8.271876843461567e-07,-161.1815963268575,-4.810645119433981e-05,-161.08857580832148,-0.02558708545234742,-366.40534052030097,-2.9700546034539757e-10,0.004725313252918,-1.5900587423557808e-08,-0.0001366885796440889,-0.01567665396482438,-69.6212478691199,0.0300076446325551,437.068676513687,-0.02558708545234742,-366.40534052030097,0.0,0.0,-1.5900587423557808e-08,-0.0001366885796440889,0.0,0.0,-0.01567665396482438,-69.6212478691199,0.0,0.0,0.0,126.670895189047,126.670895189047
590,0.295007228851318,8.273894080863114e-07,-161.44786973170218,-4.827711403644546e-05,-161.35436064166927,-0.025630708849244024,-367.03054379419245,6.274260933080176e-11,0.004750605673938206,6.74411189890853e-09,-4.0908761265265515e-05,-0.015704362975246397,-69.73304381936457,0.0300593177556871,437.806763126988,-0.025630708849244024,-367.03054379419245,0.0,0.0,6.74411189890853e-09,-4.0908761265265515e-05,0.0,0.0,-0.015704362975246397,-69.73304381936457,0.0,0.0,0.0,126.665347844362,126.665347844362
591,0.295508205890656,8.27706975205454e-07,-161.7142694916003,-4.844820019790659e-05,-161.62026190848832,-0.02567436045680933,-367.65614379603255,7.017927484713747e-11,0.004777087411335876,-3.6687576597638325e-10,-6.485825537138259e-05,-0.01573209572107982,-69.84490188819987,0.0301110273580393,438.54528207488,-0.02567436045680933,-367.65614379603255,0.0,0.0,-3.6687576597638325e-10,-6.485825537138259e-05,0.0,0.0,-0.01573209572107982,-69.84490188819987,0.0,0.0,0.0,126.659797161818,126.659797161818
592,0.296009302139282,8.280721712088157e-07,-161.9806700315002,-4.861911832829923e-05,-161.88616128691174,-0.02571802204285939,-368.28188829124605,-7.208713299277558e-11,0.004754970659655175,-5.623440632509047e-09,-9.466268729987925e-05,-0.015759798869736403,-69.95659544399702,0.0301627300275679,439.283895894404,-0.02571802204285939,-368.28188829124605,0.0,0.0,-5.623440632509047e-09,-9.466268729987925e-05,0.0,0.0,-0.015759798869736403,-69.95659544399702,0.0,0.0,0.0,126.654245585203,126.654245585203
593,0.296509921550751,8.282319144153868e-07,-162.24685915151628,-4.879053550086014e-05,-162.1518463173807,-0.025761641762408825,-368.90703341451035,-9.706597224608404e-11,0.004736141974573554,-1.9163107214078116e-09,-8.137379270530584e-05,-0.015787508228488446,-70.06829409816699,0.0302144002681106,440.021851425162,-0.025761641762408825,-368.90703341451035,0.0,0.0,-1.9163107214078116e-09,-8.137379270530584e-05,0.0,0.0,-0.015787508228488446,-70.06829409816699,0.0,0.0,0.0,126.648699313402,126.648699313402
594,0.297010689973831,8.284258820383109e-07,-162.51309764868347,-4.896239904028856e-05,-162.41757737820376,-0.025805274026579283,-369.53237868932075,6.79309311845276e-11,0.004759482082139803,4.635957605809629e-09,-5.0441556670291e-05,-0.01581523647471888,-70.18002838856776,0.0302660910978104,440.760015945002,-0.025805274026579283,-369.53237868932075,0.0,0.0,4.635957605809629e-09,-5.0441556670291e-05,0.0,0.0,-0.01581523647471888,-70.18002838856776,0.0,0.0,0.0,126.643151521683,126.643151521683
595,0.297511786222458,8.28809868483759e-07,-162.7794218269275,-4.91345362969883e-05,-162.68339678970253,-0.025848935817576617,-370.1581367298109,-6.143770665681067e-11,0.004759621935203058,-6.282095556853227e-09,-9.555983849482747e-05,-0.015842974285866698,-70.29174710865487,0.0303178121244501,441.498588540077,-0.025848935817576617,-370.1581367298109,0.0,0.0,-6.282095556853227e-09,-9.555983849482747e-05,0.0,0.0,-0.015842974285866698,-70.29174710865487,0.0,0.0,0.0,126.637600421906,126.637600421906
596,0.298013031482697,8.290459884263004e-07,-163.04584241411993,-4.9306864402081e-05,-162.94931412784823,-0.02589261282784123,-370.7841097198849,-7.406165869948679e-11,0.004750058243385971,-4.480481299674694e-09,-8.651375173922317e-05,-0.015870709883813342,-70.40343990894992,0.0303695449936754,442.23740920191,-0.02589261282784123,-370.7841097198849,0.0,0.0,-4.480481299674694e-09,-8.651375173922317e-05,0.0,0.0,-0.015870709883813342,-70.40343990894992,0.0,0.0,0.0,126.632047683001,126.632047683001
597,0.298514008522034,8.291451404429134e-07,-163.31212282339848,-4.947966472149938e-05,-163.21508491315055,-0.025936263323783914,-371.40971796896116,1.290456223141056e-10,0.004760846139082477,9.377618884472846e-09,-3.716199004420858e-05,-0.01589845168955728,-70.51510665559645,0.0304212585250945,442.975814571622,-0.025936263323783914,-371.40971796896116,0.0,0.0,9.377618884472846e-09,-3.716199004420858e-05,0.0,0.0,-0.01589845168955728,-70.51510665559645,0.0,0.0,0.0,126.626498430967,126.626498430967
598,0.299015372991562,8.294056312463472e-07,-163.57855589155355,-4.965319956230731e-05,-163.4810097056568,-0.02597995013137954,-372.03584214847183,-1.5687617601750246e-10,0.004750337980207948,-1.1510730114399823e-08,-0.00011602679287408426,-0.0159262397504333,-70.62691909179105,0.0304730272133492,443.714789079705,-0.02597995013137954,-372.03584214847183,0.0,0.0,-1.1510730114399823e-08,-0.00011602679287408426,0.0,0.0,-0.0159262397504333,-70.62691909179105,0.0,0.0,0.0,126.620944827795,126.620944827795
599,0.299501091241837,8.296994417325424e-07,-163.83661721892022,-4.982097789643701e-05,-163.73856706516588,-0.02602227368195739,-372.64243203016326,-2.8527979264290882e-11,0.004744547903557215,1.1684485337222212e-09,-6.698421172003118e-05,-0.015953112275049836,-70.73501257041875,0.0305231551720539,444.430624126534,-0.02602227368195739,-372.64243203016326,0.0,0.0,1.1684485337222212e-09,-6.698421172003118e-05,0.0,0.0,-0.015953112275049836,-70.73501257041875,0.0,0.0,0.0,126.615564376116,126.615564376116
600,0.300002127885818,8.298208388360627e-07,-164.10284230562087,-4.999480328065789e-05,-164.0042711756431,-0.02606593030654086,-373.2681319073139,7.260656951089063e-11,0.004762360435071724,4.270108598519932e-09,-5.8557147171889356e-05,-0.015980868945905967,-70.84661153352799,0.0305748817688743,445.169051600265,-0.02606593030654086,-373.2681319073139,0.0,0.0,4.270108598519932e-09,-5.8557147171889356e-05,0.0,0.0,-0.015980868945905967,-70.84661153352799,0.0,0.0,0.0,126.61001509428,126.61001509428
601,0.300503015518188,8.299746706039817e-07,-164.36894875845033,-5.016910417522895e-05,-164.26987228686184,-0.026109574201002985,-373.8936539622138,-2.93166272023289e-11,0.004768311137110523,-6.122770521841799e-09,-9.463183054440237e-05,-0.01600863472639906,-70.95822069562692,0.0306266022991265,445.90725026327,-0.026109574201002985,-373.8936539622138,0.0,0.0,-6.122770521841799e-09,-9.463183054440237e-05,0.0,0.0,-0.01600863472639906,-70.95822069562692,0.0,0.0,0.0,126.604467481375,126.604467481375
602,0.301003873348236,8.302255387499072e-07,-164.63497901899072,-5.0343505330580876e-05,-164.5353782280415,-0.026153215852037993,-374.5191483844663,-1.3840102292064183e-10,0.004739600722335634,-6.776035118106967e-09,-9.787614120031551e-05,-0.01603638342811334,-71.06971110692133,0.0306783120137763,446.645344060753,-0.026153215852037993,-374.5191483844663,0.0,0.0,-6.776035118106967e-09,-9.787614120031551e-05,0.0,0.0,-0.01603638342811334,-71.06971110692133,0.0,0.0,0.0,126.598920315504,126.598920315504
603,0.301504820585251,8.303650853175156e-07,-164.90105823703882,-5.0518005645556356e-05,-164.80094217645637,-0.026196866411831637,-375.1447711867043,2.6281575021329392e-11,0.004737369820908853,7.585375227939672e-09,-4.360485925255817e-05,-0.016064119945652874,-71.18110832334652,0.0307300229773122,447.383570444034,-0.026196866411831637,-375.1447711867043,0.0,0.0,7.585375227939672e-09,-4.360485925255817e-05,0.0,0.0,-0.016064119945652874,-71.18110832334652,0.0,0.0,0.0,126.593371987343,126.593371987343
604,0.30200532078743,8.304754137133216e-07,-165.16689751459813,-5.06932042171786e-05,-165.06624178754092,-0.02624047822161462,-375.7698396859335,7.163978472269199e-11,0.004774486997500391,3.4019381117489307e-10,-6.654773754768707e-05,-0.016091873458464537,-71.29253589446265,0.0307817098159428,448.121151394482,-0.02624047822161462,-375.7698396859335,0.0,0.0,3.4019381117489307e-10,-6.654773754768707e-05,0.0,0.0,-0.016091873458464537,-71.29253589446265,0.0,0.0,0.0,126.587829142809,126.587829142809
605,0.302505940198898,8.306976002859863e-07,-165.43271444549939,-5.0868842109746594e-05,-165.3315418101207,-0.026284098465657473,-376.39503779601165,-1.4900392363613986e-10,0.0047624632084282414,-1.4547943367217142e-08,-0.00012741312815464255,-0.01611964108735475,-71.40396799428368,0.0308334112492744,448.858834013106,-0.026284098465657473,-376.39503779601165,0.0,0.0,-1.4547943367217142e-08,-0.00012741312815464255,0.0,0.0,-0.01611964108735475,-71.40396799428368,0.0,0.0,0.0,126.582285284996,126.582285284996
606,0.303006708621979,8.308273649911493e-07,-165.6986135678898,-5.104427720375657e-05,-165.59690754742013,-0.02632773447057864,-377.02046929850917,-9.527392655122197e-12,0.004734904978943804,5.3260724845141755e-09,-5.138352280191486e-05,-0.01614737472866338,-71.51522828154144,0.0308851083726399,449.596739863893,-0.02632773447057864,-377.02046929850917,0.0,0.0,5.3260724845141755e-09,-5.138352280191486e-05,0.0,0.0,-0.01614737472866338,-71.51522828154144,0.0,0.0,0.0,126.576740026474,126.576740026474
607,0.303507834672928,8.308624085977119e-07,-165.96469346052552,-5.122054148641207e-05,-165.86246316524532,-0.026371398976031715,-377.6463009629255,1.767227186354443e-11,0.004747914255865437,3.929585439547564e-09,-5.3640765387279524e-05,-0.016175159943755766,-71.62665785126278,0.0309368567794685,450.335145121005,-0.026371398976031715,-377.6463009629255,0.0,0.0,3.929585439547564e-09,-5.3640765387279524e-05,0.0,0.0,-0.016175159943755766,-71.62665785126278,0.0,0.0,0.0,126.571190446615,126.571190446615
608,0.304009050130844,8.310339706149895e-07,-166.2307681425399,-5.13973748417927e-05,-166.1280060389749,-0.026415072533401154,-378.27226677661025,-1.2055128811703017e-11,0.004771281097868774,-5.3248263358001045e-09,-9.03235456670102e-05,-0.01620297020675834,-71.73814176992731,0.0309886260238612,451.073665255948,-0.026415072533401154,-378.27226677661025,0.0,0.0,-5.3248263358001045e-09,-9.03235456670102e-05,0.0,0.0,-0.01620297020675834,-71.73814176992731,0.0,0.0,0.0,126.565640628338,126.565640628338
609,0.304510146379471,8.312263332107503e-07,-166.4967426476692,-5.1574228203767784e-05,-166.3934490485552,-0.02645873628385082,-378.89810732534875,-1.2966832817308376e-10,0.004751040620149456,-9.81830480829369e-09,-0.00010848623220097262,-0.0162307581630536,-71.84950141091979,0.0310403752696056,451.811987234593,-0.02645873628385082,-378.89810732534875,0.0,0.0,-9.81830480829369e-09,-0.00010848623220097262,0.0,0.0,-0.0162307581630536,-71.84950141091979,0.0,0.0,0.0,126.560092121363,126.560092121363
610,0.305011391639709,8.312320353269057e-07,-166.7628132902388,-5.1751255566475134e-05,-166.65897954235103,-0.02650241323513136,-379.5241183664939,4.047621599349276e-11,0.004745065618882648,6.233420258936002e-09,-4.5529216086859984e-05,-0.01625854407512881,-71.96081934197396,0.0310921347226595,452.550513559893,-0.02650241323513136,-379.5241183664939,0.0,0.0,6.233420258936002e-09,-4.5529216086859984e-05,0.0,0.0,-0.01625854407512881,-71.96081934197396,0.0,0.0,0.0,126.554542094469,126.554542094469
611,0.305512636899948,8.312681840092552e-07,-167.02886947048626,-5.192889886333665e-05,-166.92449997657775,-0.026546090215572794,-380.15015572289707,4.871095464607066e-11,0.004758273590268735,3.4025777128639557e-09,-5.915785941685111e-05,-0.01628635862914155,-72.07221062813126,0.0311439092027943,453.289064938294,-0.026546090215572794,-380.15015572289707,0.0,0.0,3.4025777128639557e-09,-5.915785941685111e-05,0.0,0.0,-0.01628635862914155,-72.07221062813126,0.0,0.0,0.0,126.548992067575,126.548992067575
612,0.306013077497482,8.314647291346727e-07,-167.2944158929125,-5.210650258180244e-05,-167.1895043849509,-0.026589696202389927,-380.7751712926009,-1.5320919792963505e-10,0.004750363982199296,-1.1125994481897208e-08,-0.00011381257275625662,-0.01631412729125846,-72.18338881839612,0.0311955991958776,454.026348004422,-0.026589696202389927,-380.7751712926009,0.0,0.0,-1.1125994481897208e-08,-0.00011381257275625662,0.0,0.0,-0.01631412729125846,-72.18338881839612,0.0,0.0,0.0,126.543451398611,126.543451398611
613,0.306514501571655,8.315463586073913e-07,-167.56049155992383,-5.2284594763156005e-05,-167.45503770071016,-0.026633389582098353,-381.40143622783165,-4.8044696654531727e-11,0.004749969343973509,-2.063046243352081e-09,-8.09593384469946e-05,-0.01634194193285896,-72.29470727158929,0.0312473877490436,454.765091296436,-0.026633389582098353,-381.40143622783165,0.0,0.0,-2.063046243352081e-09,-8.09593384469946e-05,0.0,0.0,-0.01634194193285896,-72.29470727158929,0.0,0.0,0.0,126.537900149822,126.537900149822
614,0.307015419006348,8.315085150664852e-07,-167.82631532314025,-5.246297097207744e-05,-167.72032257391365,-0.026677039223436384,-382.027077579949,8.109204704118116e-11,0.004767017355627628,3.612034204374317e-09,-5.801058622847624e-05,-0.016369744568479876,-72.40594471037038,0.0312991327678705,455.503114781496,-0.026677039223436384,-382.027077579949,0.0,0.0,3.612034204374317e-09,-5.801058622847624e-05,0.0,0.0,-0.016369744568479876,-72.40594471037038,0.0,0.0,0.0,126.532354205847,126.532354205847
615,0.307500571012497,8.315917294392188e-07,-168.08370115057414,-5.263592762020339e-05,-167.97718211733488,-0.026719314760813448,-382.6330273862528,2.5647567333264355e-11,0.004755124893193963,2.541718681658559e-09,-6.000893667848018e-05,-0.016396665420690387,-72.51362301590312,0.0313492454365,456.21784653478,-0.026719314760813448,-382.6330273862528,0.0,0.0,2.541718681658559e-09,-6.000893667848018e-05,0.0,0.0,-0.016396665420690387,-72.51362301590312,0.0,0.0,0.0,126.526983529329,126.526983529329
616,0.308001756668091,8.317082695816955e-07,-168.3495682685822,-5.2815079278357664e-05,-168.24249793593754,-0.026762986797903128,-383.25900575356206,-2.7831980845777314e-10,0.004731853275945429,-1.5982690960355823e-08,-0.00014348510513992565,-0.016424491064371584,-72.62486513530837,0.0314010216265801,456.956181485144,-0.026762986797903128,-383.25900575356206,0.0,0.0,-1.5982690960355823e-08,-0.00014348510513992565,0.0,0.0,-0.016424491064371584,-72.62486513530837,0.0,0.0,0.0,126.521434724331,126.521434724331
617,0.30850276350975,8.316856608438628e-07,-168.6153341157593,-5.29943760173101e-05,-168.50771430945596,-0.02680664344456544,-383.8847584361257,9.134812275386996e-11,0.004762822244102809,5.537343276063951e-09,-5.1330166936346784e-05,-0.016452299844318875,-72.73601192861446,0.0314527759033612,457.694238432488,-0.02680664344456544,-383.8847584361257,0.0,0.0,5.537343276063951e-09,-5.1330166936346784e-05,0.0,0.0,-0.016452299844318875,-72.73601192861446,0.0,0.0,0.0,126.51588922739,126.51588922739
618,0.309004098176956,8.316900758824825e-07,-168.88124586950315,-5.317419873620729e-05,-168.77307628911768,-0.026850329033326435,-384.51092987632916,1.7628169941012743e-10,0.004776279599752539,8.430506478766857e-09,-3.477547694909886e-05,-0.016480134822643294,-72.84721764493688,0.0315045685759634,458.432763687665,-0.026850329033326435,-384.51092987632916,0.0,0.0,8.430506478766857e-09,-3.477547694909886e-05,0.0,0.0,-0.016480134822643294,-72.84721764493688,0.0,0.0,0.0,126.51033949852,126.51033949852
619,0.309505432844162,8.317698693907858e-07,-169.1471068526038,-5.335435104022246e-05,-169.03838801783758,-0.026894016322866005,-385.13712973732413,-2.4619585335237583e-10,0.004736696171641708,-1.4671037817178333e-08,-0.0001246731719520635,-0.01650797165768043,-72.95837808513105,0.0315563636942566,459.17126874168,-0.026894016322866005,-385.13712973732413,0.0,0.0,-1.4671037817178333e-08,-0.0001246731719520635,0.0,0.0,-0.01650797165768043,-72.95837808513105,0.0,0.0,0.0,126.504789829254,126.504789829254
620,0.310006260871887,8.317351359602259e-07,-169.41268768026166,-5.353480593180725e-05,-169.30342328729859,-0.026937656295222906,-385.7626672354832,-1.3868221396594547e-10,0.004731506812600759,-4.665715506903872e-09,-8.888603414673561e-05,-0.01653579278956026,-73.06944563153814,0.0316081102966642,459.908998850618,-0.026937656295222906,-385.7626672354832,0.0,0.0,-4.665715506903872e-09,-8.888603414673561e-05,0.0,0.0,-0.01653579278956026,-73.06944563153814,0.0,0.0,0.0,126.499246448278,126.499246448278
621,0.310506910085678,8.316873241659455e-07,-169.6781676736403,-5.371545035251496e-05,-169.56833549921828,-0.026981282682072234,-386.3879988911403,1.9418013531581562e-10,0.004775016805754786,1.0496325165562176e-08,-3.2891892017771125e-05,-0.0165636013481527,-73.18041000194557,0.031659838768254,460.64645782532,-0.026981282682072234,-386.3879988911403,0.0,0.0,1.0496325165562176e-08,-3.2891892017771125e-05,0.0,0.0,-0.0165636013481527,-73.18041000194557,0.0,0.0,0.0,126.493705183268,126.493705183268
622,0.311007916927338,8.317609875830149e-07,-169.94374012466236,-5.38963843048646e-05,-169.83335791019257,-0.027024938162621245,-387.0137496876208,3.07153193083334e-11,0.004768642361117554,-9.904372203543586e-10,-7.412989631709428e-05,-0.016591418869182546,-73.29137725021909,0.0317115967478498,461.384343813119,-0.027024938162621245,-387.0137496876208,0.0,0.0,-9.904372203543586e-10,-7.412989631709428e-05,0.0,0.0,-0.016591418869182546,-73.29137725021909,0.0,0.0,0.0,126.48815998435,126.48815998435
623,0.311509430408478,8.317250835312371e-07,-170.20962306482585,-5.407826194996318e-05,-170.0986782540324,-0.027068641591230583,-387.6401914089015,-3.433102030544618e-10,0.00472915172023391,-2.045571594724672e-08,-0.00015305562198336778,-0.01661930115168858,-73.40255442632817,0.0317634294986485,462.123067095625,-0.027068641591230583,-387.6401914089015,0.0,0.0,-2.045571594724672e-08,-0.00015305562198336778,0.0,0.0,-0.01661930115168858,-73.40255442632817,0.0,0.0,0.0,126.482609242201,126.482609242201
624,0.312010705471039,8.315866346434965e-07,-170.47536484527612,-5.426007866849544e-05,-170.3638554323962,-0.027112322980869304,-388.26632779680745,1.3036924697292056e-10,0.004749355367574832,1.2272440757847843e-08,-2.3254427795564223e-05,-0.016647149176181666,-73.51355668848879,0.0318152255682848,462.861402146784,-0.027112322980869304,-388.26632779680745,0.0,0.0,1.2272440757847843e-08,-2.3254427795564223e-05,0.0,0.0,-0.016647149176181666,-73.51355668848879,0.0,0.0,0.0,126.477061480284,126.477061480284
625,0.312512129545212,8.316006557875466e-07,-170.7411082448747,-5.4442328487175345e-05,-170.62903393508938,-0.027156016296555424,-388.89262868991,1.2944556410021298e-10,0.004769537449727841,6.702728034936744e-09,-4.401598286355715e-05,-0.016675012919144312,-73.62458313990074,0.0318670400509861,463.599880479852,-0.027156016296555424,-388.89262868991,0.0,0.0,6.702728034936744e-09,-4.401598286355715e-05,0.0,0.0,-0.016675012919144312,-73.62458313990074,0.0,0.0,0.0,126.471512138844,126.471512138844
626,0.313012897968292,8.316358969587252e-07,-171.00647457050562,-5.462465868223427e-05,-170.89383052705764,-0.027199653385744732,-389.51812949117686,-2.5095902929678207e-10,0.004749452773243764,-1.834984373894727e-08,-0.0001457644107856016,-0.01670284285460392,-73.73543115583149,0.0319187889537736,464.337380241849,-0.027199653385744732,-389.51812949117686,0.0,0.0,-1.834984373894727e-08,-0.0001457644107856016,0.0,0.0,-0.01670284285460392,-73.73543115583149,0.0,0.0,0.0,126.465970546007,126.465970546007
627,0.313514232635498,8.314705043331133e-07,-171.27217079397224,-5.4807726273370544e-05,-171.15895930530453,-0.02724333897477871,-390.1443470630454,-3.209499607939921e-11,0.004749181515817772,-5.387274932880777e-10,-7.267359838581994e-05,-0.01673072291726386,-73.84644231583937,0.0319706054432373,465.075751302378,-0.02724333897477871,-390.1443470630454,0.0,0.0,-5.387274932880777e-10,-7.267359838581994e-05,0.0,0.0,-0.01673072291726386,-73.84644231583937,0.0,0.0,0.0,126.460422754288,126.460422754288
628,0.314000099897385,8.313484371763801e-07,-171.52964396420538,-5.4985230664977403e-05,-171.41587845580113,-0.027285679909806484,-390.7512768246364,1.367441545336646e-10,0.004759060208409459,1.0407419907294107e-08,-2.9115299414497937e-05,-0.016757730430683144,-73.95393959505434,0.0320208194991118,465.791334923293,-0.027285679909806484,-390.7512768246364,0.0,0.0,1.0407419907294107e-08,-2.9115299414497937e-05,0.0,0.0,-0.016757730430683144,-73.95393959505434,0.0,0.0,0.0,126.455045968294,126.455045968294
629,0.314500957727432,8.31381807568583e-07,-171.7949648186442,-5.516846993028969e-05,-171.68063300693967,-0.027329323793432295,-391.37689207538483,-1.0375442742748263e-10,0.004751446329097124,-7.331425449807405e-09,-0.00010164576983068179,-0.016785570409828234,-74.064716778663,0.0320725795227152,466.528888313875,-0.027329323793432295,-391.37689207538483,0.0,0.0,-7.331425449807405e-09,-0.00010164576983068179,0.0,0.0,-0.016785570409828234,-74.064716778663,0.0,0.0,0.0,126.449503928423,126.449503928423
630,0.315002471208572,8.312904215968467e-07,-172.06065852951352,-5.535255410807184e-05,-171.94575356511302,-0.027373025875639227,-392.0033289696904,-2.0447079152092647e-10,0.004745097725345333,-1.3404600715386569e-08,-0.0001247026275958061,-0.01681347258359028,-74.1757027035726,0.0321244217147021,467.267436485899,-0.027373025875639227,-392.0033289696904,0.0,0.0,-1.3404600715386569e-08,-0.0001247026275958061,0.0,0.0,-0.01681347258359028,-74.1757027035726,0.0,0.0,0.0,126.443954527378,126.443954527378
631,0.315503507852554,8.310892346039805e-07,-172.32610938661227,-5.5536535915214846e-05,-172.21062207756148,-0.027416687569480284,-392.62921194704495,1.9617201789525099e-10,0.0047698357482191655,1.2022739207113592e-08,-2.5215463757169746e-05,-0.016841335514904375,-74.28649722307884,0.0321762089781526,468.005307768247,-0.027416687569480284,-392.62921194704495,0.0,0.0,1.2022739207113592e-08,-2.5215463757169746e-05,0.0,0.0,-0.016841335514904375,-74.28649722307884,0.0,0.0,0.0,126.438410967588,126.438410967588
632,0.316004812717438,8.310274411983167e-07,-172.59163178297683,-5.572095483978681e-05,-172.4755771670773,-0.027460373083851627,-393.2554353636866,-4.2469647231283854e-11,0.004753170538289834,-2.603292634297513e-09,-8.242353636850043e-05,-0.01686922017926011,-74.39734403824633,0.0322280279396072,468.743531524707,-0.027460373083851627,-393.2554353636866,0.0,0.0,-2.603292634297513e-09,-8.242353636850043e-05,0.0,0.0,-0.01686922017926011,-74.39734403824633,0.0,0.0,0.0,126.43286383152,126.43286383152
633,0.316506266593933,8.309634276402295e-07,-172.8572146391941,-5.5905583543445764e-05,-172.7405774880294,-0.0275040724261139,-393.88183613232667,-1.85258064409081e-10,0.004733265490554387,-8.585195567267269e-09,-0.00010361349123310103,-0.01689710574678869,-74.50816145188189,0.0322798591812902,469.48193867714,-0.0275040724261139,-393.88183613232667,0.0,0.0,-8.585195567267269e-09,-0.00010361349123310103,0.0,0.0,-0.01689710574678869,-74.50816145188189,0.0,0.0,0.0,126.427315920591,126.427315920591
634,0.317007511854172,8.307730399390106e-07,-173.12269922041716,-5.609076277713125e-05,-173.00547833522577,-0.027547751697807602,-394.5079699626281,1.1535261731626638e-11,0.00475830054855743,2.824642983984224e-10,-7.159910470175477e-05,-0.01692500606914276,-74.61899309932927,0.0323316810714883,470.220051717493,-0.027547751697807602,-394.5079699626281,0.0,0.0,2.824642983984224e-10,-7.159910470175477e-05,0.0,0.0,-0.01692500606914276,-74.61899309932927,0.0,0.0,0.0,126.421770334244,126.421770334244
635,0.317509055137634,8.306369059638149e-07,-173.38828901211693,-5.6276313752362695e-05,-173.2704772026795,-0.027591457023128582,-395.1344855030309,8.24150442560788e-11,0.0047761256670499925,1.127030362054794e-09,-6.967765906998617e-05,-0.016952921354904515,-74.72984865238291,0.0323835330197027,470.958563965836,-0.027591457023128582,-395.1344855030309,0.0,0.0,1.127030362054794e-09,-6.967765906998617e-05,0.0,0.0,-0.016952921354904515,-74.72984865238291,0.0,0.0,0.0,126.416221410036,126.416221410036
636,0.31801038980484,8.305503525512811e-07,-173.6537373460277,-5.646174250893905e-05,-173.53532732878367,-0.02763514648776603,-395.7607651458823,-6.174157844775075e-11,0.004743616263090793,-1.4179980813896614e-09,-7.949755867891307e-05,-0.016980801666695942,-74.84052185479287,0.0324353531699924,471.696742927287,-0.02763514648776603,-395.7607651458823,0.0,0.0,-1.4179980813896614e-09,-7.949755867891307e-05,0.0,0.0,-0.016980801666695942,-74.84052185479287,0.0,0.0,0.0,126.410675257444,126.410675257444
637,0.318511068820953,8.303415850295268e-07,-173.9188338575357,-5.6647619980594446e-05,-173.79984246512998,-0.027678777165295793,-396.38621637245467,-1.4180178429760585e-10,0.004731493514130049,-4.9175713924846245e-09,-9.620803644808614e-05,-0.017008673917455953,-74.95111466766778,0.0324871190387635,472.433961685294,-0.027678777165295793,-396.38621637245467,0.0,0.0,-4.9175713924846245e-09,-9.620803644808614e-05,0.0,0.0,-0.017008673917455953,-74.95111466766778,0.0,0.0,0.0,126.405136615038,126.405136615038
638,0.319011896848679,8.301444912415763e-07,-174.18397992598446,-5.6834067475149584e-05,-174.0644068781422,-0.027722420439374548,-397.0118545219125,6.106800521563004e-11,0.004769394979501126,1.3894403583215336e-09,-7.026151857579698e-05,-0.01703656929532315,-75.0617651527639,0.0325389077747267,473.171383164942,-0.027722420439374548,-397.0118545219125,0.0,0.0,1.3894403583215336e-09,-7.026151857579698e-05,0.0,0.0,-0.01703656929532315,-75.0617651527639,0.0,0.0,0.0,126.39959576726,126.39959576726
639,0.319512844085693,8.300589824533146e-07,-174.44911170525305,-5.702062825292181e-05,-174.3289473244919,-0.02776607410016171,-397.637625878556,2.9273078095131586e-12,0.0047685021188167385,-3.3938810005801934e-09,-9.862989733675553e-05,-0.017064452870076668,-75.17232530678054,0.032590699205936,473.908888373207,-0.02776607410016171,-397.637625878556,0.0,0.0,-3.3938810005801934e-09,-9.862989733675553e-05,0.0,0.0,-0.017064452870076668,-75.17232530678054,0.0,0.0,0.0,126.394055008888,126.394055008888
640,0.320013582706451,8.29854667274349e-07,-174.71415318277215,-5.720725638475619e-05,-174.59338989602387,-0.02780971125317999,-398.2631864138328,-5.087145698113088e-11,0.004736900132445673,9.403213984158238e-10,-6.65229592810831e-05,-0.017092313647736036,-75.28276053326141,0.0326424646614907,474.64612800086,-0.02780971125317999,-398.2631864138328,0.0,0.0,9.403213984158238e-10,-6.65229592810831e-05,0.0,0.0,-0.017092313647736036,-75.28276053326141,0.0,0.0,0.0,126.388515472412,126.388515472412
641,0.320514321327209,8.295581131930328e-07,-174.9791911249495,-5.739487486766518e-05,-174.8578351271537,-0.02785334621041205,-398.8887119066502,-9.06875751800258e-11,0.004745237355538796,-4.278472309794623e-09,-8.730310755347215e-05,-0.017120224047087237,-75.393336412395,0.0326942542566639,475.383360580238,-0.02785334621041205,-398.8887119066502,0.0,0.0,-4.278472309794623e-09,-8.730310755347215e-05,0.0,0.0,-0.017120224047087237,-75.393336412395,0.0,0.0,0.0,126.382977336645,126.382977336645
642,0.321015566587448,8.294125613369403e-07,-175.2444273613257,-5.758275271697727e-05,-175.12247985885824,-0.027897028821515363,-399.51491952644324,2.1105073433092263e-11,0.004766113062245593,-1.1773278789869537e-09,-7.94623570825419e-05,-0.017148147737001525,-75.50392696298937,0.0327460914360756,476.121314589979,-0.027897028821515363,-399.51491952644324,0.0,0.0,-1.1773278789869537e-09,-7.94623570825419e-05,0.0,0.0,-0.017148147737001525,-75.50392696298937,0.0,0.0,0.0,126.377432912588,126.377432912588
643,0.321500927209854,8.292857292816505e-07,-175.5012228459376,-5.776459184462538e-05,-175.3786858522766,-0.027939325201264954,-400.1212743664211,-5.335710131462183e-12,0.004754472548131106,-1.952234453721978e-10,-7.459733035493148e-05,-0.017175160012451635,-75.61086997266385,0.0327962703914811,476.835821381881,-0.027939325201264954,-400.1212743664211,0.0,0.0,-1.952234453721978e-10,-7.459733035493148e-05,0.0,0.0,-0.017175160012451635,-75.61086997266385,0.0,0.0,0.0,126.372064590454,126.372064590454
644,0.322002172470093,8.289667591409593e-07,-175.76644953919563,-5.7953223760464814e-05,-175.64330718995205,-0.02798300584877085,-400.7474550455818,-1.4806511349013951e-10,0.00474353379452153,-8.343128455923264e-09,-0.00010349812089757813,-0.01720309567408263,-75.72142480910796,0.0328481122192339,477.573735738663,-0.02798300584877085,-400.7474550455818,0.0,0.0,-8.343128455923264e-09,-0.00010349812089757813,0.0,0.0,-0.01720309567408263,-75.72142480910796,0.0,0.0,0.0,126.366520881653,126.366520881653
645,0.322503417730331,8.28676116087436e-07,-176.03164057811043,-5.814227988991353e-05,-175.9078986401098,-0.028026686339016633,-401.3736490303671,2.979823685803598e-11,0.004756505844709106,2.2238851405531404e-09,-6.551621681645233e-05,-0.017231041620473567,-75.83197743175292,0.0328999593264723,478.311637165971,-0.028026686339016633,-401.3736490303671,0.0,0.0,2.2238851405531404e-09,-6.551621681645233e-05,0.0,0.0,-0.017231041620473567,-75.83197743175292,0.0,0.0,0.0,126.36097702384,126.36097702384
646,0.323004424571991,8.285389277258848e-07,-176.2966179161865,-5.833108278704346e-05,-176.17227223879289,-0.028070346021578964,-401.9995402591748,-1.4546251879670914e-11,0.004753244532429439,-3.4679659750693826e-10,-7.320099712656975e-05,-0.01725894356091263,-75.94232944682146,0.0329517656857965,479.049094339465,-0.028070346021578964,-401.9995402591748,0.0,0.0,-3.4679659750693826e-10,-7.320099712656975e-05,0.0,0.0,-0.01725894356091263,-75.94232944682146,0.0,0.0,0.0,126.355436593294,126.355436593294
647,0.323506027460098,8.282927959038718e-07,-176.56193237108286,-5.8520538087677296e-05,-176.43697730705566,-0.028114059806330968,-402.6262101480388,-5.7509074804409686e-11,0.004749263328863286,-2.742251676541358e-09,-8.38874547647848e-05,-0.017286889161983236,-76.05280529131181,0.0330036410268943,479.787470904853,-0.028114059806330968,-402.6262101480388,0.0,0.0,-2.742251676541358e-09,-8.38874547647848e-05,0.0,0.0,-0.017286889161983236,-76.05280529131181,0.0,0.0,0.0,126.3498891294,126.3498891294
648,0.324007123708725,8.279296299384533e-07,-176.82699793318977,-5.8710654267424884e-05,-176.7014356864476,-0.028157728407911073,-403.25224617392035,-6.368677515793237e-11,0.004761957135275935,-6.500504550728104e-09,-0.00010023948282135537,-0.017314848313621733,-76.16329363022538,0.0330554850039119,480.525135591593,-0.028157728407911073,-403.25224617392035,0.0,0.0,-6.500504550728104e-09,-0.00010023948282135537,0.0,0.0,-0.017314848313621733,-76.16329363022538,0.0,0.0,0.0,126.344348102808,126.344348102808
649,0.324508219957352,8.276864073759658e-07,-177.09197763334313,-5.8900597369993304e-05,-176.9657967091687,-0.028201396059496536,-403.87826522541775,6.202010056604857e-11,0.0047544956633265335,5.074241899043533e-09,-5.2244132989195675e-05,-0.017342774480622315,-76.2736180790637,0.0331073109200335,481.262693033619,-0.028201396059496536,-403.87826522541775,0.0,0.0,5.074241899043533e-09,-5.2244132989195675e-05,0.0,0.0,-0.017342774480622315,-76.2736180790637,0.0,0.0,0.0,126.338807076216,126.338807076216
650,0.32500895857811,8.274677891488758e-07,-177.35674571186593,-5.9090671761182086e-05,-177.22994822022352,-0.028245035111258632,-404.50387307507833,-1.3220629279310822e-10,0.004735216250162074,-4.9199168804953876e-09,-9.193264330459349e-05,-0.017370681341404834,-76.3838271758427,0.0331591023867215,481.999732577566,-0.028245035111258632,-404.50387307507833,0.0,0.0,-4.9199168804953876e-09,-9.193264330459349e-05,0.0,0.0,-0.017370681341404834,-76.3838271758427,0.0,0.0,0.0,126.33326998353,126.33326998353
651,0.325510203838348,8.271175935311873e-07,-177.62179643338368,-5.9281483309594484e-05,-177.4943879052232,-0.028288717327471995,-405.1301008628542,-4.5606658306925296e-11,0.0047587114343149006,-4.11781145646861e-09,-8.975375171702384e-05,-0.017398636251984873,-76.49418721505451,0.0332109558194416,482.73752664524,-0.028288717327471995,-405.1301008628542,0.0,0.0,-4.11781145646861e-09,-8.975375171702384e-05,0.0,0.0,-0.017398636251984873,-76.49418721505451,0.0,0.0,0.0,126.327726781368,126.327726781368
652,0.326011836528778,8.2679992777372e-07,-177.88701021216158,-5.947294513928358e-05,-177.75898262772893,-0.0283324316512863,-405.7568001994174,9.51092506623544e-11,0.004774338408604029,2.855165989190802e-09,-6.550598987495662e-05,-0.01742662868289813,-76.60465481553764,0.0332628562850701,483.475850872971,-0.0283324316512863,-405.7568001994174,0.0,0.0,2.855165989190802e-09,-6.550598987495662e-05,0.0,0.0,-0.01742662868289813,-76.60465481553764,0.0,0.0,0.0,126.322180271149,126.322180271149
653,0.326513350009918,8.26551140487281e-07,-178.15211421317804,-5.966427579818241e-05,-178.02346739178688,-0.028376137285111284,-406.38338594266776,-1.472196410962305e-10,0.004739019937574878,-6.966939694068673e-09,-9.807854348154718e-05,-0.017454589968177062,-76.71496857636573,0.0333147330574584,484.213974950319,-0.028376137285111284,-406.38338594266776,0.0,0.0,-6.966939694068673e-09,-9.807854348154718e-05,0.0,0.0,-0.017454589968177062,-76.71496857636573,0.0,0.0,0.0,126.316635578871,126.316635578871
654,0.327014446258545,8.261904236476221e-07,-178.4170027696949,-5.9855743518965473e-05,-178.28772969185232,-0.028419807082688608,-407.0094473641653,-5.185422030299188e-11,0.004736185614722145,9.851752103400701e-10,-6.496080494413888e-05,-0.01748252921068187,-76.82514970475077,0.0333665677829202,484.951477293628,-0.028419807082688608,-407.0094473641653,0.0,0.0,9.851752103400701e-10,-6.496080494413888e-05,0.0,0.0,-0.01748252921068187,-76.82514970475077,0.0,0.0,0.0,126.311095535755,126.311095535755
655,0.327514737844467,8.25821666031122e-07,-178.6814525938637,-6.0047718243027685e-05,-178.5515555553622,-0.028463405886282742,-407.634496108879,3.3289486496523663e-11,0.004767877339467425,-6.663771575406689e-10,-7.893165542592655e-05,-0.017510461162834952,-76.9352608810701,0.0334183382470295,485.687797149372,-0.028463405886282742,-407.634496108879,0.0,0.0,-6.663771575406689e-10,-7.893165542592655e-05,0.0,0.0,-0.017510461162834952,-76.9352608810701,0.0,0.0,0.0,126.305564284325,126.305564284325
656,0.328000277280807,8.255695971138475e-07,-178.93803963998957,-6.023408404081139e-05,-178.80753294090044,-0.02850571950777062,-408.2411285981115,1.1728466209071297e-11,0.004767425735076004,-1.962023978533256e-09,-8.660131748995875e-05,-0.01753755371956358,-77.04202881833623,0.0334685742742161,486.40235317364,-0.02850571950777062,-408.2411285981115,0.0,0.0,-1.962023978533256e-09,-8.660131748995875e-05,0.0,0.0,-0.01753755371956358,-77.04202881833623,0.0,0.0,0.0,126.300196260214,126.300196260214
657,0.328501373529434,8.252200866617508e-07,-179.20283797990425,-6.0426614204273407e-05,-179.0717041819135,-0.028549389515470036,-408.86721448530074,-1.71341053717534e-10,0.00473128996669493,-7.195835459422985e-09,-0.00010008501384074303,-0.017565506683883302,-77.15214403014706,0.0335204164476565,487.139800068193,-0.028549389515470036,-408.86721448530074,0.0,0.0,-7.195835459422985e-09,-0.00010008501384074303,0.0,0.0,-0.017565506683883302,-77.15214403014706,0.0,0.0,0.0,126.29465636611,126.29465636611
658,0.329001933336258,8.247626719115963e-07,-179.46736954789696,-6.061936882427157e-05,-179.33560824672998,-0.028593012567653817,-409.4926227470913,6.836567280368132e-11,0.004748889826784845,7.0022534697633244e-09,-4.609454620806922e-05,-0.017593440041062763,-77.26212942252369,0.0335722083807521,487.876461686168,-0.028593012567653817,-409.4926227470913,0.0,0.0,7.0022534697633244e-09,-4.609454620806922e-05,0.0,0.0,-0.017593440041062763,-77.26212942252369,0.0,0.0,0.0,126.289122611284,126.289122611284
659,0.329502761363983,8.244435280423899e-07,-179.73197041697034,-6.0813015625466174e-05,-179.59957101016846,-0.028636659434999514,-410.11838328216396,-2.4577969158186755e-11,0.004768695216597374,-4.8684263151743665e-09,-9.956179699304639e-05,-0.017621421056759803,-77.37226926780609,0.0336240456007061,488.613490887613,-0.028636659434999514,-410.11838328216396,0.0,0.0,-4.8684263151743665e-09,-9.956179699304639e-05,0.0,0.0,-0.017621421056759803,-77.37226926780609,0.0,0.0,0.0,126.283586502075,126.283586502075
660,0.330003321170807,8.241483321223311e-07,-179.99638278236148,-6.1006457595717305e-05,-179.86334196764676,-0.028680281774089853,-410.7437853188617,-1.4409461487032336e-10,0.00475287998852836,-1.0094937170806598e-08,-0.00011341143793003853,-0.01764935778752607,-77.48219430197742,0.0336758387485819,489.350045706572,-0.028680281774089853,-410.7437853188617,0.0,0.0,-1.0094937170806598e-08,-0.00011341143793003853,0.0,0.0,-0.01764935778752607,-77.48219430197742,0.0,0.0,0.0,126.278053343296,126.278053343296
661,0.330503761768341,8.236676591292966e-07,-180.2607495952801,-6.120005083070252e-05,-180.12707891746567,-0.028723894818597297,-411.36906280161975,9.115528855251068e-11,0.004744786415320402,9.489175057182227e-09,-3.4382162497935745e-05,-0.017677280633203528,-77.59201576937424,0.0337276167296122,490.086450708386,-0.028723894818597297,-411.36906280161975,0.0,0.0,9.489175057182227e-09,-3.4382162497935745e-05,0.0,0.0,-0.017677280633203528,-77.59201576937424,0.0,0.0,0.0,126.272521466017,126.272521466017
662,0.331004500389099,8.232115200223223e-07,-180.52526519503377,-6.139472105190852e-05,-180.39095501261406,-0.02876753421518256,-411.99472774209244,-5.0781939734130154e-11,0.004754335348578789,-3.532032142698997e-09,-9.282119314143588e-05,-0.017705267003829205,-77.70203736765161,0.0337794504764072,490.823318868488,-0.02876753421518256,-411.99472774209244,0.0,0.0,-3.532032142698997e-09,-9.282119314143588e-05,0.0,0.0,-0.017705267003829205,-77.70203736765161,0.0,0.0,0.0,126.266986429691,126.266986429691
663,0.331505417823792,8.229115702471487e-07,-180.78977255677324,-6.158948283190203e-05,-180.65482418627198,-0.02881118777134216,-412.62059554904494,-1.3428612935738767e-10,0.004754027455326101,-9.538060137456581e-09,-0.00011147464566274037,-0.01773324405942665,-77.81200216406815,0.0338312914268491,491.560343129453,-0.02881118777134216,-412.62059554904494,0.0,0.0,-9.538060137456581e-09,-0.00011147464566274037,0.0,0.0,-0.01773324405942665,-77.81200216406815,0.0,0.0,0.0,126.261450052261,126.261450052261
664,0.332006424665451,8.225028183768844e-07,-181.05434808185456,-6.178445502463337e-05,-180.91875500692427,-0.028854851509846142,-413.2466013014295,-1.4570648351171044e-11,0.004749705173047857,4.1010240771130317e-10,-7.10570215374704e-05,-0.017761220281328847,-77.92191385256483,0.0338831406385617,492.29752288712,-0.028854851509846142,-413.2466013014295,0.0,0.0,4.1010240771130317e-10,-7.10570215374704e-05,0.0,0.0,-0.017761220281328847,-77.92191385256483,0.0,0.0,0.0,126.255912184715,126.255912184715
665,0.332507461309433,8.219656449643017e-07,-181.31894606460335,-6.197982902667994e-05,-181.1827032765974,-0.02889851497693745,-413.87262161571715,1.2435939481252579e-10,0.004761343846773205,8.056551068028197e-09,-4.374697802455072e-05,-0.017789205479599144,-78.03181177795827,0.0339349943515919,493.034727746113,-0.02889851497693745,-413.87262161571715,0.0,0.0,8.056551068028197e-09,-4.374697802455072e-05,0.0,0.0,-0.017789205479599144,-78.03181177795827,0.0,0.0,0.0,126.250375002623,126.250375002623
666,0.333008527755737,8.215593560692232e-07,-181.58350412866966,-6.21759065356636e-05,-181.44662094954649,-0.02894218352299728,-414.49872819201374,-1.8627950980154158e-10,0.004751855750613014,-1.2867791134015928e-08,-0.0001243768907590168,-0.017817223211979278,-78.14181022212382,0.033986869473119,493.771995384345,-0.02894218352299728,-414.49872819201374,0.0,0.0,-1.2867791134015928e-08,-0.0001243768907590168,0.0,0.0,-0.017817223211979278,-78.14181022212382,0.0,0.0,0.0,126.244836628437,126.244836628437
667,0.333509415388107,8.211847774853302e-07,-181.8479187885413,-6.237175358225488e-05,-181.71037954241373,-0.02898583523820346,-415.1245780123972,-1.0927576756686667e-10,0.0047391503736981325,-4.009480551171076e-09,-8.61113662030764e-05,-0.017845200427416986,-78.25161736364464,0.0340387090480965,494.508906404764,-0.02898583523820346,-415.1245780123972,0.0,0.0,-4.009480551171076e-09,-8.61113662030764e-05,0.0,0.0,-0.017845200427416986,-78.25161736364464,0.0,0.0,0.0,126.239301472902,126.239301472902
668,0.334010154008865,8.206737816121502e-07,-182.1122847087256,-6.256791113953533e-05,-181.9740854954533,-0.02902947655671259,-415.75027056117835,1.3481082967937947e-10,0.004762757137999094,8.797009341859403e-09,-4.106358604803116e-05,-0.017873177389891887,-78.36137465591257,0.0340905396640234,495.245640633092,-0.02902947655671259,-415.75027056117835,0.0,0.0,8.797009341859403e-09,-4.106358604803116e-05,0.0,0.0,-0.017873177389891887,-78.36137465591257,0.0,0.0,0.0,126.233767747879,126.233767747879
669,0.334511667490005,8.201762575944057e-07,-182.3770215789841,-6.276502420128949e-05,-182.2381716947229,-0.029073182544926402,-416.37690674322886,-4.3798856768405196e-11,0.00476822835837361,-6.06173517606981e-09,-0.00010271712604362307,-0.017901223696490776,-78.47136794545548,0.0341424617337913,495.983480875819,-0.029073182544926402,-416.37690674322886,0.0,0.0,-6.06173517606981e-09,-0.00010271712604362307,0.0,0.0,-0.017901223696490776,-78.47136794545548,0.0,0.0,0.0,126.228225976229,126.228225976229
670,0.335012525320053,8.197575175521221e-07,-182.64137031283897,-6.296194237643119e-05,-182.5018662526391,-0.02911683479660257,-417.00278333173065,-1.5772284483834234e-10,0.004739926495152442,-7.682996607711083e-09,-0.00010045442857783469,-0.017929220162451874,-78.58113481945666,0.034194311940505,496.7203613844,-0.02911683479660257,-417.00278333173065,0.0,0.0,-7.682996607711083e-09,-0.00010045442857783469,0.0,0.0,-0.017929220162451874,-78.58113481945666,0.0,0.0,0.0,126.222690701485,126.222690701485
671,0.335513383150101,8.192639424229599e-07,-182.90570337747795,-6.315915653413632e-05,-182.7655354618408,-0.02916048390260982,-417.62861064630965,-5.17917289080508e-11,0.004738530668232517,5.216602591332598e-10,-6.772466365231763e-05,-0.017957216957018022,-78.69085744054551,0.0342461596682903,497.457178838759,-0.02916048390260982,-417.62861064630965,0.0,0.0,5.216602591332598e-10,-6.772466365231763e-05,0.0,0.0,-0.017957216957018022,-78.69085744054551,0.0,0.0,0.0,126.217156738043,126.217156738043
672,0.336013853549957,8.187251386472136e-07,-183.16983504464775,-6.335663511714531e-05,-183.02901210857397,-0.02920410216568281,-418.2540074414095,1.3685938823780405e-10,0.00477250602651909,6.400576114120778e-09,-5.449062693877355e-05,-0.017985202804115037,-78.80049734437112,0.0342979754204582,498.193477364992,-0.02920410216568281,-418.2540074414095,0.0,0.0,6.400576114120778e-09,-5.449062693877355e-05,0.0,0.0,-0.017985202804115037,-78.80049734437112,0.0,0.0,0.0,126.211625993252,126.211625993252
673,0.336514919996262,8.182738129955988e-07,-183.43421649746588,-6.355478287699565e-05,-183.29273336866717,-0.029247770967519293,-418.8801349505708,-1.1460215010938911e-10,0.004764477245902947,-1.027976944315527e-08,-0.0001184683162523428,-0.018013232335251223,-78.91027805383695,0.0343498571410757,498.93059371946,-0.029247770967519293,-418.8801349505708,0.0,0.0,-1.027976944315527e-08,-0.0001184683162523428,0.0,0.0,-0.018013232335251223,-78.91027805383695,0.0,0.0,0.0,126.206089764833,126.206089764833
674,0.33701503276825,8.17771646396166e-07,-183.69807090211415,-6.375265632255065e-05,-183.55591954955113,-0.02929135479130292,-419.5050173879056,-1.386329309660514e-10,0.004729924802859003,-4.29080795446924e-09,-8.797032688806418e-05,-0.0180411956979928,-79.01974968960117,0.0344016318332898,499.666225926722,-0.02929135479130292,-419.5050173879056,0.0,0.0,-4.29080795446924e-09,-8.797032688806418e-05,0.0,0.0,-0.0180411956979928,-79.01974968960117,0.0,0.0,0.0,126.200563967228,126.200563967228
675,0.337500333786011,8.172008631422591e-07,-183.95413898785245,-6.394508287383861e-05,-183.81134326307534,-0.029333651907688513,-420.11148488070467,1.8965134490912445e-11,0.004749527544728391,3.1079200615097903e-09,-6.172094866289664e-05,-0.018068342668969773,-79.12598803362404,0.0344518828322372,500.38017236544,-0.029333651907688513,-420.11148488070467,0.0,0.0,3.1079200615097903e-09,-6.172094866289664e-05,0.0,0.0,-0.018068342668969773,-79.12598803362404,0.0,0.0,0.0,126.195202350616,126.195202350616
676,0.338001161813736,8.16692616611596e-07,-184.21832481954536,-6.414405216268516e-05,-184.07485817096102,-0.029377300112121297,-420.7373141417444,8.529952959561402e-11,0.004774778842089392,1.9144051165157213e-09,-7.400895478183251e-05,-0.018096363815903502,-79.2356149471304,0.0345037427007796,501.116867427192,-0.029377300112121297,-420.7373141417444,0.0,0.0,1.9144051165157213e-09,-7.400895478183251e-05,0.0,0.0,-0.018096363815903502,-79.2356149471304,0.0,0.0,0.0,126.189668744802,126.189668744802
677,0.338501900434494,8.162227221411858e-07,-184.48244702159175,-6.434337541833737e-05,-184.33831195155054,-0.02942094296634225,-421.3630721786415,-1.7575313315234026e-10,0.0047501920352686095,-1.1718309916469805e-08,-0.00012479892703783606,-0.01812438839406706,-79.34521265161042,0.0345555998417633,501.853452614759,-0.02942094296634225,-421.3630721786415,0.0,0.0,-1.1718309916469805e-08,-0.00012479892703783606,0.0,0.0,-0.01812438839406706,-79.34521265161042,0.0,0.0,0.0,126.184136688709,126.184136688709
678,0.339002341032028,8.156085999502138e-07,-184.74640571733696,-6.454277439302051e-05,-184.60159801855548,-0.029464556940379544,-421.9884284299145,-9.437488845825241e-11,0.004735912602754423,-2.134984964161729e-09,-7.991397415892706e-05,-0.018152386697869838,-79.45465626206844,0.034607418640471,502.589554775452,-0.029464556940379544,-421.9884284299145,0.0,0.0,-2.134984964161729e-09,-7.991397415892706e-05,0.0,0.0,-0.018152386697869838,-79.45465626206844,0.0,0.0,0.0,126.178607940674,126.178607940674
679,0.339503139257431,8.149896314678726e-07,-185.01053431164115,-6.474269973150283e-05,-184.86504993569068,-0.029508202774664254,-422.6142424449505,1.8065477713074164e-10,0.004762351136797689,1.2290053401453906e-08,-3.134672548944534e-05,-0.018180411507271697,-79.56415817178664,0.0346592784957501,503.326174264353,-0.029508202774664254,-422.6142424449505,0.0,0.0,1.2290053401453906e-08,-3.134672548944534e-05,0.0,0.0,-0.018180411507271697,-79.56415817178664,0.0,0.0,0.0,126.173075467348,126.173075467348
680,0.340003609657288,8.145185329774245e-07,-185.2744027428381,-6.494305632043672e-05,-185.12823847945248,-0.029551818754549222,-423.2396259360287,-1.5262013684014404e-10,0.004761217823806839,-1.2496646919379933e-08,-0.0001336945701068052,-0.018208434166304306,-79.67362250758438,0.0347111118340298,504.062234354904,-0.029551818754549222,-423.2396259360287,0.0,0.0,-1.2496646919379933e-08,-0.0001336945701068052,0.0,0.0,-0.018208434166304306,-79.67362250758438,0.0,0.0,0.0,126.167547136545,126.167547136545
681,0.34050452709198,8.139544919750737e-07,-185.53852218007387,-6.514380007904822e-05,-185.39168184067975,-0.029595477261776228,-423.8656367546136,-1.5477047488932946e-10,0.004745097476603779,-8.800667306685018e-09,-0.00010674235794768316,-0.018236477173502016,-79.7831253131205,0.0347629920810804,504.799013506497,-0.029595477261776228,-423.8656367546136,0.0,0.0,-8.800667306685018e-09,-0.00010674235794768316,0.0,0.0,-0.018236477173502016,-79.7831253131205,0.0,0.0,0.0,126.162013739347,126.162013739347
682,0.341005712747574,8.132533048317545e-07,-185.8027961169953,-6.534497392922618e-05,-185.65527550646652,-0.029639158776293372,-424.4919619387333,1.1335583623420338e-10,0.004752271259909022,9.270222376846481e-09,-3.8956277937220586e-05,-0.01826453639439832,-79.89262463674024,0.034814900449315,505.536168451678,-0.029639158776293372,-424.4919619387333,0.0,0.0,9.270222376846481e-09,-3.8956277937220586e-05,0.0,0.0,-0.01826453639439832,-79.89262463674024,0.0,0.0,0.0,126.156477481127,126.156477481127
683,0.341507285833359,8.126733766064684e-07,-186.06719601233576,-6.554664721263257e-05,-185.91899300488083,-0.029682872074563462,-425.1187652143045,6.259612783872109e-11,0.00476015956620259,3.96168994306756e-09,-6.491645085555996e-05,-0.018292619812367787,-80.00219204726153,0.0348668485988933,506.273827769328,-0.029682872074563462,-425.1187652143045,0.0,0.0,3.96168994306756e-09,-6.491645085555996e-05,0.0,0.0,-0.018292619812367787,-80.00219204726153,0.0,0.0,0.0,126.150937259197,126.150937259197
684,0.342008382081985,8.121574940870994e-07,-186.33129889554468,-6.574869171703415e-05,-186.1824072193797,-0.02972654219449856,-425.74494901819025,-3.226881723967502e-10,0.004742636583083982,-2.0548397950319474e-08,-0.0001531758762432125,-0.018320695371833975,-80.11170171491236,0.0349187558956405,507.01073765235,-0.02972654219449856,-425.74494901819025,0.0,0.0,-2.0548397950319474e-08,-0.0001531758762432125,0.0,0.0,-0.018320695371833975,-80.11170171491236,0.0,0.0,0.0,126.145402491093,126.145402491093
685,0.342509657144547,8.114793266742254e-07,-186.59553883919762,-6.595086288877137e-05,-186.44594805229175,-0.029770233335545505,-426.37141416934395,5.375667395028444e-11,0.004756247515653511,3.870693629098537e-09,-6.082616876983512e-05,-0.018348766797731536,-80.22113676068341,0.0349706789471579,507.747969258742,-0.029770233335545505,-426.37141416934395,0.0,0.0,3.870693629098537e-09,-6.082616876983512e-05,0.0,0.0,-0.018348766797731536,-80.22113676068341,0.0,0.0,0.0,126.139865964651,126.139865964651
686,0.343011230230331,8.107878684328699e-07,-186.859890261955,-6.61535402729293e-05,-186.70960849280834,-0.029813945193536515,-426.998218982473,2.0920984580067565e-10,0.004765491358304664,1.3079431995734196e-08,-2.7245113364501774e-05,-0.018376862467879056,-80.33062634410713,0.0350226323841452,508.485579990228,-0.029813945193536515,-426.998218982473,0.0,0.0,1.3079431995734196e-08,-2.7245113364501774e-05,0.0,0.0,-0.018376862467879056,-80.33062634410713,0.0,0.0,0.0,126.134326666594,126.134326666594
687,0.343512505292892,8.102218952080433e-07,-187.12404353014867,-6.63565380127905e-05,-186.97306343662697,-0.02985763609623389,-427.62469363412794,-2.8339628087205934e-10,0.004741205788213045,-1.7348231434886166e-08,-0.00014020844336573492,-0.01840495400170189,-80.44007747386912,0.0350745658406029,509.222759517024,-0.02985763609623389,-427.62469363412794,0.0,0.0,-1.7348231434886166e-08,-0.00014020844336573492,0.0,0.0,-0.01840495400170189,-80.44007747386912,0.0,0.0,0.0,126.128790408373,126.128790408373
688,0.344013184309006,8.095904738510215e-07,-187.38786341253004,-6.655947410923288e-05,-187.23619326743665,-0.029901273504584665,-428.2504193650563,-1.2013511791179427e-10,0.004741206167029357,-5.2751137159872216e-09,-9.174267701730188e-05,-0.018433005586186334,-80.5493294276327,0.0351264328242338,509.959037182075,-0.029901273504584665,-428.2504193650563,0.0,0.0,-5.2751137159872216e-09,-9.174267701730188e-05,0.0,0.0,-0.018433005586186334,-80.5493294276327,0.0,0.0,0.0,126.123260676861,126.123260676861
689,0.344514161348343,8.088704089658145e-07,-187.65184600166037,-6.67630180569472e-05,-187.4994869738587,-0.029944936234187133,-428.87650903894246,1.7321164262136672e-10,0.004770892501448725,9.326408608573834e-09,-4.4507938605603775e-05,-0.01846108908037174,-80.65865671007188,0.03517833813667,510.695752727353,-0.029944936234187133,-428.87650903894246,0.0,0.0,9.326408608573834e-09,-4.4507938605603775e-05,0.0,0.0,-0.01846108908037174,-80.65865671007188,0.0,0.0,0.0,126.117727935314,126.117727935314
690,0.34501525759697,8.082266911129825e-07,-187.91583261441227,-6.696671288787363e-05,-187.76276394452123,-0.02998860847645165,-429.50274615662556,2.1630183075550195e-11,0.00476303867162587,1.6600446409140743e-10,-7.93889996496775e-05,-0.01848916558541193,-80.76792636215697,0.035230247907055,511.432578722623,-0.02998860847645165,-429.50274615662556,0.0,0.0,1.6600446409140743e-10,-7.93889996496775e-05,0.0,0.0,-0.01848916558541193,-80.76792636215697,0.0,0.0,0.0,126.112194418907,126.112194418907
691,0.345500499010086,8.07610108971198e-07,-188.17143956595024,-6.716449225022658e-05,-188.01768720828008,-0.030030898617052347,-430.1091556452948,-3.1031051568397523e-10,0.004728736600513083,-1.6266095844340754e-08,-0.00013149807415721338,-0.018516371944992387,-80.8737739372976,0.0352805245634826,512.146067518458,-0.030030898617052347,-430.1091556452948,0.0,0.0,-1.6266095844340754e-08,-0.00013149807415721338,0.0,0.0,-0.018516371944992387,-80.8737739372976,0.0,0.0,0.0,126.106836080551,126.106836080551
692,0.346001356840134,8.068812685328552e-07,-188.43528149285746,-6.736883146469048e-05,-188.28082650207642,-0.030074552783921203,-430.73513173448606,8.930258394829106e-11,0.004753169359754178,7.413110555551589e-09,-4.562288797268761e-05,-0.018544449034957913,-80.98295972459633,0.0353324193110743,512.882558134192,-0.030074552783921203,-430.73513173448606,0.0,0.0,7.413110555551589e-09,-4.562288797268761e-05,0.0,0.0,-0.018544449034957913,-80.98295972459633,0.0,0.0,0.0,126.101305484772,126.101305484772
693,0.346502602100372,8.061848111547098e-07,-188.69930314048145,-6.757381127755257e-05,-188.54414961147222,-0.03011824136222359,-431.36161821947,1.256955104153201e-10,0.0047782665826190274,4.4159808718682294e-09,-6.903090799074979e-05,-0.018572561545175705,-81.09224674330822,0.0353843619692714,513.619627288571,-0.03011824136222359,-431.36161821947,0.0,0.0,4.4159808718682294e-09,-6.903090799074979e-05,0.0,0.0,-0.018572561545175705,-81.09224674330822,0.0,0.0,0.0,126.095770418644,126.095770418644
694,0.34700345993042,8.055279283929926e-07,-188.96304950120614,-6.777879499363303e-05,-188.80718283823893,-0.03016189310145717,-431.98755383063315,-1.9180063318303713e-10,0.004745801226284683,-1.152659024136703e-08,-0.00011902625657111092,-0.018600641075853845,-81.20137038475836,0.0354362559888955,514.356000847255,-0.03016189310145717,-431.98755383063315,0.0,0.0,-1.152659024136703e-08,-0.00011902625657111092,0.0,0.0,-0.018600641075853845,-81.20137038475836,0.0,0.0,0.0,126.090240448713,126.090240448713
695,0.347504317760468,8.047815274563175e-07,-189.22682370497947,-6.798428113227088e-05,-189.07024175139637,-0.030205546352172083,-432.6135433114011,-1.3897047680823557e-10,0.004729041510661487,-4.383952636910046e-09,-8.353771886297225e-05,-0.018628735613433468,-81.31049946320645,0.0354881592013251,515.092440564972,-0.030205546352172083,-432.6135433114011,0.0,0.0,-4.383952636910046e-09,-8.353771886297225e-05,0.0,0.0,-0.018628735613433468,-81.31049946320645,0.0,0.0,0.0,126.084709852934,126.084709852934
696,0.348005503416061,8.040183971800796e-07,-189.49074119873092,-6.819031748642237e-05,-189.33345102696165,-0.030249228460152437,-433.2399382447271,8.752635026828867e-11,0.0047633142455400755,4.855982593825512e-09,-6.142040372812533e-05,-0.018656857381933428,-81.41969039892359,0.0355401012993797,515.829338808358,-0.030249228460152437,-433.2399382447271,0.0,0.0,4.855982593825512e-09,-6.142040372812533e-05,0.0,0.0,-0.018656857381933428,-81.41969039892359,0.0,0.0,0.0,126.079176723957,126.079176723957
697,0.348505914211273,8.033514924744739e-07,-189.75418023907858,-6.839608250549984e-05,-189.59617794941573,-0.03029284373203984,-433.86537374568877,8.161827912308904e-11,0.004771871682287326,2.5117423668406588e-09,-7.373545800136574e-05,-0.01868491899621181,-81.52862362042022,0.0355919549608934,516.565038150022,-0.03029284373203984,-433.86537374568877,0.0,0.0,2.5117423668406588e-09,-7.373545800136574e-05,0.0,0.0,-0.01868491899621181,-81.52862362042022,0.0,0.0,0.0,126.073651820421,126.073651820421
698,0.349007129669189,8.026251763728146e-07,-190.01805416475682,-6.860283241441193e-05,-189.85932477951886,-0.030336528920040004,-434.49181703616506,-2.831691968967733e-10,0.00473664636462196,-1.6018878606533625e-08,-0.0001337167328782115,-0.01871304936483022,-81.63777178759509,0.0356439042536038,517.301932134977,-0.030336528920040004,-434.49181703616506,0.0,0.0,-1.6018878606533625e-08,-0.0001337167328782115,0.0,0.0,-0.01871304936483022,-81.63777178759509,0.0,0.0,0.0,126.068118453026,126.068118453026
699,0.349508285522461,8.017825868763674e-07,-190.2818889705356,-6.880984395406909e-05,-190.1224408927107,-0.030380207779428944,-435.1181764829063,-1.8572865433326125e-11,0.004740849423732695,1.8429156312500943e-09,-6.400631175680063e-05,-0.018741174932518097,-81.74684395172359,0.035695845668789,518.03871846181,-0.030380207779428944,-435.1181764829063,0.0,0.0,1.8429156312500943e-09,-6.400631175680063e-05,0.0,0.0,-0.018741174932518097,-81.74684395172359,0.0,0.0,0.0,126.062585741282,126.062585741282
700,0.350009649991989,8.010404329122372e-07,-190.54576060693026,-6.90172138780339e-05,-190.3855974197398,-0.03042390343154149,-435.7447919090221,1.5377512971033115e-10,0.004768885549899472,8.126041345402982e-09,-5.3972954800077114e-05,-0.018769310128742552,-81.85592554802922,0.035747806460512,518.775750046252,-0.03042390343154149,-435.7447919090221,0.0,0.0,8.126041345402982e-09,-5.3972954800077114e-05,0.0,0.0,-0.018769310128742552,-81.85592554802922,0.0,0.0,0.0,126.057050704956,126.057050704956
701,0.350510388612747,8.00354575488776e-07,-190.8092793801996,-6.922465154334145e-05,-190.64838062426014,-0.030467547200849803,-436.37065240703436,-1.1528683143203293e-10,0.004755648386841263,-7.839115115016766e-09,-0.00010852008140408494,-0.018797412877419373,-81.96485446984327,0.0357997060883632,519.511857232609,-0.030467547200849803,-436.37065240703436,0.0,0.0,-7.839115115016766e-09,-0.00010852008140408494,0.0,0.0,-0.018797412877419373,-81.96485446984327,0.0,0.0,0.0,126.051523447037,126.051523447037
702,0.351011037826538,7.995226276965496e-07,-191.07276988533653,-6.943261853410789e-05,-190.9111467709345,-0.030511183728719242,-436.99641738428613,-2.344503163006497e-10,0.004741010220681538,-1.3180755483531195e-08,-0.00012403018257567313,-0.01882552931473136,-82.07376964943423,0.0358516067706232,520.247865778141,-0.030511183728719242,-436.99641738428613,0.0,0.0,-1.3180755483531195e-08,-0.00012403018257567313,0.0,0.0,-0.01882552931473136,-82.07376964943423,0.0,0.0,0.0,126.045996725559,126.045996725559
703,0.351512134075165,7.986564555980925e-07,-191.33647249257646,-6.964094129409154e-05,-191.17412012040396,-0.03055485805099055,-437.6227236592278,1.4860619141929196e-10,0.004756066151217561,1.0526248525610702e-08,-3.5668635215088196e-05,-0.018853661912631436,-82.18270440820058,0.0359035481328887,520.984486428436,-0.03055485805099055,-437.6227236592278,0.0,0.0,1.0526248525610702e-08,-3.5668635215088196e-05,0.0,0.0,-0.018853661912631436,-82.18270440820058,0.0,0.0,0.0,126.040465831757,126.040465831757
704,0.352013558149338,7.979329068939673e-07,-191.60027911207396,-6.984968503145031e-05,-191.43719492780994,-0.03059856205173179,-438.2494677748198,5.617321196041583e-11,0.004758602216487143,3.668479912139467e-09,-6.43760352410392e-05,-0.018881814129436812,-82.29169706451036,0.0359555250840186,521.721559829543,-0.03059856205173179,-438.2494677748198,0.0,0.0,3.668479912139467e-09,-6.43760352410392e-05,0.0,0.0,-0.018881814129436812,-82.29169706451036,0.0,0.0,0.0,126.03493091464,126.03493091464
705,0.352514654397964,7.971684945464447e-07,-191.86389447251256,-7.005877889644849e-05,-191.70008096935442,-0.03064223740918881,-438.8757964713585,-3.1578935233068974e-10,0.004743918507925838,-1.9730874587635856e-08,-0.00015149380894795007,-0.018909961576272016,-82.40062934268738,0.0360074751839884,522.458135655657,-0.03064223740918881,-438.8757964713585,0.0,0.0,-1.9730874587635856e-08,-0.00015149380894795007,0.0,0.0,-0.018909961576272016,-82.40062934268738,0.0,0.0,0.0,126.029399901628,126.029399901628
706,0.353015393018723,7.962566079964318e-07,-192.12734922666016,-7.026801037977652e-05,-191.96280153701088,-0.03068588203717908,-439.50169783300925,5.2584616083147746e-11,0.004755771107511301,3.565695925736733e-09,-6.428821212624541e-05,-0.018938090440451236,-82.50942631657472,0.0360593894035617,523.194211881793,-0.03068588203717908,-439.50169783300925,0.0,0.0,3.565695925736733e-09,-6.428821212624541e-05,0.0,0.0,-0.018938090440451236,-82.50942631657472,0.0,0.0,0.0,126.023873120546,126.023873120546
707,0.353500753641129,7.95451751147006e-07,-192.38265956361533,-7.0471059359222e-05,-192.21739554821295,-0.030728184210617748,-440.10833948075486,1.2331504018665597e-10,0.004760142716925691,7.901401192784551e-09,-4.89227340357712e-05,-0.018965354186350196,-82.61485793721964,0.0361097068819228,523.907606460589,-0.030728184210617748,-440.10833948075486,0.0,0.0,7.901401192784551e-09,-4.89227340357712e-05,0.0,0.0,-0.018965354186350196,-82.61485793721964,0.0,0.0,0.0,126.018516540527,126.018516540527
708,0.354000955820084,7.946986850936548e-07,-192.64573383817307,-7.068060088478603e-05,-192.4797289163236,-0.030771782004910486,-440.73359319718554,-2.1877300976273692e-10,0.00474110729751053,-1.233644515206511e-08,-0.00012099972198209948,-0.01899345374140671,-82.72349795984766,0.036161565911389,524.642832905833,-0.030771782004910486,-440.73359319718554,0.0,0.0,-1.233644515206511e-08,-0.00012099972198209948,0.0,0.0,-0.01899345374140671,-82.72349795984766,0.0,0.0,0.0,126.012995511293,126.012995511293
709,0.354501515626907,7.938278597948073e-07,-192.90901259012583,-7.089073671737746e-05,-192.7422656075525,-0.03081541333074786,-441.35928038515203,-1.6736546384534476e-10,0.004748093503532037,-1.0351096437490388e-08,-0.00011631880876690655,-0.019021585648967946,-82.83220764330913,0.0362134704974914,525.378584563314,-0.03081541333074786,-441.35928038515203,0.0,0.0,-1.0351096437490388e-08,-0.00011631880876690655,0.0,0.0,-0.019021585648967946,-82.83220764330913,0.0,0.0,0.0,126.007471114397,126.007471114397
710,0.355002403259277,7.929177305674648e-07,-193.17244216586215,-7.110126701471985e-05,-193.0049420840968,-0.030859068575805178,-441.98533860830514,2.5110747755538673e-10,0.004770938492803982,1.4565725652831064e-08,-2.795641263179374e-05,-0.01904973392493839,-82.94093712763255,0.0362654040649804,526.114758109179,-0.030859068575805178,-441.98533860830514,0.0,0.0,1.4565725652831064e-08,-2.795641263179374e-05,0.0,0.0,-0.01904973392493839,-82.94093712763255,0.0,0.0,0.0,126.001943916082,126.001943916082
711,0.355503588914871,7.921044896787536e-07,-193.43596549577236,-7.131222860734685e-05,-193.26771748451117,-0.030902751066340602,-442.61181036327537,-1.0814233957863428e-10,0.0047469618603767656,-5.610449617403688e-09,-9.635145400158014e-05,-0.019077901115757627,-83.0497184868134,0.0363173707819309,526.85135835954,-0.030902751066340602,-442.61181036327537,0.0,0.0,-5.610449617403688e-09,-9.635145400158014e-05,0.0,0.0,-0.019077901115757627,-83.0497184868134,0.0,0.0,0.0,125.996413260698,125.996413260698
712,0.356004238128662,7.912530947381249e-07,-193.69921112126877,-7.152323187206151e-05,-193.5302203871251,-0.030946389532518697,-443.237644513335,-2.5312543266679767e-10,0.004733382648182523,-1.3094370596453963e-08,-0.00011959504508699345,-0.019106038812899555,-83.15833904077806,0.0363692845739005,527.58719609204,-0.030946389532518697,-443.237644513335,0.0,0.0,-1.3094370596453963e-08,-0.00011959504508699345,0.0,0.0,-0.019106038812899555,-83.15833904077806,0.0,0.0,0.0,125.990888148546,125.990888148546
713,0.356504887342453,7.90321465589381e-07,-193.96243820571158,-7.173485479009507e-05,-193.79268964940272,-0.03099002511429396,-443.86342650837474,8.452258821344434e-11,0.004764332888203569,4.339962435516408e-09,-6.533125039188248e-05,-0.01913419536115073,-83.26697921514508,0.0364212058451841,528.322974361638,-0.03099002511429396,-443.86342650837474,0.0,0.0,4.339962435516408e-09,-6.533125039188248e-05,0.0,0.0,-0.01913419536115073,-83.26697921514508,0.0,0.0,0.0,125.985363841057,125.985363841057
714,0.357005536556244,7.89450757418633e-07,-194.22564143601338,-7.19466657389321e-05,-194.05514316722764,-0.03103366639330355,-444.4892838702899,8.929544835872548e-11,0.004771621787078351,3.3308485600502667e-09,-7.29066493785232e-05,-0.019162347589598894,-83.37557339763907,0.0364731297245166,529.058794576336,-0.03103366639330355,-444.4892838702899,0.0,0.0,3.3308485600502667e-09,-7.29066493785232e-05,0.0,0.0,-0.019162347589598894,-83.37557339763907,0.0,0.0,0.0,125.979839265347,125.979839265347
715,0.357506483793259,7.88582547302154e-07,-194.488943230112,-7.215872941149984e-05,-194.31767680089598,-0.03107732682641189,-445.11544936570573,-1.5906963746139924e-10,0.004732593993250708,-6.393647286969668e-09,-9.421351250405786e-05,-0.019190502083970246,-83.48413369551024,0.0365250711212808,529.794934310808,-0.03107732682641189,-445.11544936570573,0.0,0.0,-6.393647286969668e-09,-9.421351250405786e-05,0.0,0.0,-0.019190502083970246,-83.48413369551024,0.0,0.0,0.0,125.974312275648,125.974312275648
716,0.358007103204727,7.87627937388982e-07,-194.75209335972062,-7.237146254851932e-05,-194.58007495181303,-0.03112096279852986,-445.74127059953264,-2.0708002262515875e-10,0.004737804570977682,-1.074044800135688e-08,-0.00011278999951506047,-0.019218673656263254,-83.59270568003751,0.0365770007089495,530.530681692681,-0.03112096279852986,-445.74127059953264,0.0,0.0,-1.074044800135688e-08,-0.00011278999951506047,0.0,0.0,-0.019218673656263254,-83.59270568003751,0.0,0.0,0.0,125.968788206577,125.968788206577
717,0.358508050441742,7.867039266517926e-07,-195.01537066110487,-7.258448291466612e-05,-194.8425957765324,-0.03116462651147011,-446.3674891857382,1.9780760847394035e-10,0.0047769477588485276,9.766621582481091e-09,-5.066686571901605e-05,-0.019246853751238368,-83.70127363522943,0.0366289584078928,531.266854373569,-0.03116462651147011,-446.3674891857382,0.0,0.0,9.766621582481091e-09,-5.066686571901605e-05,0.0,0.0,-0.019246853751238368,-83.70127363522943,0.0,0.0,0.0,125.96326109767,125.96326109767
718,0.35900866985321,7.858353510627772e-07,-195.27842414559694,-7.279758417991648e-05,-195.10488130002784,-0.031208260978577908,-446.9932779656865,-3.438104736772803e-11,0.004758709078193988,-2.840463079513659e-09,-9.572218837747038e-05,-0.01927501020129306,-83.80971874652117,0.0366808788290683,532.002478536915,-0.031208260978577908,-446.9932779656865,0.0,0.0,-2.840463079513659e-09,-9.572218837747038e-05,0.0,0.0,-0.01927501020129306,-83.80971874652117,0.0,0.0,0.0,125.957737892866,125.957737892866
719,0.359509915113449,7.848652001324592e-07,-195.54182565054205,-7.301136995025882e-05,-195.367519479785,-0.031251951639112124,-447.6198938413999,-2.2044132085297976e-10,0.004728665119319438,-9.651225859206168e-09,-0.00010346174844354028,-0.019303210093349617,-83.91827973844458,0.0367328699183394,532.739073379875,-0.031251951639112124,-447.6198938413999,0.0,0.0,-9.651225859206168e-09,-0.00010346174844354028,0.0,0.0,-0.019303210093349617,-83.91827973844458,0.0,0.0,0.0,125.952208042145,125.952208042145
720,0.36001056432724,7.838640705590318e-07,-195.80489105819458,-7.322555299518216e-05,-195.62980964892955,-0.03129558818385798,-448.2457145519208,-4.190419785396978e-11,0.004752989718051239,-2.2448232291489062e-09,-8.848329736306222e-05,-0.019331398294819033,-84.02674226918967,0.0367848088536915,533.474734020948,-0.03129558818385798,-448.2457145519208,0.0,0.0,-2.2448232291489062e-09,-8.848329736306222e-05,0.0,0.0,-0.019331398294819033,-84.02674226918967,0.0,0.0,0.0,125.946684867144,125.946684867144
721,0.360511809587479,7.829645074599224e-07,-196.06818990990857,-7.343993467132996e-05,-195.89234034022957,-0.03133927562402555,-448.8722842660786,1.5609354608344944e-10,0.004774197911399783,7.475119338003826e-09,-6.221894165706375e-05,-0.01935959812560017,-84.13522992277427,0.0368367972313077,534.211202257799,-0.03133927562402555,-448.8722842660786,0.0,0.0,7.475119338003826e-09,-6.221894165706375e-05,0.0,0.0,-0.01935959812560017,-84.13522992277427,0.0,0.0,0.0,125.941155612469,125.941155612469
722,0.361012607812881,7.820400880436849e-07,-196.331255018795,-7.365455995484144e-05,-196.154633926648,-0.03138292811154766,-449.49835900419595,-1.13318724229632e-10,0.004745468666232705,-5.897806580459928e-09,-9.717715786650182e-05,-0.019387782845729506,-84.24361909797454,0.0368887479610457,534.947066761629,-0.03138292811154766,-449.49835900419595,0.0,0.0,-5.897806580459928e-09,-9.717715786650182e-05,0.0,0.0,-0.019387782845729506,-84.24361909797454,0.0,0.0,0.0,125.935630977154,125.935630977154
723,0.361513614654541,7.809780728926345e-07,-196.59445780073267,-7.386989834073315e-05,-196.41705642387487,-0.03142659753410939,-450.124681934763,-2.502007948388331e-10,0.004735776598999536,-1.3100677154909355e-08,-0.00012160064462176642,-0.019416000689042038,-84.35206559206176,0.0369407305382521,535.68324705104,-0.03142659753410939,-450.124681934763,0.0,0.0,-1.3100677154909355e-08,-0.00012160064462176642,0.0,0.0,-0.019416000689042038,-84.35206559206176,0.0,0.0,0.0,125.930103778839,125.930103778839
724,0.362014710903168,7.799811495151989e-07,-196.8576414611358,-7.408533028133639e-05,-196.67946493913482,-0.03147027492992483,-450.7511067712218,1.6567501045549868e-10,0.004763836837967593,1.0010320616158941e-08,-4.3428839477990735e-05,-0.01944420790098291,-84.46044798667053,0.0369927143408852,536.419491147248,-0.03147027492992483,-450.7511067712218,0.0,0.0,1.0010320616158941e-08,-4.3428839477990735e-05,0.0,0.0,-0.01944420790098291,-84.46044798667053,0.0,0.0,0.0,125.924576550722,125.924576550722
725,0.362514913082123,7.790856896441075e-07,-197.1202906089876,-7.430080471171156e-05,-196.94133782300094,-0.03151387209877761,-451.37640409537084,-1.217311208525529e-11,0.00476054672617412,-1.6789810704191514e-09,-8.931547056410485e-05,-0.019472374129768738,-84.56865128289911,0.0370446083813064,537.154367467893,-0.03151387209877761,-451.37640409537084,0.0,0.0,-1.6789810704191514e-09,-8.931547056410485e-05,0.0,0.0,-0.019472374129768738,-84.56865128289911,0.0,0.0,0.0,125.919059842825,125.919059842825
726,0.363015592098236,7.780563494569518e-07,-197.38322446738826,-7.451682290753614e-05,-197.20348581058929,-0.03155751413234558,-452.00233551254246,-2.0181058299160482e-10,0.004741451382675966,-1.1028460703209174e-08,-0.00011620036508243857,-0.0195005709978481,-84.67690909258954,0.0370965567245492,537.889990966325,-0.03155751413234558,-452.00233551254246,0.0,0.0,-1.1028460703209174e-08,-0.00011620036508243857,0.0,0.0,-0.0195005709978481,-84.67690909258954,0.0,0.0,0.0,125.913536995649,125.913536995649
727,0.363500416278839,7.769939512838465e-07,-197.63782305111923,-7.472638574376092e-05,-197.4573232810207,-0.03159977172606821,-452.60843657637264,7.123046803074331e-13,0.0047511508370154856,1.240956131129174e-09,-7.183657203896056e-05,-0.019527882883000332,-84.78171874742301,0.0371468621510383,538.602302570408,-0.03159977172606821,-452.60843657637264,0.0,0.0,1.240956131129174e-09,-7.183657203896056e-05,0.0,0.0,-0.019527882883000332,-84.78171874742301,0.0,0.0,0.0,125.90818965435,125.90818965435
728,0.364001274108887,7.760250981862368e-07,-197.90079175650146,-7.494310929594021e-05,-197.71950688598008,-0.03164343223338605,-453.2346316642895,1.378973110745915e-10,0.004760713385473875,8.458849017427827e-09,-4.892980265654693e-05,-0.019556097530135604,-84.88998372125546,0.0371988356160376,539.338175433384,-0.03164343223338605,-453.2346316642895,0.0,0.0,8.458849017427827e-09,-4.892980265654693e-05,0.0,0.0,-0.019556097530135604,-84.88998372125546,0.0,0.0,0.0,125.902665168047,125.902665168047
729,0.364501982927322,7.750652687109752e-07,-198.16362423126733,-7.516012137763961e-05,-197.98154473311243,-0.03168707374306383,-453.86058284532976,-2.0992391810024088e-10,0.0047481649650306865,-1.2614233982606455e-08,-0.0001264243742662753,-0.01958430593715212,-84.99818926474816,0.0372507896705972,540.073730970994,-0.03168707374306383,-453.86058284532976,0.0,0.0,-1.2614233982606455e-08,-0.0001264243742662753,0.0,0.0,-0.01958430593715212,-84.99818926474816,0.0,0.0,0.0,125.897142976522,125.897142976522
730,0.36500272154808,7.739498496205995e-07,-198.42651154916214,-7.5377457296506e-05,-198.2436459158436,-0.03173072105878959,-454.4865903128415,-1.086844689508938e-10,0.0047487919548185285,-5.946636531325553e-09,-9.999534095430062e-05,-0.019612520174969873,-85.10634797396831,0.0373027517602176,540.809370197851,-0.03173072105878959,-454.4865903128415,0.0,0.0,-5.946636531325553e-09,-9.999534095430062e-05,0.0,0.0,-0.019612520174969873,-85.10634797396831,0.0,0.0,0.0,125.891620993614,125.891620993614
731,0.365503758192062,7.728735956532495e-07,-198.68952784716308,-7.559538927235675e-05,-198.5058658194176,-0.03177439434657435,-455.1130043988594,1.2442288067668945e-10,0.004759968621488893,7.750047721559321e-09,-5.162335667398461e-05,-0.01964076232807603,-85.21458275843135,0.037354750650752,541.545454372165,-0.03177439434657435,-455.1130043988594,0.0,0.0,7.750047721559321e-09,-5.162335667398461e-05,0.0,0.0,-0.01964076232807603,-85.21458275843135,0.0,0.0,0.0,125.886095225811,125.886095225811
732,0.36600449681282,7.718990949870883e-07,-198.9523039606353,-7.58133823605417e-05,-198.76784347288213,-0.031818042146470674,-455.7390254883572,-7.795088050627291e-11,0.004746127984019886,-3.3582565868803548e-09,-8.830092238790209e-05,-0.01966898122435148,-85.32270989821669,0.0374067156631434,542.281014834644,-0.031818042146470674,-455.7390254883572,0.0,0.0,-3.3582565868803548e-09,-8.830092238790209e-05,0.0,0.0,-0.01966898122435148,-85.32270989821669,0.0,0.0,0.0,125.880573451519,125.880573451519
733,0.366505026817322,7.70826544933818e-07,-199.21499471368355,-7.603161040776301e-05,-199.02973847741393,-0.03186167215619117,-456.3648171432893,-1.6755633822099302e-10,0.004744647419872718,-9.243729787718164e-09,-0.00011095503812929929,-0.019697191582250775,-85.43074535257692,0.037458661084141,543.016306861414,-0.03186167215619117,-456.3648171432893,0.0,0.0,-9.243729787718164e-09,-0.00011095503812929929,0.0,0.0,-0.019697191582250775,-85.43074535257692,0.0,0.0,0.0,125.875054091215,125.875054091215
734,0.367005944252014,7.696940781820789e-07,-199.47788447106,-7.625064434284511e-05,-199.29182711024166,-0.03190533524683707,-456.991082132037,-2.232464108684788e-12,0.004764695883259017,-1.651823326660546e-09,-9.273724011078056e-05,-0.01972544425349686,-85.5388866454984,0.0375106569252535,543.752157738671,-0.03190533524683707,-456.991082132037,0.0,0.0,-1.651823326660546e-09,-9.273724011078056e-05,0.0,0.0,-0.01972544425349686,-85.5388866454984,0.0,0.0,0.0,125.869529932737,125.869529932737
735,0.36750602722168,7.68638677226341e-07,-199.74026095601133,-7.646942229284718e-05,-199.55339301964912,-0.03194892282446431,-457.61627862576074,1.005157787007046e-10,0.00475424002012783,7.092591308642098e-09,-5.197454621728878e-05,-0.0197536361192068,-85.6467700045109,0.0375625565921305,544.486690572443,-0.03194892282446431,-457.61627862576074,0.0,0.0,7.092591308642098e-09,-5.197454621728878e-05,0.0,0.0,-0.0197536361192068,-85.6467700045109,0.0,0.0,0.0,125.86401617527,125.86401617527
736,0.368006885051727,7.675853191175765e-07,-200.00303701255604,-7.668887574134327e-05,-199.81536267009977,-0.03199258065073945,-458.2424910787012,-2.0772217238295238e-10,0.004734441543070457,-9.810067333123326e-09,-0.00010663114362119663,-0.01978187536026205,-85.75479732207529,0.0376145409547419,545.222394889846,-0.03199258065073945,-458.2424910787012,0.0,0.0,-9.810067333123326e-09,-0.00010663114362119663,0.0,0.0,-0.01978187536026205,-85.75479732207529,0.0,0.0,0.0,125.858493477106,125.858493477106
737,0.368507713079453,7.664378758328988e-07,-200.26578767068847,-7.690888416516668e-05,-200.07730451076597,-0.03203623563594342,-458.8686372802613,-7.486358638364945e-11,0.004756014258155909,-4.957047326009953e-09,-0.00010216225795383715,-0.01981012872086287,-85.86281293701252,0.0376665303581676,545.958022598062,-0.03203623563594342,-458.8686372802613,0.0,0.0,-4.957047326009953e-09,-0.00010216225795383715,0.0,0.0,-0.01981012872086287,-85.86281293701252,0.0,0.0,0.0,125.852971345186,125.852971345186
738,0.369009107351303,7.653212165026766e-07,-200.5288040909974,-7.712950405406364e-05,-200.33950839162284,-0.032079939744185076,-459.49552484995013,6.323579848923504e-11,0.004771321057492636,1.6866589512315629e-09,-8.422129289707318e-05,-0.019838418675760347,-85.97093689761104,0.0377185808202193,546.694484391163,-0.032079939744185076,-459.49552484995013,0.0,0.0,1.6866589512315629e-09,-8.422129289707318e-05,0.0,0.0,-0.019838418675760347,-85.97093689761104,0.0,0.0,0.0,125.847443193197,125.847443193197
739,0.369509965181351,7.642425044149189e-07,-200.79149870794177,-7.734989694139748e-05,-200.60139832301502,-0.032123600337277854,-460.1217773942169,3.582815269592565e-12,0.0047413028356571504,2.8504368454004988e-09,-6.119099588963744e-05,-0.01986666205588811,-86.07885351219176,0.0377705698059038,547.430147178068,-0.032123600337277854,-460.1217773942169,0.0,0.0,2.8504368454004988e-09,-6.119099588963744e-05,0.0,0.0,-0.01986666205588811,-86.07885351219176,0.0,0.0,0.0,125.841921240091,125.841921240091
740,0.370010882616043,7.630858026128983e-07,-201.05422377866694,-7.75710256508401e-05,-200.86329761440916,-0.03216726309748452,-460.74805999671867,-2.401301606685207e-10,0.004732743940519812,-1.1756875429529548e-08,-0.00011478329933133048,-0.01989493265644804,-86.18681360298464,0.0378225749841791,548.165857090684,-0.03216726309748452,-460.74805999671867,0.0,0.0,-1.1756875429529548e-08,-0.00011478329933133048,0.0,0.0,-0.01989493265644804,-86.18681360298464,0.0,0.0,0.0,125.836398839951,125.836398839951
741,0.370511800050735,7.619217662940034e-07,-201.31692661040668,-7.77925003988216e-05,-201.12518510817245,-0.03221092526881029,-461.3743530402019,5.3498678019447736e-12,0.004769176160150336,-2.1640834333047884e-09,-9.886545297515983e-05,-0.01992320785176647,-86.29475207726635,0.037874582110318,548.901560324575,-0.03221092526881029,-461.3743530402019,0.0,0.0,-2.1640834333047884e-09,-9.886545297515983e-05,0.0,0.0,-0.01992320785176647,-86.29475207726635,0.0,0.0,0.0,125.830876380205,125.830876380205
742,0.371012151241302,7.608235086383598e-07,-201.5792843071752,-7.801376588796908e-05,-201.38671407559553,-0.032254539961860965,-461.9999492351242,1.4470144382379038e-10,0.004765952934305992,8.118292507027828e-09,-5.5427776028591196e-05,-0.019951436090373764,-86.40248739694422,0.0379265241875147,549.636388362627,-0.032254539961860965,-461.9999492351242,0.0,0.0,8.118292507027828e-09,-5.5427776028591196e-05,0.0,0.0,-0.019951436090373764,-86.40248739694422,0.0,0.0,0.0,125.825360655785,125.825360655785
743,0.37151300907135,7.596698817880594e-07,-201.841886046394,-7.823582096884981e-05,-201.6484947373651,-0.03229819594693738,-462.62617010039594,-2.337886912696226e-10,0.004730589866247543,-1.0986355370799824e-08,-0.00010932074329608505,-0.019979710244363385,-86.51034866409101,0.0379785255676992,550.371943418943,-0.03229819594693738,-462.62617010039594,0.0,0.0,-1.0986355370799824e-08,-0.00010932074329608505,0.0,0.0,-0.019979710244363385,-86.51034866409101,0.0,0.0,0.0,125.819839626551,125.819839626551
744,0.372014045715332,7.584431802173504e-07,-202.10459977712682,-7.845829495471445e-05,-201.91038240174265,-0.032341870824624905,-463.2526537128282,-8.93582820279809e-11,0.004745965215427814,-3.8375546872896615e-09,-9.043779550419975e-05,-0.02000799910934057,-86.61821080869973,0.0380305507858537,551.107800172435,-0.032341870824624905,-463.2526537128282,0.0,0.0,-3.8375546872896615e-09,-9.043779550419975e-05,0.0,0.0,-0.02000799910934057,-86.61821080869973,0.0,0.0,0.0,125.814316391945,125.814316391945
745,0.372515022754669,7.573011888475449e-07,-202.36722680555235,-7.868105945815906e-05,-202.17218368598182,-0.03238554160619982,-463.87906633015166,7.570616282156911e-11,0.004774331202664132,1.7935906330397787e-09,-8.641866956118227e-05,-0.02003628720751387,-86.72605098563548,0.0380825721488388,551.843530779356,-0.03238554160619982,-463.87906633015166,0.0,0.0,1.7935906330397787e-09,-8.641866956118227e-05,0.0,0.0,-0.02003628720751387,-86.72605098563548,0.0,0.0,0.0,125.808794111013,125.808794111013
746,0.373000025749207,7.562116060073217e-07,-202.6214372401678,-7.889691059818461e-05,-202.4255878500432,-0.03242781725664291,-464.48547833723916,-2.3461963730904148e-11,0.0047511522694936754,-6.202009156977252e-10,-8.087063331774821e-05,-0.02006366801945563,-86.83040152145148,0.0381329297552589,552.555738077922,-0.03242781725664291,-464.48547833723916,0.0,0.0,-6.202009156977252e-10,-8.087063331774821e-05,0.0,0.0,-0.02006366801945563,-86.83040152145148,0.0,0.0,0.0,125.803448170424,125.803448170424
747,0.373500823974609,7.54965271812235e-07,-202.88396333740664,-7.912033856031028e-05,-202.68727444036608,-0.032471470693900883,-465.11168565641657,-2.7287369805097683e-10,0.004730038087667733,-1.3299845815108818e-08,-0.000118433471064256,-0.020091957887538765,-86.93815110127485,0.0381849373624944,553.291203683022,-0.032471470693900883,-465.11168565641657,0.0,0.0,-1.3299845815108818e-08,-0.000118433471064256,0.0,0.0,-0.020091957887538765,-86.93815110127485,0.0,0.0,0.0,125.797928035259,125.797928035259
748,0.37400159239769,7.537279019373742e-07,-203.14642613728412,-7.93438979800029e-05,-202.9489081238929,-0.03251512252483282,-465.737827966583,7.505526611255942e-11,0.004760133330438449,4.399086050778546e-09,-6.636316330069567e-05,-0.02012023805601926,-87.04582585516476,0.0382369385314521,554.026560718467,-0.03251512252483282,-465.737827966583,0.0,0.0,4.399086050778546e-09,-6.636316330069567e-05,0.0,0.0,-0.02012023805601926,-87.04582585516476,0.0,0.0,0.0,125.792409032583,125.792409032583
749,0.374502301216125,7.526060145480743e-07,-203.40880406211218,-7.956791045388757e-05,-203.2104456774009,-0.03255876803567588,-466.36390892527146,6.119376152967127e-11,0.00476913455473685,1.7923312590014499e-09,-8.378098896632841e-05,-0.02014852759261351,-87.15352922477545,0.0382889392876069,554.761804768074,-0.03255876803567588,-466.36390892527146,0.0,0.0,1.7923312590014499e-09,-8.378098896632841e-05,0.0,0.0,-0.02014852759261351,-87.15352922477545,0.0,0.0,0.0,125.786890417337,125.786890417337
750,0.375003129243851,7.513948043267801e-07,-203.67123844275505,-7.979222051118287e-05,-203.47204207194733,-0.03260242366696955,-466.9901220743047,-1.818440297600769e-10,0.004738865522856434,-9.122678407694684e-09,-0.00010821664142907832,-0.020176821324860726,-87.26118900784934,0.0383409508893437,555.497195778917,-0.03260242366696955,-466.9901220743047,0.0,0.0,-9.122678407694684e-09,-0.00010821664142907832,0.0,0.0,-0.020176821324860726,-87.26118900784934,0.0,0.0,0.0,125.781370788813,125.781370788813
751,0.375504046678543,7.500855512416851e-07,-203.93374508143037,-8.001689354717552e-05,-203.73370679635568,-0.03264608980844802,-467.6165142775841,-7.373539975207368e-11,0.004741771760011842,-2.3921793875064296e-09,-8.299119967166742e-05,-0.020205123731966618,-87.36881964484527,0.0383929760251953,556.232784687907,-0.03264608980844802,-467.6165142775841,0.0,0.0,-2.3921793875064296e-09,-8.299119967166742e-05,0.0,0.0,-0.020205123731966618,-87.36881964484527,0.0,0.0,0.0,125.775850266218,125.775850266218
752,0.376004785299301,7.488809738695909e-07,-204.19608695734786,-8.024197970778435e-05,-203.99520346313676,-0.03268973721838416,-468.2426414772091,2.0135972501564915e-11,0.004762720495848201,2.0482903867389244e-10,-8.633023247911606e-05,-0.02023342856474334,-87.4764470708011,0.038444986542171,556.968028774574,-0.03268973721838416,-468.2426414772091,0.0,0.0,2.0482903867389244e-10,-8.633023247911606e-05,0.0,0.0,-0.02023342856474334,-87.4764470708011,0.0,0.0,0.0,125.770331889391,125.770331889391
753,0.376505494117737,7.477176514190542e-07,-204.45837973839673,-8.046720200883143e-05,-204.2566481160416,-0.03273338657621707,-468.86878042559096,1.3150671291891081e-11,0.004756683001289045,7.537035980564427e-10,-7.943948446342266e-05,-0.020261723964246116,-87.58401035897752,0.0384969937823859,557.703236045682,-0.03273338657621707,-468.86878042559096,0.0,0.0,7.537035980564427e-10,-7.943948446342266e-05,0.0,0.0,-0.020261723964246116,-87.58401035897752,0.0,0.0,0.0,125.764813899994,125.764813899994
754,0.377006441354752,7.464178652420757e-07,-204.72080854275922,-8.06930227501101e-05,-204.5182197580925,-0.032777053030423935,-469.4951755043081,-1.9220436664455554e-10,0.004742342055134513,-9.996166281310414e-09,-0.00011258094538414351,-0.02029004314559458,-87.69158919528154,0.0385490281087665,558.438757898606,-0.032777053030423935,-469.4951755043081,0.0,0.0,-9.996166281310414e-09,-0.00011258094538414351,0.0,0.0,-0.02029004314559458,-87.69158919528154,0.0,0.0,0.0,125.759293854237,125.759293854237
755,0.377507358789444,7.450972224162282e-07,-204.98321085976366,-8.091918106378532e-05,-204.77976775035222,-0.032820717270138376,-470.12154659855184,-1.0994003323906812e-11,0.0047521905370244664,-2.6704743076900474e-11,-8.044700284422571e-05,-0.020318364226082495,-87.79912757643328,0.0386010615840956,559.174235293664,-0.032820717270138376,-470.12154659855184,0.0,0.0,-2.6704743076900474e-11,-8.044700284422571e-05,0.0,0.0,-0.020318364226082495,-87.79912757643328,0.0,0.0,0.0,125.753773808479,125.753773808479
756,0.378008037805557,7.439052196673263e-07,-205.2454047479334,-8.114558032256638e-05,-205.0411106656262,-0.0328643611727614,-470.74762987966983,3.2807414066867246e-11,0.004759189778088268,1.91696970547423e-09,-7.604405222246484e-05,-0.020346674718626275,-87.90661984851148,0.0386530722266406,559.909312394703,-0.0328643611727614,-470.74762987966983,0.0,0.0,1.91696970547423e-09,-7.604405222246484e-05,0.0,0.0,-0.020346674718626275,-87.90661984851148,0.0,0.0,0.0,125.748256623745,125.748256623745
757,0.378509014844894,7.426524955787136e-07,-205.50773948689684,-8.137240195315074e-05,-205.3025895302062,-0.03290803004046393,-471.37409401262636,-8.919658892006936e-11,0.004746462888865892,-4.184651767578939e-09,-9.36146565565878e-05,-0.02037500045695448,-88.01411097928032,0.0387051121531035,560.644811370852,-0.03290803004046393,-471.37409401262636,0.0,0.0,-4.184651767578939e-09,-9.36146565565878e-05,0.0,0.0,-0.02037500045695448,-88.01411097928032,0.0,0.0,0.0,125.742737114429,125.742737114429
758,0.37900972366333,7.412963656818821e-07,-205.76997867643883,-8.159967553761213e-05,-205.56396934986134,-0.03295168023440664,-472.0002511035674,-1.5235512143813854e-10,0.0047518250527551625,-9.23867566676449e-09,-0.00011754827321933548,-0.02040333004502195,-88.1215494516884,0.0387571382619168,561.379973067764,-0.03295168023440664,-472.0002511035674,0.0,0.0,-9.23867566676449e-09,-0.00011754827321933548,0.0,0.0,-0.02040333004502195,-88.1215494516884,0.0,0.0,0.0,125.737220078707,125.737220078707
759,0.379510492086411,7.399998996056753e-07,-206.03218078223378,-8.182716249442884e-05,-205.8253026920835,-0.03299533242439528,-472.6264787226227,8.207948492817122e-11,0.00475639173393755,5.251063941741199e-09,-6.252973409081756e-05,-0.02043165338169598,-88.22893966847427,0.0388091628090361,562.115156310135,-0.03299533242439528,-472.6264787226227,0.0,0.0,5.251063941741199e-09,-6.252973409081756e-05,0.0,0.0,-0.02043165338169598,-88.22893966847427,0.0,0.0,0.0,125.731702744961,125.731702744961
760,0.380011022090912,7.387627104160461e-07,-206.29420321470508,-8.205488503804013e-05,-206.0864598937155,-0.03303896335589908,-473.25238661053623,-4.201181050627418e-11,0.004745330107050064,-8.316985234871734e-10,-7.961054040357208e-05,-0.020459966584857048,-88.33626535620324,0.038861163979426,562.84993067752,-0.03303896335589908,-473.25238661053623,0.0,0.0,-8.316985234871734e-10,-7.961054040357208e-05,0.0,0.0,-0.020459966584857048,-88.33626535620324,0.0,0.0,0.0,125.726188153028,125.726188153028
761,0.380511701107025,7.374321132291225e-07,-206.5563093367758,-8.228319497399941e-05,-206.34769992007145,-0.03308260427573702,-473.8784674838025,-1.983745677043971e-10,0.004748799786895873,-1.157145416678674e-08,-0.0001246258692214276,-0.02048830219235894,-88.44361579080392,0.0389131854704617,563.584915811849,-0.03308260427573702,-473.8784674838025,0.0,0.0,-1.157145416678674e-08,-0.0001246258692214276,0.0,0.0,-0.02048830219235894,-88.44361579080392,0.0,0.0,0.0,125.720672249794,125.720672249794
762,0.381012409925461,7.360577775344466e-07,-206.81843394738135,-8.251172673754191e-05,-206.60894984174558,-0.03312625302651405,-474.50462746539836,5.299735820926352e-11,0.004763272434972493,2.2920596863271403e-09,-7.956151875313232e-05,-0.02051663569996438,-88.55090581757464,0.0389652125459174,564.319968816487,-0.03312625302651405,-474.50462746539836,0.0,0.0,2.2920596863271403e-09,-7.956151875313232e-05,0.0,0.0,-0.02051663569996438,-88.55090581757464,0.0,0.0,0.0,125.715155899525,125.715155899525
763,0.381512820720673,7.34777558368346e-07,-207.08034604498874,-8.274043373981651e-05,-206.86999457082652,-0.033169876603620814,-475.130445527012,8.805527713613887e-12,0.004749553480080489,1.8064438839605153e-09,-7.098672611712616e-05,-0.02054495534378405,-88.65813180479175,0.0390172109523065,565.05457169748,-0.033169876603620814,-475.130445527012,0.0,0.0,1.8064438839605153e-09,-7.098672611712616e-05,0.0,0.0,-0.02054495534378405,-88.65813180479175,0.0,0.0,0.0,125.709643304348,125.709643304348
764,0.38201379776001,7.334595930378382e-07,-207.34253404965978,-8.296983464034565e-05,-207.131299787032,-0.033213545968071766,-475.7569431499065,-1.619804024182646e-10,0.004737136209515699,-7.1927126090856605e-09,-9.855814140498473e-05,-0.020573314628701454,-88.7654600314672,0.0390692691909669,565.789958951192,-0.033213545968071766,-475.7569431499065,0.0,0.0,-7.1927126090856605e-09,-9.855814140498473e-05,0.0,0.0,-0.020573314628701454,-88.7654600314672,0.0,0.0,0.0,125.704124718904,125.704124718904
765,0.382514774799347,7.320691912442391e-07,-207.60472177525764,-8.319964115183319e-05,-207.39261762717143,-0.03325721802228788,-476.3834573505637,-9.241918258072746e-11,0.004761033489844042,-6.7024567628860365e-09,-0.00011468988887003309,-0.02060168223432303,-88.87275889285507,0.0391213341309096,566.525360493965,-0.03325721802228788,-476.3834573505637,0.0,0.0,-6.7024567628860365e-09,-0.00011468988887003309,0.0,0.0,-0.02060168223432303,-88.87275889285507,0.0,0.0,0.0,125.698605775833,125.698605775833
766,0.383000016212463,7.307610279021144e-07,-207.85864767443385,-8.342232242261858e-05,-207.64568232024232,-0.03329951762102431,-476.99030866288905,1.5896067633767207e-10,0.004764885657759534,8.75646620271878e-09,-5.4865428608074404e-05,-0.020629148543360204,-88.97662687201642,0.0391717577246017,567.237641125684,-0.03329951762102431,-476.99030866288905,0.0,0.0,8.75646620271878e-09,-5.4865428608074404e-05,0.0,0.0,-0.020629148543360204,-88.97662687201642,0.0,0.0,0.0,125.693261027336,125.693261027336
767,0.383501142263412,7.294423790702494e-07,-208.12082716891865,-8.365288451739895e-05,-207.90698122853976,-0.03334320058555803,-477.61699663867455,-2.1981515953818105e-10,0.004733466045233423,-1.0468450624770499e-08,-0.00010983148978898922,-0.020657531583424562,-89.0839304181884,0.0392238401325804,567.973180444603,-0.03334320058555803,-477.61699663867455,0.0,0.0,-1.0468450624770499e-08,-0.00010983148978898922,0.0,0.0,-0.020657531583424562,-89.0839304181884,0.0,0.0,0.0,125.687741100788,125.687741100788
768,0.384002327919006,7.280418395047425e-07,-208.38305937194227,-8.388366922768622e-05,-208.16832273678338,-0.033386891751411574,-478.2437996821884,-9.564088521497639e-11,0.004743445908303206,-3.9736004359698014e-09,-9.074224680206792e-05,-0.02068591340013104,-89.19116869889639,0.0392759289007685,568.708841636119,-0.033386891751411574,-478.2437996821884,0.0,0.0,-3.9736004359698014e-09,-9.074224680206792e-05,0.0,0.0,-0.02068591340013104,-89.19116869889639,0.0,0.0,0.0,125.682220965624,125.682220965624
769,0.384503364562988,7.266439451470729e-07,-208.64518757966596,-8.411479371721447e-05,-208.4295622653783,-0.03343056789277388,-478.8704031114642,6.249863548927191e-11,0.0047724163758322575,1.4246957180145893e-09,-8.993380255476878e-05,-0.020714294226445287,-89.29836466363057,0.0393280044085591,569.444253335487,-0.03343056789277388,-478.8704031114642,0.0,0.0,1.4246957180145893e-09,-8.993380255476878e-05,0.0,0.0,-0.020714294226445287,-89.29836466363057,0.0,0.0,0.0,125.676702290773,125.676702290773
770,0.385004103183746,7.253040037243161e-07,-208.90709857434354,-8.434613634367445e-05,-208.69058429780785,-0.03347421760542509,-479.4966331610385,-3.220434573747016e-11,0.0047532044299002565,-1.7915705267234635e-09,-8.967741094302519e-05,-0.020742661281450313,-89.40548687402061,0.0393800502301497,570.17918072117,-0.03347421760542509,-479.4966331610385,0.0,0.0,-1.7915705267234635e-09,-8.967741094302519e-05,0.0,0.0,-0.020742661281450313,-89.40548687402061,0.0,0.0,0.0,125.671187400818,125.671187400818
771,0.38550466299057,7.23899838376437e-07,-209.16893144096855,-8.457770415894624e-05,-208.9515176118141,-0.033517853291079085,-480.122657530037,-1.5231878193611186e-10,0.004728416472885959,-5.121169291887753e-09,-8.57410785477787e-05,-0.020771020221534705,-89.51251895845364,0.0394320798867851,570.913860349173,-0.033517853291079085,-480.122657530037,0.0,0.0,-5.121169291887753e-09,-8.57410785477787e-05,0.0,0.0,-0.020771020221534705,-89.51251895845364,0.0,0.0,0.0,125.665674209595,125.665674209595
772,0.386005252599716,7.224573972379362e-07,-209.43075826951411,-8.480972457949668e-05,-209.2124554499219,-0.033561491751272016,-480.74873452810436,-7.840068885455134e-11,0.004755691281427839,-4.971022143759357e-09,-0.00010395712811602707,-0.020799390491283855,-89.61954757876862,0.0394841179031641,571.648583577318,-0.033561491751272016,-480.74873452810436,0.0,0.0,-4.971022143759357e-09,-0.00010395712811602707,0.0,0.0,-0.020799390491283855,-89.61954757876862,0.0,0.0,0.0,125.660161882639,125.660161882639
773,0.386505991220474,7.21082131218624e-07,-209.69261427765332,-8.504202640517482e-05,-209.4734047292805,-0.03360514380080539,-481.3749806978401,1.0609956753298865e-10,0.0047746127871006044,3.997371118080815e-09,-8.092135445970065e-05,-0.020827763556009085,-89.72656410983748,0.0395361689758133,572.383462499643,-0.03360514380080539,-481.3749806978401,0.0,0.0,3.997371118080815e-09,-8.092135445970065e-05,0.0,0.0,-0.020827763556009085,-89.72656410983748,0.0,0.0,0.0,125.65464708209,125.65464708209
774,0.387006372213364,7.196939080817122e-07,-209.95426725741942,-8.527468663224908e-05,-209.73415923460755,-0.033648762978150185,-482.0008143283738,-1.3525643210940758e-10,0.004740764675611839,-5.954001212714463e-09,-9.812927041603009e-05,-0.020856129961177316,-89.83351087465789,0.0395881886325634,573.117838320545,-0.033648762978150185,-482.0008143283738,0.0,0.0,-5.954001212714463e-09,-9.812927041603009e-05,0.0,0.0,-0.020856129961177316,-89.83351087465789,0.0,0.0,0.0,125.649136692286,125.649136692286
775,0.387506872415543,7.182106862579964e-07,-210.2159757835943,-8.550763846245498e-05,-209.9949704883162,-0.033692392295173054,-482.6267528204961,-1.2380327223209623e-10,0.004732789773684496,-4.192557819596595e-09,-8.405600873844871e-05,-0.02088449929603419,-89.94040285305161,0.0396402184843874,573.852335301399,-0.033692392295173054,-482.6267528204961,0.0,0.0,-4.192557819596595e-09,-8.405600873844871e-05,0.0,0.0,-0.02088449929603419,-89.94040285305161,0.0,0.0,0.0,125.643625050783,125.643625050783
776,0.388007909059525,7.167693436966687e-07,-210.4779398676612,-8.574131254688679e-05,-210.2560261660249,-0.03373607042080832,-483.25342248581694,-1.5452367555285478e-11,0.00476775586104294,-2.8234741757115028e-09,-0.00010483715771708211,-0.020912910265932415,-90.0474223526769,0.0396923117910147,574.587650710857,-0.03373607042080832,-483.25342248581694,0.0,0.0,-2.8234741757115028e-09,-0.00010483715771708211,0.0,0.0,-0.020912910265932415,-90.0474223526769,0.0,0.0,0.0,125.63810801506,125.63810801506
777,0.388508468866348,7.153851248147828e-07,-210.73959955002596,-8.597498093254778e-05,-210.5167751902838,-0.033779706551078106,-483.87948966177146,7.884813938636679e-11,0.004762537853473137,3.904654403927377e-09,-7.503691836395607e-05,-0.02094128871279415,-90.15429524234152,0.0397443523011595,575.322213149891,-0.033779706551078106,-483.87948966177146,0.0,0.0,3.904654403927377e-09,-7.503691836395607e-05,0.0,0.0,-0.02094128871279415,-90.15429524234152,0.0,0.0,0.0,125.63259640336,125.63259640336
778,0.389009475708008,7.139202234978873e-07,-211.0014982838643,-8.620943312827068e-05,-210.77776432321835,-0.0338233819106117,-484.5061048324359,-2.0016793200714572e-10,0.00473361367014969,-8.904427318213442e-09,-0.00010310370869912738,-0.020969708218679394,-90.26125884226697,0.0397964478216808,576.057426565475,-0.0338233819106117,-484.5061048324359,0.0,0.0,-8.904427318213442e-09,-0.00010310370869912738,0.0,0.0,-0.020969708218679394,-90.26125884226697,0.0,0.0,0.0,125.627079606056,125.627079606056
779,0.389510154724121,7.123910770217076e-07,-211.26322762709432,-8.644397762578145e-05,-211.0385765229196,-0.033867028779277324,-485.1323337851948,-1.0652773843385418e-10,0.004745168081401466,-4.8338643755349806e-09,-9.560882750354476e-05,-0.02099810610920423,-90.36807989810431,0.0398485077710394,576.79216646822,-0.033867028779277324,-485.1323337851948,0.0,0.0,-4.8338643755349806e-09,-9.560882750354476e-05,0.0,0.0,-0.02099810610920423,-90.36807989810431,0.0,0.0,0.0,125.621566981077,125.621566981077
780,0.390010476112366,7.109658577399977e-07,-211.52469404746097,-8.667862322900935e-05,-211.29912147049237,-0.03391064220585787,-485.75809461883046,1.3435862306452673e-10,0.004771117322741079,6.1313275059222565e-09,-7.203413532340901e-05,-0.021026481820515842,-90.47480948159229,0.0399005276437722,577.526304671302,-0.03391064220585787,-485.75809461883046,0.0,0.0,6.1313275059222565e-09,-7.203413532340901e-05,0.0,0.0,-0.021026481820515842,-90.47480948159229,0.0,0.0,0.0,125.616058290005,125.616058290005
781,0.390511363744736,7.095434448468157e-07,-211.78642991141942,-8.691411126435774e-05,-211.55993655638832,-0.033954307368516325,-486.38458460234955,-1.2279257949994043e-10,0.004750295833933833,-6.630414796240266e-09,-0.00010690302618200593,-0.021054906777334573,-90.58168661613716,0.0399526174717523,578.261277245821,-0.033954307368516325,-486.38458460234955,0.0,0.0,-6.630414796240266e-09,-0.00010690302618200593,0.0,0.0,-0.021054906777334573,-90.58168661613716,0.0,0.0,0.0,125.610544145107,125.610544145107
782,0.391012191772461,7.079906324021574e-07,-212.04817075342422,-8.714976820003425e-05,-211.82075528981602,-0.03399796793195892,-487.01100794266273,-1.766338734245692e-10,0.004735682595015396,-7.70562896883928e-09,-0.00010028621183467453,-0.021083324288343756,-90.68845703770651,0.0400046995006009,578.996180653263,-0.03399796793195892,-487.01100794266273,0.0,0.0,-7.70562896883928e-09,-0.00010028621183467453,0.0,0.0,-0.021083324288343756,-90.68845703770651,0.0,0.0,0.0,125.605030059814,125.605030059814
783,0.391512900590897,7.064689413724204e-07,-212.30980501793454,-8.738568023095078e-05,-212.0814614173366,-0.03404161752872718,-487.6373007370211,5.888485125169095e-11,0.004759247856478421,3.4312201677853718e-09,-7.389013310036538e-05,-0.02111173596667624,-90.79517868214299,0.0400567691689559,579.730886833135,-0.03404161752872718,-487.6373007370211,0.0,0.0,3.4312201677853718e-09,-7.389013310036538e-05,0.0,0.0,-0.02111173596667624,-90.79517868214299,0.0,0.0,0.0,125.599517762661,125.599517762661
784,0.392013639211655,7.050415768728244e-07,-212.57139157905945,-8.762201110697138e-05,-212.34212576168977,-0.03408526900753282,-488.2636150227638,1.5515436147778857e-11,0.004761469120026767,3.517289989807531e-10,-8.795295119584607e-05,-0.021140157806930588,-90.90192922678656,0.0401088458264722,580.465583308588,-0.03408526900753282,-488.2636150227638,0.0,0.0,3.517289989807531e-10,-8.795295119584607e-05,0.0,0.0,-0.021140157806930588,-90.90192922678656,0.0,0.0,0.0,125.594005316496,125.594005316496
785,0.392514795064926,7.035428807934644e-07,-212.83320282342257,-8.785897451634248e-05,-212.60301085524006,-0.0341289582813606,-488.89045892965254,-2.2634340577794107e-10,0.004742370514417556,-1.2090848750336622e-08,-0.00012366495093987703,-0.021168612401079968,-91.00874527380485,0.0401609719012443,581.200899018621,-0.0341289582813606,-488.89045892965254,0.0,0.0,-1.2090848750336622e-08,-0.00012366495093987703,0.0,0.0,-0.021168612401079968,-91.00874527380485,0.0,0.0,0.0,125.588488519192,125.588488519192
786,0.393015474081039,7.019413777211313e-07,-213.09477900865906,-8.809578970844549e-05,-212.86364647125006,-0.03417260425859347,-489.5167008870862,2.2260965159052295e-11,0.004746718564047674,2.875447204573688e-09,-6.697907431618791e-05,-0.02119702795550794,-91.11534334424844,0.0402130406376081,581.935497364132,-0.03417260425859347,-489.5167008870862,0.0,0.0,2.875447204573688e-09,-6.697907431618791e-05,0.0,0.0,-0.02119702795550794,-91.11534334424844,0.0,0.0,0.0,125.582977116108,125.582977116108
787,0.393500298261642,7.004976263052939e-07,-213.34800419670387,-8.832567434009446e-05,-213.11596888361868,-0.03421486885663648,-490.12313756239865,1.1520606601314633e-11,0.00476190430662763,2.2026916255934157e-11,-8.955277286951504e-05,-0.021224561906645734,-91.21863385456159,0.040263470800731,582.646819477208,-0.03421486885663648,-490.12313756239865,0.0,0.0,2.2026916255934157e-11,-8.955277286951504e-05,0.0,0.0,-0.021224561906645734,-91.21863385456159,0.0,0.0,0.0,125.577640473843,125.577640473843
788,0.394000917673111,6.990328714500176e-07,-213.609454780776,-8.856327998520852e-05,-213.37648286128882,-0.03425851304772537,-490.74935041022485,-1.2307345848466114e-10,0.004749435415555475,-6.616542895516417e-09,-0.00010766966677704847,-0.021252990555819192,-91.32525117920959,0.040315544988877,583.381306748482,-0.03425851304772537,-490.74935041022485,0.0,0.0,-6.616542895516417e-09,-0.00010766966677704847,0.0,0.0,-0.021252990555819192,-91.32525117920959,0.0,0.0,0.0,125.572129935026,125.572129935026
789,0.394501388072968,6.974467975543932e-07,-213.8708447334237,-8.880113858695716e-05,-213.63692898141733,-0.03430214111166508,-491.3753448932569,-1.1879014683904614e-10,0.00474489521412939,-5.580542220297528e-09,-0.00010216604585029957,-0.021281412752396513,-91.43176541053387,0.0403676021050437,584.115547618087,-0.03430214111166508,-491.3753448932569,0.0,0.0,-5.580542220297528e-09,-0.00010216604585029957,0.0,0.0,-0.021281412752396513,-91.43176541053387,0.0,0.0,0.0,125.566621571779,125.566621571779
790,0.395002096891403,6.958564756477309e-07,-214.1323426881916,-8.903947130738808e-05,-213.8974780432815,-0.034345792078451044,-492.0016791114884,6.137403001565453e-11,0.004757709205101445,3.843139668938941e-09,-7.067108939074845e-05,-0.02130985298770641,-91.5383107879022,0.0404196882269709,584.850156802131,-0.034345792078451044,-492.0016791114884,0.0,0.0,3.843139668938941e-09,-7.067108939074845e-05,0.0,0.0,-0.02130985298770641,-91.5383107879022,0.0,0.0,0.0,125.561110526323,125.561110526323
791,0.395502716302872,6.943602397057083e-07,-214.39371257961665,-8.927817582891982e-05,-214.1579159690499,-0.03438943395046296,-492.6278823017352,-7.069502786037592e-11,0.004750554898630771,-3.733637636859938e-09,-9.951901886706e-05,-0.021338295522422206,-91.64485256107356,0.0404717678673703,585.584568111634,-0.03438943395046296,-492.6278823017352,0.0,0.0,-3.733637636859938e-09,-9.951901886706e-05,0.0,0.0,-0.021338295522422206,-91.64485256107356,0.0,0.0,0.0,125.555600732565,125.555600732565
792,0.396003276109695,6.928257019145614e-07,-214.65505563681927,-8.951720640455632e-05,-214.41830284343928,-0.034433069825569616,-493.25401082814386,-1.5295530742937438e-10,0.004745401103948502,-7.882534420545845e-09,-0.00010960009777180607,-0.021366737352547387,-91.75134397040436,0.0405238420749515,586.318880683254,-0.034433069825569616,-493.25401082814386,0.0,0.0,-7.882534420545845e-09,-0.00010960009777180607,0.0,0.0,-0.021366737352547387,-91.75134397040436,0.0,0.0,0.0,125.550091773272,125.550091773272
793,0.396504193544388,6.91189092672358e-07,-214.91660034426687,-8.975666547964982e-05,-214.67889441426453,-0.03447673976940159,-493.8806307516442,1.0410339582380531e-11,0.004755610025293289,7.801912870695135e-10,-8.301322673517192e-05,-0.021395198255483996,-91.85782990390236,0.0405759553215355,587.053754931682,-0.03447673976940159,-493.8806307516442,0.0,0.0,7.801912870695135e-10,-8.301322673517192e-05,0.0,0.0,-0.021395198255483996,-91.85782990390236,0.0,0.0,0.0,125.54457873106,125.54457873106
794,0.397004753351212,6.89616631620141e-07,-215.17789841672308,-8.999642386458808e-05,-214.93924660434016,-0.0345203772968981,-494.5067854387664,-1.5090124800563275e-11,0.0047546263220916915,-6.639496728315546e-10,-8.835234034629968e-05,-0.0214236488404371,-91.96425964685119,0.0406280356181595,587.788051612032,-0.0345203772968981,-494.5067854387664,0.0,0.0,-6.639496728315546e-10,-8.835234034629968e-05,0.0,0.0,-0.0214236488404371,-91.96425964685119,0.0,0.0,0.0,125.539070129395,125.539070129395
795,0.397505402565002,6.880852606665101e-07,-215.43921336625112,-9.023654491596575e-05,-215.1996028771361,-0.03456402446017656,-495.13307955277367,-9.0275708424371e-11,0.004741923631141683,-3.675932018271352e-09,-8.966265918137345e-05,-0.0214521069985276,-92.07069299678614,0.0406801281299294,588.522474280432,-0.03456402446017656,-495.13307955277367,0.0,0.0,-3.675932018271352e-09,-8.966265918137345e-05,0.0,0.0,-0.0214521069985276,-92.07069299678614,0.0,0.0,0.0,125.533560752869,125.533560752869
796,0.39800614118576,6.864733127152493e-07,-215.70057975199035,-9.047716728113233e-05,-215.46000983913368,-0.03460767828479576,-495.7594776654814,-1.6707753730045307e-10,0.004750192262686772,-9.365931495578272e-09,-0.0001188335413377177,-0.021480578803993598,-92.17710880599334,0.0407322335332552,589.257019517617,-0.03460767828479576,-495.7594776654814,0.0,0.0,-9.365931495578272e-09,-0.0001188335413377177,0.0,0.0,-0.021480578803993598,-92.17710880599334,0.0,0.0,0.0,125.528050392866,125.528050392866
797,0.398506730794907,6.848279364395121e-07,-215.96183122545483,-9.071779003137695e-05,-215.72029133991163,-0.034651316694742376,-496.3856422241293,1.3054337134342586e-10,0.004764122702331862,7.0840736095838166e-09,-6.413880854490078e-05,-0.021509026973179832,-92.28338508922123,0.0407843134084513,589.991258947551,-0.034651316694742376,-496.3856422241293,0.0,0.0,7.0840736095838166e-09,-6.413880854490078e-05,0.0,0.0,-0.021509026973179832,-92.28338508922123,0.0,0.0,0.0,125.522542327642,125.522542327642
798,0.399007111787796,6.832590110826042e-07,-216.22294483116855,-9.095905007419392e-05,-215.98044758756575,-0.034694938311958363,-497.0115931585854,-1.1126010818792869e-10,0.0047449963789440025,-5.164910569320859e-09,-9.864353233132993e-05,-0.021537490963849888,-92.38970431599611,0.0408363873953631,590.725229554101,-0.034694938311958363,-497.0115931585854,0.0,0.0,-5.164910569320859e-09,-9.864353233132993e-05,0.0,0.0,-0.021537490963849888,-92.38970431599611,0.0,0.0,0.0,125.51703581214,125.51703581214
799,0.399507701396942,6.81662823400644e-07,-216.4841459024662,-9.120066041749468e-05,-216.24067702716593,-0.034738580560476566,-497.63783806139287,-1.8716333104749743e-10,0.004737819455563157,-8.651066128797041e-09,-0.00010640352800318943,-0.02156596365039666,-92.49600746313155,0.0408884835320674,591.459504207839,-0.034738580560476566,-497.63783806139287,0.0,0.0,-8.651066128797041e-09,-0.00010640352800318943,0.0,0.0,-0.02156596365039666,-92.49600746313155,0.0,0.0,0.0,125.511527866125,125.511527866125
800,0.400008261203766,6.799981571541818e-07,-216.74533369604688,-9.144239431858604e-05,-216.50089805697664,-0.034782219482924225,-498.2640307255393,4.712935040700039e-11,0.004763130004855072,1.947284698041475e-09,-8.453584128555956e-05,-0.021594425533412093,-92.6022074640092,0.0409405711788474,592.193711299986,-0.034782219482924225,-498.2640307255393,0.0,0.0,1.947284698041475e-09,-8.453584128555956e-05,0.0,0.0,-0.021594425533412093,-92.6022074640092,0.0,0.0,0.0,125.50602042675,125.50602042675
801,0.4005087018013,6.783685964458392e-07,-217.00641034071373,-9.168471669402399e-05,-216.76100228775593,-0.03482584623183472,-498.8900637930791,2.983052474477203e-11,0.004760523168769928,1.0802194098430399e-09,-8.665082787850351e-05,-0.021622899814562287,-92.70842469868852,0.0409926550579668,592.927703877968,-0.03482584623183472,-498.8900637930791,0.0,0.0,1.0802194098430399e-09,-8.665082787850351e-05,0.0,0.0,-0.021622899814562287,-92.70842469868852,0.0,0.0,0.0,125.500514537096,125.500514537096
802,0.401009351015091,6.767651254766881e-07,-217.26755701459714,-9.192747101211964e-05,-217.02117179095356,-0.03486949026761114,-499.5163441941069,-2.0066758433306308e-10,0.004732828166720323,-9.1903261940236e-09,-0.00010534544614342766,-0.021651387738319428,-92.81466237505471,0.041044760854902,593.661957706456,-0.03486949026761114,-499.5163441941069,0.0,0.0,-9.1903261940236e-09,-0.00010534544614342766,0.0,0.0,-0.021651387738319428,-92.81466237505471,0.0,0.0,0.0,125.495006561279,125.495006561279
803,0.401510417461395,6.750965104739511e-07,-217.5289375763106,-9.217061395471847e-05,-217.28157213986117,-0.0349131736665594,-500.14320248758304,-9.212010189480476e-11,0.004745706680486687,-4.039887087718562e-09,-9.43789927607653e-05,-0.021679895231943094,-92.920911769459,0.0410969104509964,594.396870058871,-0.0349131736665594,-500.14320248758304,0.0,0.0,-4.039887087718562e-09,-9.43789927607653e-05,0.0,0.0,-0.021679895231943094,-92.920911769459,0.0,0.0,0.0,125.489494234324,125.489494234324
804,0.402011424303055,6.734182465488096e-07,-217.79025966531754,-9.241409513740719e-05,-217.5419151413692,-0.03495685141156653,-500.7699846466948,1.3166132069517585e-10,0.004770074046955494,5.936847849012208e-09,-7.562063456277335e-05,-0.021708403731980713,-93.02712531832248,0.0411490558095751,595.13167084206,-0.03495685141156653,-500.7699846466948,0.0,0.0,5.936847849012208e-09,-7.562063456277335e-05,0.0,0.0,-0.021708403731980713,-93.02712531832248,0.0,0.0,0.0,125.483982205391,125.483982205391
805,0.402512043714523,6.717974313254059e-07,-218.05133191801178,-9.265802548485683e-05,-217.80200250649648,-0.03500049447959043,-501.3962611679624,-1.516233196348269e-10,0.004751347393456756,-8.32314119994845e-09,-0.00011616943383388267,-0.02173691046949916,-93.13331192410146,0.0412011708151107,595.865857532391,-0.03500049447959043,-501.3962611679624,0.0,0.0,-8.32314119994845e-09,-0.00011616943383388267,0.0,0.0,-0.02173691046949916,-93.13331192410146,0.0,0.0,0.0,125.478474825621,125.478474825621
806,0.403012812137604,6.701196227609603e-07,-218.31248625592198,-9.29020068855241e-05,-218.0621663870896,-0.03504415132815686,-502.02276525512303,-1.5309326126435589e-10,0.004728829988128198,-5.321998652337493e-09,-8.532956413160263e-05,-0.021765408390670593,-93.23941097102721,0.0412532929104502,596.600280489095,-0.03504415132815686,-502.02276525512303,0.0,0.0,-5.321998652337493e-09,-8.532956413160263e-05,0.0,0.0,-0.021765408390670593,-93.23941097102721,0.0,0.0,0.0,125.472965985537,125.472965985537
807,0.403513699769974,6.684168349429496e-07,-218.57368548632562,-9.314652898531588e-05,-218.32237288983384,-0.03508782041758769,-502.64941095317965,2.3225635772297826e-11,0.0047607521159240725,9.232623486025093e-10,-8.724096406395002e-05,-0.021793924872335935,-93.34552991926714,0.0413054352321889,597.334858183818,-0.03508782041758769,-502.64941095317965,0.0,0.0,9.232623486025093e-10,-8.724096406395002e-05,0.0,0.0,-0.021793924872335935,-93.34552991926714,0.0,0.0,0.0,125.467456638813,125.467456638813
808,0.404013782739639,6.667526637790101e-07,-218.8344162197646,-9.339107459681228e-05,-218.58212384903882,-0.035131416161132335,-503.27505229731463,3.787213257819476e-11,0.0047679603031134735,5.489629545847257e-10,-9.676497798365407e-05,-0.021822403783553615,-93.45148520164541,0.0413574954599103,598.068227681928,-0.035131416161132335,-503.27505229731463,0.0,0.0,5.489629545847257e-10,-9.676497798365407e-05,0.0,0.0,-0.021822403783553615,-93.45148520164541,0.0,0.0,0.0,125.461955696344,125.461955696344
809,0.404513835906982,6.650941407011881e-07,-219.09511735147893,-9.363594124109468e-05,-218.84182305234876,-0.03517501226615293,-503.9006688842177,-2.0347588612107703e-10,0.004736885201669604,-9.471850238970685e-09,-0.00010861949833537829,-0.021850883227422704,-93.55740555454909,0.0414095563110063,598.80154160009,-0.03517501226615293,-503.9006688842177,0.0,0.0,-9.471850238970685e-09,-0.00010861949833537829,0.0,0.0,-0.021850883227422704,-93.55740555454909,0.0,0.0,0.0,125.456455677748,125.456455677748
810,0.405014395713806,6.633605977856641e-07,-219.3560832373857,-9.388127221351546e-05,-219.10178981762894,-0.03521865050895908,-504.52692245731333,-7.433903050470383e-11,0.004737346930554599,-1.7936209010413237e-09,-7.786500498910211e-05,-0.021879386511556603,-93.66334804716918,0.0414616655710743,599.535590126755,-0.03521865050895908,-504.52692245731333,0.0,0.0,-1.7936209010413237e-09,-7.786500498910211e-05,0.0,0.0,-0.021879386511556603,-93.66334804716918,0.0,0.0,0.0,125.450949698687,125.450949698687
811,0.405515104532242,6.616439699187868e-07,-219.6170885404415,-9.412719876169044e-05,-219.36180643827038,-0.03526230205637557,-505.1533318100618,6.838613178179123e-11,0.004770010074349063,2.2467269132667338e-09,-9.074037032323937e-05,-0.021907911658950587,-93.76933752663862,0.0415137977055674,600.269810189213,-0.03526230205637557,-505.1533318100618,0.0,0.0,2.2467269132667338e-09,-9.074037032323937e-05,0.0,0.0,-0.021907911658950587,-93.76933752663862,0.0,0.0,0.0,125.445442378521,125.445442378521
812,0.406000196933746,6.600319746486588e-07,-219.869912021825,-9.436583026386708e-05,-219.6136521760134,-0.03530459210513643,-505.7602353694167,-7.542426828625954e-11,0.004757361230081126,-4.706451677777061e-09,-0.00010827484735558099,-0.02193555202086582,-93.8720208649975,0.04156430646018,600.981119869354,-0.03530459210513643,-505.7602353694167,0.0,0.0,-4.706451677777061e-09,-0.00010827484735558099,0.0,0.0,-0.02193555202086582,-93.8720208649975,0.0,0.0,0.0,125.440107345581,125.440107345581
813,0.406500697135925,6.583064424176612e-07,-220.13077669239252,-9.461226806597657e-05,-219.8735128178177,-0.03534822911237736,-506.3864677579061,-2.0284161301462917e-10,0.004729262305573259,-8.337131234234788e-09,-9.726413407443039e-05,-0.021964068203462046,-93.97789520414871,0.0416164215826176,601.715065478461,-0.03534822911237736,-506.3864677579061,0.0,0.0,-8.337131234234788e-09,-9.726413407443039e-05,0.0,0.0,-0.021964068203462046,-93.97789520414871,0.0,0.0,0.0,125.434602707624,125.434602707624
814,0.407001614570618,6.565365626699411e-07,-220.3918421720234,-9.485927309963505e-05,-220.13356859091144,-0.035391898857887745,-507.01316717284004,3.065643533409692e-11,0.004750726060083064,2.57770415387899e-09,-7.362029826295897e-05,-0.021992610037402383,-94.0838083721455,0.0416685780863344,602.44955541818,-0.035391898857887745,-507.01316717284004,0.0,0.0,2.57770415387899e-09,-7.362029826295897e-05,0.0,0.0,-0.021992610037402383,-94.0838083721455,0.0,0.0,0.0,125.429093748331,125.429093748331
815,0.407502204179764,6.548247265904376e-07,-220.65268754563866,-9.51066272786068e-05,-220.39339900659934,-0.035435541033945805,-507.6394915818925,4.629785799346551e-11,0.004770506847348553,9.235597204716969e-10,-9.715690562136278e-05,-0.02202114488665468,-94.18967663127138,0.0417207075226061,603.183560342114,-0.035435541033945805,-507.6394915818925,0.0,0.0,9.235597204716969e-10,-9.715690562136278e-05,0.0,0.0,-0.02202114488665468,-94.18967663127138,0.0,0.0,0.0,125.423588693142,125.423588693142
816,0.408002942800522,6.531322376181522e-07,-220.91357983364497,-9.53544948320713e-05,-220.65328651761354,-0.03547919584882757,-508.26600353518904,-2.3830896507696504e-10,0.004744023412237747,-1.2625227106119489e-08,-0.00012857530952903274,-0.022049697467794928,-94.29557804186274,0.041772857089349,603.917766766589,-0.03547919584882757,-508.26600353518904,0.0,0.0,-1.2625227106119489e-08,-0.00012857530952903274,0.0,0.0,-0.022049697467794928,-94.29557804186274,0.0,0.0,0.0,125.418082177639,125.418082177639
817,0.408503413200378,6.51331132864854e-07,-221.17433737014267,-9.56021458423602e-05,-220.91302654678623,-0.03552282840649334,-508.8921854698789,-9.590624617083575e-12,0.004734933116405913,2.438838999319976e-09,-5.907868458500235e-05,-0.022078212540435876,-94.40125803595429,0.0418249679877027,604.651558157826,-0.03552282840649334,-508.8921854698789,0.0,0.0,2.438838999319976e-09,-5.907868458500235e-05,0.0,0.0,-0.022078212540435876,-94.40125803595429,0.0,0.0,0.0,125.412578761578,125.412578761578
818,0.409003794193268,6.495571570355056e-07,-221.435035591367,-9.58505703074955e-05,-221.17270344337663,-0.03556645303814208,-509.51825646218305,1.29737488937739e-11,0.0047619319565512935,2.4103114834076285e-10,-9.197927158328034e-05,-0.0221067521752944,-94.50699861995714,0.0418770851565388,605.385221338366,-0.03556645303814208,-509.51825646218305,0.0,0.0,2.4103114834076285e-10,-9.197927158328034e-05,0.0,0.0,-0.0221067521752944,-94.50699861995714,0.0,0.0,0.0,125.407076448202,125.407076448202
819,0.409504532814026,6.478535547759749e-07,-221.6958577080458,-9.609950851847253e-05,-221.43250099927224,-0.03561010752875071,-510.1447499458048,-9.473961192666551e-11,0.00476189619123742,-6.432669235106997e-09,-0.00012039849609177754,-0.022135314385017087,-94.61280989846325,0.0419292396385628,606.119341005168,-0.03561010752875071,-510.1447499458048,0.0,0.0,-6.432669235106997e-09,-0.00012039849609177754,0.0,0.0,-0.022135314385017087,-94.61280989846325,0.0,0.0,0.0,125.401569962502,125.401569962502
820,0.410005211830139,6.460893244208641e-07,-221.95663331984682,-9.634854233482328e-05,-221.69224645597018,-0.03565375580380143,-510.77121322945294,-1.4199746607206196e-10,0.004737456923725014,-5.962659587991418e-09,-9.609539570358083e-05,-0.022163862601555985,-94.71851090240831,0.0419813814898561,606.853382463413,-0.03565375580380143,-510.77121322945294,0.0,0.0,-5.962659587991418e-09,-9.609539570358083e-05,0.0,0.0,-0.022163862601555985,-94.71851090240831,0.0,0.0,0.0,125.396065473557,125.396065473557
821,0.410505741834641,6.442483269195547e-07,-222.2173607030355,-9.659783969840976e-05,-221.95193945222022,-0.03569739565880296,-511.39748819210513,3.751295475868354e-11,0.0047439646413893755,4.139108764565478e-09,-6.0308807078857324e-05,-0.02219240620684421,-94.82412098294604,0.0420335137911216,607.58721488879,-0.03569739565880296,-511.39748819210513,0.0,0.0,4.139108764565478e-09,-6.0308807078857324e-05,0.0,0.0,-0.02219240620684421,-94.82412098294604,0.0,0.0,0.0,125.390562325716,125.390562325716
822,0.411006063222885,6.424895962842856e-07,-222.47791893202427,-9.68477936073784e-05,-222.2114737282082,-0.03574101486311629,-512.0235258642539,-7.100741700936802e-11,0.0047646388389544735,-5.329419126767658e-09,-0.00011861111041228372,-0.02222096503084469,-94.9297795398942,0.0420856366264723,608.320735774688,-0.03574101486311629,-512.0235258642539,0.0,0.0,-5.329419126767658e-09,-0.00011861111041228372,0.0,0.0,-0.02222096503084469,-94.9297795398942,0.0,0.0,0.0,125.385061055422,125.385061055422
823,0.411506623029709,6.407587826961052e-07,-222.73855513375977,-9.70979311302114e-05,-222.4710847552333,-0.03578465598220283,-512.6498749322612,-1.1869845585822207e-10,0.004751314502335041,-6.497778418932383e-09,-0.00011141204234995847,-0.022249524695151717,-95.03541805345945,0.0421377785525485,609.054572653791,-0.03578465598220283,-512.6498749322612,0.0,0.0,-6.497778418932383e-09,-0.00011141204234995847,0.0,0.0,-0.022249524695151717,-95.03541805345945,0.0,0.0,0.0,125.379557579756,125.379557579756
824,0.412007391452789,6.389200927680222e-07,-222.99930969626942,-9.73482959036673e-05,-222.73079736214405,-0.035828313627775776,-513.2764229131643,-1.611061163609241e-11,0.004738342321983495,1.401487770880973e-09,-6.747699010163904e-05,-0.022278085807100778,-95.14097886658354,0.0421899353132681,609.788645695597,-0.035828313627775776,-513.2764229131643,0.0,0.0,1.401487770880973e-09,-6.747699010163904e-05,0.0,0.0,-0.022278085807100778,-95.14097886658354,0.0,0.0,0.0,125.374052584171,125.374052584171
825,0.412507921457291,6.370772092289196e-07,-223.2599418552078,-9.759937101591294e-05,-222.9903927008477,-0.03587195087946688,-513.9027272227853,-7.141058573674897e-11,0.004751473208700431,-3.5176542654956293e-09,-9.927964727311583e-05,-0.022306664920189526,-95.24656538253434,0.042242084297577,610.522430514098,-0.03587195087946688,-513.9027272227853,0.0,0.0,-3.5176542654956293e-09,-9.927964727311583e-05,0.0,0.0,-0.022306664920189526,-95.24656538253434,0.0,0.0,0.0,125.368550002575,125.368550002575
826,0.413008362054825,6.353220418356586e-07,-223.5204623715279,-9.785055254719866e-05,-223.24987267139005,-0.03591558223925301,-514.5289582039046,-4.0715913964132824e-11,0.004762384304981413,-2.9685292245750004e-09,-0.00010631037844910656,-0.02233523240758516,-95.3521077726842,0.0422942221753713,611.256064228695,-0.03591558223925301,-514.5289582039046,0.0,0.0,-2.9685292245750004e-09,-0.00010631037844910656,0.0,0.0,-0.02233523240758516,-95.3521077726842,0.0,0.0,0.0,125.363048046827,125.363048046827
827,0.413508832454681,6.335391196432045e-07,-223.7809751400284,-9.8101956619876e-05,-223.50933348269524,-0.03595921435972663,-515.1551462114048,-1.1868075352218393e-10,0.004745470126347667,-5.486145235574497e-09,-0.00010211478405615371,-0.02236379626555099,-95.4575889940402,0.0423463588183345,611.989642866347,-0.03595921435972663,-515.1551462114048,0.0,0.0,-5.486145235574497e-09,-0.00010211478405615371,0.0,0.0,-0.02236379626555099,-95.4575889940402,0.0,0.0,0.0,125.357546776533,125.357546776533
828,0.414008766412735,6.316482027365606e-07,-224.04124791618935,-9.835346498121819e-05,-223.76856134096977,-0.03600280191012718,-515.7807593655843,-1.628470112728972e-11,0.004743712262605261,9.02905502799728e-10,-7.37539737900246e-05,-0.022392336629098966,-95.56289816883157,0.0423984452414685,612.722538407985,-0.03600280191012718,-515.7807593655843,0.0,0.0,9.02905502799728e-10,-7.37539737900246e-05,0.0,0.0,-0.022392336629098966,-95.56289816883157,0.0,0.0,0.0,125.352051079273,125.352051079273
829,0.414508700370789,6.298255413124774e-07,-224.30144445430375,-9.860562051579183e-05,-224.0277157165884,-0.03604638560235569,-516.4063083700391,-5.7974385683347914e-11,0.004757040419328475,-3.4504753523632414e-09,-0.00010618534404137066,-0.022420895075143162,-95.66826500008251,0.0424505379757358,613.455334697334,-0.03604638560235569,-516.4063083700391,0.0,0.0,-3.4504753523632414e-09,-0.00010618534404137066,0.0,0.0,-0.022420895075143162,-95.66826500008251,0.0,0.0,0.0,125.34655585885,125.34655585885
830,0.415008753538132,6.280568770055721e-07,-224.56167612410994,-9.885789328446564e-05,-224.28689319613255,-0.036089982884440965,-517.0320355007068,-8.942448510738698e-11,0.004753677105068438,-4.864852594488092e-09,-0.00010854872674884077,-0.022449449618947133,-95.7736035342097,0.0425026402247017,614.188298271617,-0.036089982884440965,-517.0320355007068,0.0,0.0,-4.864852594488092e-09,-0.00010854872674884077,0.0,0.0,-0.022449449618947133,-95.7736035342097,0.0,0.0,0.0,125.341059803963,125.341059803963
831,0.415509015321732,6.262008495681164e-07,-224.8220190157446,-9.911057017283117e-05,-224.54617598260765,-0.036133598755111906,-517.6580548860213,-7.435756082161537e-11,0.004745366329262056,-2.8643721198961814e-09,-9.092845153139614e-05,-0.022478015560330845,-95.87890959918559,0.042554764314036,614.921582398571,-0.036133598755111906,-517.6580548860213,0.0,0.0,-2.8643721198961814e-09,-9.092845153139614e-05,0.0,0.0,-0.022478015560330845,-95.87890959918559,0.0,0.0,0.0,125.335561186075,125.335561186075
832,0.416009336709976,6.242912686296184e-07,-225.08239592848827,-9.936387640390045e-05,-224.80550611181187,-0.0361772185599374,-518.2841114852166,1.2077923813229896e-11,0.004749970690192357,1.4382520439753602e-09,-7.831134208692472e-05,-0.022506602509265953,-95.98422761335725,0.0426069028775063,615.65492991303,-0.0361772185599374,-518.2841114852166,0.0,0.0,1.4382520439753602e-09,-7.831134208692472e-05,0.0,0.0,-0.022506602509265953,-95.98422761335725,0.0,0.0,0.0,125.330062031746,125.330062031746
833,0.416509985923767,6.224831506651345e-07,-225.3428797616436,-9.961778990018666e-05,-225.0649219450864,-0.036220867796505164,-518.9106249137554,-1.3763946293401049e-10,0.004753975519440658,-7.625933607476452e-09,-0.00011825233037846678,-0.022535215060852033,-96.08964382167993,0.0426590799931546,616.388748169687,-0.036220867796505164,-518.9106249137554,0.0,0.0,-7.625933607476452e-09,-0.00011825233037846678,0.0,0.0,-0.022535215060852033,-96.08964382167993,0.0,0.0,0.0,125.324559509754,125.324559509754
834,0.417010307312012,6.206669216173481e-07,-225.6031625908111,-9.987152526526091e-05,-225.32414140088864,-0.03626448947340763,-519.5367146731066,-6.121278318752562e-11,0.0047500865605533335,-2.7470383577466386e-09,-9.526966952193067e-05,-0.022563792625742516,-96.19488902468918,0.0427112152616991,617.122038384138,-0.03626448947340763,-519.5367146731066,0.0,0.0,-2.7470383577466386e-09,-9.526966952193067e-05,0.0,0.0,-0.022563792625742516,-96.19488902468918,0.0,0.0,0.0,125.319060087204,125.319060087204
835,0.417510360479355,6.187421565301644e-07,-225.86333562992033,-0.00010012568997126588,-225.5832450710658,-0.03630808667912002,-520.162505637453,1.0335727903886682e-11,0.004747930501928694,1.6952148528911578e-09,-8.092192918905943e-05,-0.02259236908955856,-96.30003399501794,0.0427633292075579,617.854979489274,-0.03630808667912002,-520.162505637453,0.0,0.0,1.6952148528911578e-09,-8.092192918905943e-05,0.0,0.0,-0.02259236908955856,-96.30003399501794,0.0,0.0,0.0,125.313565284014,125.313565284014
836,0.418010413646698,6.168568099386727e-07,-226.12346830306595,-0.00010038050678646206,-225.84231468427197,-0.03635168313377965,-520.7882414827549,-1.3038219969199888e-10,0.00475272145509386,-6.988086735522202e-09,-0.00011592226606001134,-0.02262096497199975,-96.40523822189516,0.042815452812622,618.587856706935,-0.03635168313377965,-520.7882414827549,0.0,0.0,-6.988086735522202e-09,-0.00011592226606001134,0.0,0.0,-0.02262096497199975,-96.40523822189516,0.0,0.0,0.0,125.30806979537,125.30806979537
837,0.418510496616364,6.150328459032935e-07,-226.3835365666167,-0.00010063530087700076,-226.1013129714987,-0.0363952813271241,-521.4140282458333,-7.158004092546957e-11,0.004748316820883482,-3.186464649057897e-09,-9.626390487268868e-05,-0.02264954247244808,-96.51035725856377,0.0428675682181039,619.32071440258,-0.0363952813271241,-521.4140282458333,0.0,0.0,-3.186464649057897e-09,-9.626390487268868e-05,0.0,0.0,-0.02264954247244808,-96.51035725856377,0.0,0.0,0.0,125.30257448554,125.30257448554
838,0.419010639190674,6.131511822741802e-07,-226.64367232880753,-0.00010089055458838023,-226.3603665383066,-0.03643888817773005,-522.039951245107,-1.5310251753296265e-11,0.004748875886913494,-2.500955735409833e-10,-8.537740755749359e-05,-0.022678133058130392,-96.61546105150974,0.0429196979242788,620.053729751538,-0.03643888817773005,-522.039951245107,0.0,0.0,-2.500955735409833e-10,-8.537740755749359e-05,0.0,0.0,-0.022678133058130392,-96.61546105150974,0.0,0.0,0.0,125.297078937292,125.297078937292
839,0.419511049985886,6.111994329986269e-07,-226.9039433469302,-0.0001011465310979173,-226.61955450367395,-0.0364825166576463,-522.6661999690859,-6.400390462146407e-11,0.004752526518285692,-3.1445747917565657e-09,-9.87718832621481e-05,-0.02270675362352707,-96.72059972116752,0.0429718618725013,620.787123749336,-0.0364825166576463,-522.6661999690859,0.0,0.0,-3.1445747917565657e-09,-9.87718832621481e-05,0.0,0.0,-0.02270675362352707,-96.72059972116752,0.0,0.0,0.0,125.291579604149,125.291579604149
840,0.420011550188065,6.093278784740137e-07,-227.1641924036306,-0.00010140291717262652,-226.87873069846935,-0.03652615195126884,-523.2925223339978,-1.3803130958693333e-10,0.004749523144185554,-7.2175252617794e-09,-0.00011370701855075425,-0.022735383047157873,-96.82576896896101,0.0430240363237937,621.520572663063,-0.03652615195126884,-523.2925223339978,0.0,0.0,-7.2175252617794e-09,-0.00011370701855075425,0.0,0.0,-0.022735383047157873,-96.82576896896101,0.0,0.0,0.0,125.28608033061,125.28608033061
841,0.420511871576309,6.07462737136487e-07,-227.42431811659898,-0.00010165916679809606,-227.13776942241412,-0.0365697729706856,-523.9186485168634,3.419283567544692e-11,0.004748261242099615,3.0346408405811947e-09,-6.971509390985226e-05,-0.022763983536250493,-96.93079628404956,0.0430761834024486,622.253739501449,-0.0365697729706856,-523.9186485168634,0.0,0.0,3.0346408405811947e-09,-6.971509390985226e-05,0.0,0.0,-0.022763983536250493,-96.93079628404956,0.0,0.0,0.0,125.280583113432,125.280583113432
842,0.421012252569199,6.055224572931629e-07,-227.68451015452575,-0.00010191627103451752,-227.3968770882623,-0.03661340286606052,-524.544882448116,-1.221837431679754e-10,0.004751565282639373,-6.338283845606022e-09,-0.000111782648876146,-0.022792618409997755,-97.03587516069791,0.0431283562254489,622.987054975544,-0.03661340286606052,-524.544882448116,0.0,0.0,-6.338283845606022e-09,-0.000111782648876146,0.0,0.0,-0.022792618409997755,-97.03587516069791,0.0,0.0,0.0,125.275084584951,125.275084584951
843,0.421512871980667,6.035714622470669e-07,-227.94478861785464,-0.00010217372557536964,-227.65606550424766,-0.03665704776706827,-525.1713957113967,-6.618387837720046e-11,0.004753937503110619,-3.4869211411838103e-09,-0.00010247562315919188,-0.022821262363222763,-97.1409444371283,0.0431805466232502,623.720665683859,-0.03665704776706827,-525.1713957113967,0.0,0.0,-3.4869211411838103e-09,-0.00010247562315919188,0.0,0.0,-0.022821262363222763,-97.1409444371283,0.0,0.0,0.0,125.269584625959,125.269584625959
844,0.422013521194458,6.016958069623957e-07,-228.20501798510506,-0.00010243145366381709,-227.91520131178555,-0.0367006971252654,-525.7979640867514,-3.126387908312206e-11,0.0047468182469316,-6.720975128891984e-10,-8.402179204631958e-05,-0.022849905680226105,-97.24600626426046,0.0432327405057837,624.454284969872,-0.0367006971252654,-525.7979640867514,0.0,0.0,-6.720975128891984e-10,-8.402179204631958e-05,0.0,0.0,-0.022849905680226105,-97.24600626426046,0.0,0.0,0.0,125.26408457756,125.26408457756
845,0.422513544559479,5.997786027525943e-07,-228.4649269547317,-0.00010268921057861637,-228.17400838379982,-0.03674429258100326,-526.4237399397572,-9.445083111339172e-11,0.004747678831087138,-4.216325958533536e-09,-9.815746299465572e-05,-0.022878516712125867,-97.35088962953239,0.0432848716026641,625.186972558397,-0.03674429258100326,-526.4237399397572,0.0,0.0,-4.216325958533536e-09,-9.815746299465572e-05,0.0,0.0,-0.022878516712125867,-97.35088962953239,0.0,0.0,0.0,125.258590877056,125.258590877056
846,0.423013925552368,5.977984241006329e-07,-228.7250338615972,-0.00010294767356782469,-228.43302101671287,-0.03678792052878021,-527.0500003387061,-5.780828747670029e-11,0.004757038294330773,-3.394715574689233e-09,-0.00010557194184984556,-0.022907161753951338,-97.45583285643382,0.0433370482962835,625.920225302892,-0.03678792052878021,-527.0500003387061,0.0,0.0,-3.394715574689233e-09,-0.00010557194184984556,0.0,0.0,-0.022907161753951338,-97.45583285643382,0.0,0.0,0.0,125.253094226122,125.253094226122
847,0.423514246940613,5.958683365902079e-07,-228.98506742781458,-0.00010320647972628776,-228.6919494965856,-0.03683154278418037,-527.6761886552403,-5.919239813772116e-11,0.004751667633372467,-2.8611479721695637e-09,-9.82508576861411e-05,-0.022935808140380206,-97.56076390441949,0.0433892209062085,626.653358420261,-0.03683154278418037,-527.6761886552403,0.0,0.0,-2.8611479721695637e-09,-9.82508576861411e-05,0.0,0.0,-0.022935808140380206,-97.56076390441949,0.0,0.0,0.0,125.247597634792,125.247597634792
848,0.424014657735825,5.9395861930812e-07,-229.24508451865444,-0.0001034653650503283,-228.95087068908674,-0.036875172471463616,-528.3024599621252,-4.987798412294769e-11,0.004741006524732121,-9.569063187806674e-10,-8.009497435951349e-05,-0.02296444507808125,-97.66563056418319,0.0434413948668658,627.386543195877,-0.036875172471463616,-528.3024599621252,0.0,0.0,-9.569063187806674e-10,-8.009497435951349e-05,0.0,0.0,-0.02296444507808125,-97.66563056418319,0.0,0.0,0.0,125.242100536823,125.242100536823
849,0.424515277147293,5.919873296155027e-07,-229.50523338953062,-0.00010372502489494675,-229.20990473992333,-0.03691881899907349,-528.9289942519315,-1.1520058801136611e-10,0.004750610661006422,-5.9414936210766135e-09,-0.00011053320995518953,-0.022993113739125506,-97.77054712049463,0.0434935999307713,628.120047006342,-0.03691881899907349,-528.9289942519315,0.0,0.0,-5.9414936210766135e-09,-0.00011053320995518953,0.0,0.0,-0.022993113739125506,-97.77054712049463,0.0,0.0,0.0,125.23660120368,125.23660120368
850,0.425000220537186,5.900575603090227e-07,-229.75722076862252,-0.00010397690454831953,-229.46081122609576,-0.0369610990106572,-529.5359197467415,-1.5801497018245037e-12,0.00475963119595731,-3.956834264503184e-10,-9.568339655738952e-05,-0.02302088902478937,-97.87214684446397,0.0435441727802024,628.830574826395,-0.0369610990106572,-529.5359197467415,0.0,0.0,-3.956834264503184e-10,-9.568339655738952e-05,0.0,0.0,-0.02302088902478937,-97.87214684446397,0.0,0.0,0.0,125.231274813414,125.231274813414
851,0.425500780344009,5.881344168897516e-07,-230.0172698147206,-0.00010423709531454032,-229.71975446631944,-0.03700474298270156,-530.1624576202207,-3.619029492228951e-11,0.004747108314462144,-9.999258992026742e-10,-8.687065124721627e-05,-0.023049556128230272,-97.97700380422675,0.0435963749254704,629.564003713675,-0.03700474298270156,-530.1624576202207,0.0,0.0,-9.999258992026742e-10,-8.687065124721627e-05,0.0,0.0,-0.023049556128230272,-97.97700380422675,0.0,0.0,0.0,125.225776344538,125.225776344538
852,0.426001161336899,5.861692037812927e-07,-230.27720996431785,-0.00010449746037151004,-229.97857596152508,-0.03704836977301478,-530.788726754839,-1.1803698294712575e-10,0.004738762789185599,-4.706062522451089e-09,-9.280844336568769e-05,-0.023078209619811135,-98.08175079209863,0.0436485553272593,630.297105452002,-0.03704836977301478,-530.788726754839,0.0,0.0,-4.706062522451089e-09,-9.280844336568769e-05,0.0,0.0,-0.023078209619811135,-98.08175079209863,0.0,0.0,0.0,125.220280587673,125.220280587673
853,0.426501333713531,5.84171054754497e-07,-230.5370626537703,-0.00010475851521803003,-230.23730786647315,-0.03709197932452942,-531.414736494401,-1.1615753037922188e-10,0.004758504590162239,-6.890338114452137e-09,-0.00012229301580205887,-0.023106878610517197,-98.18649511536825,0.0437007293305307,631.029924171383,-0.03709197932452942,-531.414736494401,0.0,0.0,-6.890338114452137e-09,-0.00012229301580205887,0.0,0.0,-0.023106878610517197,-98.18649511536825,0.0,0.0,0.0,125.214786499739,125.214786499739
854,0.427001506090164,5.821868918078445e-07,-230.79685033529518,-0.00010501957917014892,-230.49597899750992,-0.0371355886863261,-532.04075915661,5.567493322354509e-11,0.004757829770016531,3.104445128904808e-09,-8.03281059649309e-05,-0.023135531327820664,-98.29114692257365,0.0437528946054032,631.76269393551,-0.0371355886863261,-532.04075915661,0.0,0.0,3.104445128904808e-09,-8.03281059649309e-05,0.0,0.0,-0.023135531327820664,-98.29114692257365,0.0,0.0,0.0,125.209293335676,125.209293335676
855,0.427501678466797,5.802361943742539e-07,-231.05662753474155,-0.00010528102825202822,-230.7546264072993,-0.03717919935976558,-532.6668071977166,-9.525599213828097e-11,0.00473820411230752,-3.4047257458649514e-09,-8.85191430183617e-05,-0.023164190562640664,-98.39579948464342,0.0438050644776049,632.495473189327,-0.03717919935976558,-532.6668071977166,0.0,0.0,-3.4047257458649514e-09,-8.85191430183617e-05,0.0,0.0,-0.023164190562640664,-98.39579948464342,0.0,0.0,0.0,125.203800499439,125.203800499439
856,0.428001821041107,5.782289134834571e-07,-231.3163734867375,-0.00010554302723554,-231.01324287450942,-0.03722280566170316,-533.2927984048299,-1.8745537991634907e-10,0.004745132681590786,-9.214323660591916e-09,-0.0001173676460059878,-0.023192859999195157,-98.50041993366429,0.0438572360726964,633.228177363062,-0.03722280566170316,-533.2927984048299,0.0,0.0,-9.214323660591916e-09,-0.0001173676460059878,0.0,0.0,-0.023192859999195157,-98.50041993366429,0.0,0.0,0.0,125.198307722807,125.198307722807
857,0.428501904010773,5.76210509141386e-07,-231.57606644870145,-0.00010580532277099988,-231.27181398434593,-0.03726640594803897,-533.9187211062728,2.278392374825137e-11,0.004764626078120889,3.861490663900971e-10,-9.952019980457043e-05,-0.02322152781716654,-98.60498675116843,0.0439094017443397,633.960780078808,-0.03726640594803897,-533.9187211062728,0.0,0.0,3.861490663900971e-10,-9.952019980457043e-05,0.0,0.0,-0.02322152781716654,-98.60498675116843,0.0,0.0,0.0,125.192815721035,125.192815721035
858,0.429002106189728,5.742349655309473e-07,-231.83577951414316,-0.00010606789608207466,-231.53039208573153,-0.0373100187594361,-534.5448127419045,2.814271165029909e-11,0.004750229312838666,2.3359195749879072e-09,-7.655682934442536e-05,-0.02325019800082775,-98.70954279862777,0.043961579335091,634.693533773321,-0.0373100187594361,-534.5448127419045,0.0,0.0,2.3359195749879072e-09,-7.655682934442536e-05,0.0,0.0,-0.02325019800082775,-98.70954279862777,0.0,0.0,0.0,125.187322795391,125.187322795391
859,0.429502308368683,5.722336537422232e-07,-232.09548280700767,-0.00010633099411928874,-231.78895306652177,-0.03735362925170301,-535.1708766645312,-2.2851227929825998e-10,0.00473255307932164,-1.0211888073564232e-08,-0.00011005070464096536,-0.02327888049862195,-98.81409246786566,0.0440137615087676,635.426253805768,-0.03735362925170301,-535.1708766645312,0.0,0.0,-1.0211888073564232e-08,-0.00011005070464096536,0.0,0.0,-0.02327888049862195,-98.81409246786566,0.0,0.0,0.0,125.181830435991,125.181830435991
860,0.43000254034996,5.701963603734517e-07,-232.35520218733018,-0.00010659445921662016,-232.04753632216978,-0.03739724573077291,-535.7970340038771,-8.730438576899e-11,0.0047568286284663044,-4.882722903021351e-09,-0.00011223819332275501,-0.023307568500862692,-98.91860383813092,0.0440659517130188,636.159061046827,-0.03739724573077291,-535.7970340038771,0.0,0.0,-4.882722903021351e-09,-0.00011223819332275501,0.0,0.0,-0.023307568500862692,-98.91860383813092,0.0,0.0,0.0,125.176337271929,125.176337271929
861,0.430502831935883,5.681774107466206e-07,-232.61491144981474,-0.00010685822540261638,-232.30609688732574,-0.03744086460438379,-536.4232329120808,1.3095788926359382e-10,0.0047665036396566315,6.47442747301194e-09,-7.564103717577059e-05,-0.023336257726120566,-99.02309183125728,0.0441181446344577,636.89188817744,-0.03744086460438379,-536.4232329120808,0.0,0.0,6.47442747301194e-09,-7.564103717577059e-05,0.0,0.0,-0.023336257726120566,-99.02309183125728,0.0,0.0,0.0,125.170843839645,125.170843839645
862,0.431003034114838,5.661852861857809e-07,-232.87453968208055,-0.00010712245894653675,-232.5645818282296,-0.03748447651156653,-537.0493478899008,-1.9120139148933012e-10,0.004736202040376451,-8.5780466517766e-09,-0.00010786787606002757,-0.02336495464725564,-99.12757975274292,0.0441703357532671,637.624587913709,-0.03748447651156653,-537.0493478899008,0.0,0.0,-8.5780466517766e-09,-0.00010786787606002757,0.0,0.0,-0.02336495464725564,-99.12757975274292,0.0,0.0,0.0,125.165351837873,125.165351837873
863,0.431503444910049,5.641327245246383e-07,-233.13430138716961,-0.0001073869430521216,-232.82319134384116,-0.03752811103598514,-537.6757658648031,-1.4985245758619397e-10,0.004739376903253989,-6.362911863275105e-09,-9.97227658569948e-05,-0.023393656721219486,-99.23201989017531,0.0442225488296786,638.357630097011,-0.03752811103598514,-537.6757658648031,0.0,0.0,-6.362911863275105e-09,-9.97227658569948e-05,0.0,0.0,-0.023393656721219486,-99.23201989017531,0.0,0.0,0.0,125.159857392311,125.159857392311
864,0.432003319263458,5.62089182544714e-07,-233.3937295603843,-0.00010765173999264915,-233.08147254899382,-0.03757169275029949,-538.3014503298615,1.7832211131280176e-11,0.004767225773417726,-1.0791011230080056e-10,-0.00010394292574214146,-0.02342234313485847,-99.33636436396229,0.0442747088444749,639.089798525006,-0.03757169275029949,-538.3014503298615,0.0,0.0,-1.0791011230080056e-10,-0.00010394292574214146,0.0,0.0,-0.02342234313485847,-99.33636436396229,0.0,0.0,0.0,125.154369324446,125.154369324446
865,0.432503461837769,5.600706199601666e-07,-233.65327356185358,-0.00010791687645818163,-233.3398669804876,-0.03761530099734865,-538.9275179736727,5.045039052354272e-11,0.004756779408725327,2.7676028024838856e-09,-8.20749908350116e-05,-0.023451041720277073,-99.44072990135354,0.0443268978528074,639.822377057768,-0.03761530099734865,-538.9275179736727,0.0,0.0,2.7676028024838856e-09,-8.20749908350116e-05,0.0,0.0,-0.023451041720277073,-99.44072990135354,0.0,0.0,0.0,125.14887842536,125.14887842536
866,0.433003813028336,5.58035405057252e-07,-233.9129092721138,-0.00010818252826746231,-233.59834034779405,-0.037658925732462975,-539.5538395617281,-2.6429454637127314e-10,0.004728621753312508,-1.1730629092022366e-08,-0.00011201435250407456,-0.023479757000442917,-99.54510910454297,0.0443791097239903,640.555234380454,-0.037658925732462975,-539.5538395617281,0.0,0.0,-1.1730629092022366e-08,-0.00011201435250407456,0.0,0.0,-0.023479757000442917,-99.54510910454297,0.0,0.0,0.0,125.143385142088,125.143385142088
867,0.433504045009613,5.559562886461829e-07,-234.1724802073129,-0.00010844842195491296,-233.85674924688936,-0.03770254025135398,-540.1799953226308,-7.16913537559846e-11,0.004750262446444654,-3.522759439969371e-09,-0.0001018037299062018,-0.02350846689891152,-99.64940547953958,0.0444313101169829,641.287892476168,-0.03770254025135398,-540.1799953226308,0.0,0.0,-3.522759439969371e-09,-0.0001018037299062018,0.0,0.0,-0.02350846689891152,-99.64940547953958,0.0,0.0,0.0,125.137893497944,125.137893497944
868,0.434003919363022,5.539145724268402e-07,-234.4318312879176,-0.00010871464175630914,-234.1149349106354,-0.037746125708984224,-540.8057436151792,1.2108092249925893e-10,0.0047709221841198725,5.315514225744369e-09,-8.668181144918347e-05,-0.02353716843841182,-99.75365332754049,0.0444834814657845,642.020038605763,-0.037746125708984224,-540.8057436151792,0.0,0.0,5.315514225744369e-09,-8.668181144918347e-05,0.0,0.0,-0.02353716843841182,-99.75365332754049,0.0,0.0,0.0,125.132405787706,125.132405787706
869,0.434503883123398,5.518772405969967e-07,-234.69120641179583,-0.00010898114018887884,-234.3731540066904,-0.03778971989076855,-541.4315998154688,-1.4297584470641773e-10,0.004741352564081206,-6.37940148390122e-09,-0.00010273457822674453,-0.023565872991322245,-99.85787350429105,0.04453566185047,642.752292791007,-0.03778971989076855,-541.4315998154688,0.0,0.0,-6.37940148390122e-09,-0.00010273457822674453,0.0,0.0,-0.023565872991322245,-99.85787350429105,0.0,0.0,0.0,125.126917600632,125.126917600632
870,0.435004413127899,5.497987200823531e-07,-234.95086695286153,-0.00010924827654620877,-234.63163080545598,-0.03783336177926935,-542.0581864131707,-2.357330246149765e-10,0.004731244838014275,-1.0430811884733112e-08,-0.00010958163127207615,-0.023594611111407166,-99.9621576654719,0.0445879005169332,643.48537085267,-0.03783336177926935,-542.0581864131707,0.0,0.0,-1.0430811884733112e-08,-0.00010958163127207615,0.0,0.0,-0.023594611111407166,-99.9621576654719,0.0,0.0,0.0,125.12142303586,125.12142303586
871,0.435504555702209,5.477108981401486e-07,-235.21031402010962,-0.00010951568613467268,-234.88990420042867,-0.0378769685248236,-542.6842744476619,7.136994024840986e-11,0.00476534425165856,3.1130552845213817e-09,-9.030230532359085e-05,-0.023623337313310604,-100.06635154002512,0.0446401030961448,644.217863290641,-0.0378769685248236,-542.6842744476619,0.0,0.0,3.1130552845213817e-09,-9.030230532359085e-05,0.0,0.0,-0.023623337313310604,-100.06635154002512,0.0,0.0,0.0,125.11593323946,125.11593323946
872,0.436004787683487,5.456619580024832e-07,-235.46974337479932,-0.00010978344549271527,-235.14816719286242,-0.03792058482166007,-543.3104870462698,6.573152461145632e-11,0.004761388300476205,3.0877726972187868e-09,-8.680677691213525e-05,-0.02365206998444308,-100.17055082399646,0.0446923172420984,644.950451731505,-0.03792058482166007,-543.3104870462698,0.0,0.0,3.0877726972187868e-09,-8.680677691213525e-05,0.0,0.0,-0.02365206998444308,-100.17055082399646,0.0,0.0,0.0,125.110442638397,125.110442638397
873,0.436504900455475,5.435989805141739e-07,-235.72911788150267,-0.00011005154267653551,-235.40636303269633,-0.03796418966740389,-543.9365493985308,-3.294882058143147e-10,0.004729120002610929,-1.5456486026556196e-08,-0.00012863764135163719,-0.023680801204061654,-100.27469644655358,0.0447445209428673,645.682861252243,-0.03796418966740389,-543.9365493985308,0.0,0.0,-1.5456486026556196e-08,-0.00012863764135163719,0.0,0.0,-0.023680801204061654,-100.27469644655358,0.0,0.0,0.0,125.104953229427,125.104953229427
874,0.437004774808884,5.414793499879737e-07,-235.9883626185563,-0.0001103197130292354,-235.66441544795876,-0.0380077742429361,-544.5623134314948,-2.8349680096306604e-11,0.00474329880469606,-1.2820247128344524e-10,-8.09664948808632e-05,-0.02370951255881247,-100.37869893648539,0.0447966969698745,646.414898058796,-0.0380077742429361,-544.5623134314948,0.0,0.0,-1.2820247128344524e-10,-8.09664948808632e-05,0.0,0.0,-0.02370951255881247,-100.37869893648539,0.0,0.0,0.0,125.099467426538,125.099467426538
875,0.437504827976227,5.39402700075832e-07,-236.24766570156558,-0.00011058864914622287,-235.92254348943288,-0.038051376048341724,-545.1883376437404,1.2639190240313318e-10,0.004772086580669931,5.313265913915011e-09,-8.909064711128004e-05,-0.02373825577010948,-100.48280182876036,0.0448489045163843,647.147219004181,-0.038051376048341724,-545.1883376437404,0.0,0.0,5.313265913915011e-09,-8.909064711128004e-05,0.0,0.0,-0.02373825577010948,-100.48280182876036,0.0,0.0,0.0,125.093979001045,125.093979001045
876,0.438004672527313,5.373366686480538e-07,-236.5068276994648,-0.00011085771033694274,-236.18052230191225,-0.038094959683792055,-545.8141063464669,-1.9135016913642954e-10,0.004745992057194039,-9.353192466437644e-09,-0.00012009434082439394,-0.023766982995405413,-100.58680920033616,0.0449010882243893,647.879204449182,-0.038094959683792055,-545.8141063464669,0.0,0.0,-9.353192466437644e-09,-0.00012009434082439394,0.0,0.0,-0.023766982995405413,-100.58680920033616,0.0,0.0,0.0,125.088492959738,125.088492959738
877,0.438504785299301,5.35229556075488e-07,-236.7661171308895,-0.00011112714839435947,-236.43861440820322,-0.03813856435978176,-546.4401710364714,-2.0903242350417414e-10,0.004730953417341567,-8.806734776800253e-09,-0.00010246792563660585,-0.023795720525676658,-100.69079080096981,0.0449532952773318,648.611523565065,-0.03813856435978176,-546.4401710364714,0.0,0.0,-8.806734776800253e-09,-0.00010246792563660585,0.0,0.0,-0.023795720525676658,-100.69079080096981,0.0,0.0,0.0,125.083004236221,125.083004236221
878,0.439004719257355,5.330972683796822e-07,-237.02530565272752,-0.00011139700209629097,-236.69660938240662,-0.0381821544672822,-547.066028960195,1.1978930746659982e-10,0.004759489079832799,6.353281939063809e-09,-7.07088080715778e-05,-0.023824458931398562,-100.79471976262248,0.0450054904729812,649.343588564526,-0.0381821544672822,-547.066028960195,0.0,0.0,6.353281939063809e-09,-7.07088080715778e-05,0.0,0.0,-0.023824458931398562,-100.79471976262248,0.0,0.0,0.0,125.077518165112,125.077518165112
879,0.439504742622375,5.310235681228973e-07,-237.28449583812875,-0.00011166751129057967,-236.95460182246265,-0.038225752728602576,-547.6920259257993,-6.470514580828746e-11,0.004764151112501419,-4.529548201035385e-09,-0.00012225579811923047,-0.02385322019450248,-100.89872288423224,0.0450577047266144,650.075782393933,-0.038225752728602576,-547.6920259257993,0.0,0.0,-4.529548201035385e-09,-0.00012225579811923047,0.0,0.0,-0.02385322019450248,-100.89872288423224,0.0,0.0,0.0,125.072031289339,125.072031289339
880,0.440004497766495,5.289262716034923e-07,-237.5435435456262,-0.00011193780829834552,-237.21244922341864,-0.038269330300943705,-548.3177225441323,-1.9752957392175654e-10,0.004735644969507017,-8.635418248783058e-09,-0.00010647812310580075,-0.023881946561413462,-101.00254727515457,0.0451098829925073,650.807591059967,-0.038269330300943705,-548.3177225441323,0.0,0.0,-8.635418248783058e-09,-0.00010647812310580075,0.0,0.0,-0.023881946561413462,-101.00254727515457,0.0,0.0,0.0,125.066546916962,125.066546916962
881,0.440504103899002,5.267818555173455e-07,-237.8024970269206,-0.00011220857243716595,-237.47019962963023,-0.03831289217367511,-548.943195568088,-7.14329096027349e-11,0.00473629694080923,-1.988703068693459e-09,-8.238718899434248e-05,-0.02391067635345539,-101.10631545041187,0.0451620497921936,651.539133369038,-0.03831289217367511,-548.943195568088,0.0,0.0,-1.988703068693459e-09,-8.238718899434248e-05,0.0,0.0,-0.02391067635345539,-101.10631545041187,0.0,0.0,0.0,125.061064839363,125.061064839363
882,0.441003650426865,5.246609882008506e-07,-238.0613824447061,-0.00011247987879519343,-237.72788567020115,-0.0383564471943462,-549.5685821765078,5.848492814383796e-11,0.004768457961501674,2.1508117848778084e-09,-9.819218592898899e-05,-0.023939417605136435,-101.2100972751677,0.0452142168863311,652.270557181146,-0.0383564471943462,-549.5685821765078,0.0,0.0,2.1508117848778084e-09,-9.819218592898899e-05,0.0,0.0,-0.023939417605136435,-101.2100972751677,0.0,0.0,0.0,125.055583655834,125.055583655834
883,0.441503316164017,5.22571750975224e-07,-238.32030558583122,-0.00011275143108523017,-237.98560059753532,-0.03840001565214968,-550.1941763307949,-1.1717906740671102e-10,0.004753357683654792,-5.9070551620226746e-09,-0.00011518969604199642,-0.023968161169027623,-101.3138679712525,0.0452663966432955,653.002178924787,-0.03840001565214968,-550.1941763307949,0.0,0.0,-5.9070551620226746e-09,-0.00011518969604199642,0.0,0.0,-0.023968161169027623,-101.3138679712525,0.0,0.0,0.0,125.050101459026,125.050101459026
884,0.44200274348259,5.204422204504085e-07,-238.5791023881195,-0.00011302305388389998,-238.24318904191887,-0.03844356365849373,-550.8194688927356,-2.0107060737491962e-10,0.0047305085724614095,-8.495924015511332e-09,-0.00010149671422859442,-0.02399688665692479,-101.41751131082673,0.0453185495186198,653.73343509058,-0.03844356365849373,-550.8194688927356,0.0,0.0,-8.495924015511332e-09,-0.00010149671422859442,0.0,0.0,-0.02399688665692479,-101.41751131082673,0.0,0.0,0.0,125.044621497393,125.044621497393
885,0.442502975463867,5.182725564308509e-07,-238.8383042295687,-0.00011329570194539,-238.5011679297046,-0.03848717874824161,-551.4457310087314,4.463230085591189e-11,0.004750814928876773,3.2274770653857186e-09,-7.457631949841213e-05,-0.024025671920343966,-101.52130512603435,0.045370790993852,654.465822129706,-0.03848717874824161,-551.4457310087314,0.0,0.0,3.2274770653857186e-09,-7.457631949841213e-05,0.0,0.0,-0.024025671920343966,-101.52130512603435,0.0,0.0,0.0,125.039133042097,125.039133042097
886,0.443002998828888,5.1615965436516e-07,-239.0973430158159,-0.00011356878335376234,-238.75899307656366,-0.038530776085422554,-552.0717341910524,-3.2712132732377493e-11,0.004767758068999369,-2.890663051364625e-09,-0.00011945858911529552,-0.024054459117923366,-101.62510142869617,0.0454230184745113,655.197876345774,-0.038530776085422554,-552.0717341910524,0.0,0.0,-2.890663051364625e-09,-0.00011945858911529552,0.0,0.0,-0.024054459117923366,-101.62510142869617,0.0,0.0,0.0,125.033647358418,125.033647358418
887,0.443502873182297,5.140458021394983e-07,-239.35629349759486,-0.00011384165942221698,-239.01672781120038,-0.03857436467000262,-552.6976246424681,-1.561047601738858e-10,0.004741026781753439,-6.986390290520091e-09,-0.00010689154823035403,-0.02408321803600697,-101.72875729285114,0.0454752235932041,655.929749118565,-0.03857436467000262,-552.6976246424681,0.0,0.0,-6.986390290520091e-09,-0.00010689154823035403,0.0,0.0,-0.02408321803600697,-101.72875729285114,0.0,0.0,0.0,125.028163313866,125.028163313866
888,0.444002717733383,5.11873658512915e-07,-239.61524480067993,-0.00011411511882976578,-239.2744475244871,-0.038617948436395426,-553.3234747669903,-1.3005942299821267e-10,0.004734633302595544,-4.894137374344052e-09,-9.076763637121013e-05,-0.024111990351986856,-101.8323858026862,0.0455274317603441,656.661578994802,-0.038617948436395426,-553.3234747669903,0.0,0.0,-4.894137374344052e-09,-9.076763637121013e-05,0.0,0.0,-0.024111990351986856,-101.8323858026862,0.0,0.0,0.0,125.02267986536,125.02267986536
889,0.444502800703049,5.09703554275563e-07,-239.87428302412414,-0.00011438928922191345,-239.53226267727098,-0.0386615526919168,-553.9495911384956,8.6115147311985e-11,0.004760509740766545,4.2088010800305855e-09,-8.213750611470421e-05,-0.024140790529682876,-101.9360746421956,0.0455796721040991,657.393709567003,-0.0386615526919168,-553.9495911384956,0.0,0.0,4.2088010800305855e-09,-8.213750611470421e-05,0.0,0.0,-0.024140790529682876,-101.9360746421956,0.0,0.0,0.0,125.017193853855,125.017193853855
890,0.445002764463425,5.075970302550551e-07,-240.13320006857,-0.00011466365452402687,-239.78995015626853,-0.03870514496396125,-554.5755438743191,-1.4098453412593614e-10,0.004761560361392053,-8.281104683379035e-09,-0.000134412026289078,-0.024169581469698834,-102.03972716384318,0.045631897430559,658.125606382989,-0.03870514496396125,-554.5755438743191,0.0,0.0,-8.281104683379035e-09,-0.000134412026289078,0.0,0.0,-0.024169581469698834,-102.03972716384318,0.0,0.0,0.0,125.011709779501,125.011709779501
891,0.445502460002899,5.054383217231735e-07,-240.39199844623477,-0.00011493782205135475,-240.04749954290094,-0.038748717659593736,-555.201233944181,-1.3309677424263766e-10,0.004732005590758967,-4.7431231128751616e-09,-8.782441412186171e-05,-0.02419834019529978,-102.14319317042363,0.0456840891277127,658.857159830843,-0.038748717659593736,-555.201233944181,0.0,0.0,-4.7431231128751616e-09,-8.782441412186171e-05,0.0,0.0,-0.02419834019529978,-102.14319317042363,0.0,0.0,0.0,125.006227910519,125.006227910519
892,0.446002513170242,5.032436790464765e-07,-240.6509600402969,-0.00011521313603304793,-240.30523398139098,-0.03879231895093,-555.8273321093297,-2.642389017573882e-11,0.0047434979977702095,-3.298392402763028e-10,-8.294646006019315e-05,-0.024227152824468832,-102.2467890630788,0.0457363336734682,659.589204780642,-0.03879231895093,-555.8273321093297,0.0,0.0,-3.298392402763028e-10,-8.294646006019315e-05,0.0,0.0,-0.024227152824468832,-102.2467890630788,0.0,0.0,0.0,125.000743299723,125.000743299723
893,0.446502476930618,5.01087882400309e-07,-240.90983999186145,-0.00011548871934723587,-240.56287726674535,-0.03883591217463808,-556.4533180121994,-3.9160652049829966e-11,0.004764695945247362,-2.9649273766752872e-09,-0.00011733191812626461,-0.024255961328110465,-102.35035421297387,0.0457885692316585,660.321087866186,-0.03883591217463808,-556.4533180121994,0.0,0.0,-2.9649273766752872e-09,-0.00011733191812626461,0.0,0.0,-0.024255961328110465,-102.35035421297387,0.0,0.0,0.0,124.995259225368,124.995259225368
894,0.447002321481705,4.989583785588664e-07,-241.1686120543942,-0.00011576413763413957,-240.82040806218296,-0.03887949594311526,-557.0791679912461,-8.975383401410395e-11,0.004750872954807098,-4.434301526344293e-09,-0.00010700591381408373,-0.024284742356772533,-102.45379570105452,0.045840782254561,661.052757399463,-0.03887949594311526,-557.0791679912461,0.0,0.0,-4.434301526344293e-09,-0.00010700591381408373,0.0,0.0,-0.024284742356772533,-102.45379570105452,0.0,0.0,0.0,124.989777177572,124.989777177572
895,0.44750189781189,4.967641902469119e-07,-241.42728637643143,-0.0001160400985202699,-241.07783590072893,-0.03892305904225455,-557.7047433158915,-1.418061170541828e-10,0.004731228969708897,-5.022715702580243e-09,-8.743326813077663e-05,-0.024313529893680397,-102.55718028542309,0.0458929812351408,661.784113995795,-0.03892305904225455,-557.7047433158915,0.0,0.0,-5.022715702580243e-09,-8.743326813077663e-05,0.0,0.0,-0.024313529893680397,-102.55718028542309,0.0,0.0,0.0,124.984297424555,124.984297424555
896,0.448001593351364,4.945627835429431e-07,-241.6859880903491,-0.00011631678441313541,-241.3352931196745,-0.038966630276598524,-558.3304304419,-2.5844078550202157e-11,0.004753082347304732,-1.0255034014795838e-09,-9.667212645450758e-05,-0.02434234116615692,-102.66060190110409,0.0459451997318722,662.515591746415,-0.038966630276598524,-558.3304304419,0.0,0.0,-1.0255034014795838e-09,-9.667212645450758e-05,0.0,0.0,-0.02434234116615692,-102.66060190110409,0.0,0.0,0.0,124.978817075491,124.978817075491
897,0.448501646518707,4.924182779035086e-07,-241.94481316956492,-0.00011659358373131017,-241.59285844170537,-0.03901023168435147,-558.9565476161991,-2.4818910387269654e-11,0.004765738555292644,-2.4034704617424975e-09,-0.00011630758936030043,-0.02437115272191244,-102.7640210825744,0.045997444009073,663.247516425426,-0.03901023168435147,-558.9565476161991,0.0,0.0,-2.4034704617424975e-09,-0.00011630758936030043,0.0,0.0,-0.02437115272191244,-102.7640210825744,0.0,0.0,0.0,124.973332941532,124.973332941532
898,0.449001461267471,4.902497554758872e-07,-242.20350713587845,-0.00011687064509519368,-241.8502985226272,-0.03905381256516038,-559.5823851462573,-1.2957012424106265e-10,0.00473712249090082,-5.201559822456509e-09,-9.601837479794552e-05,-0.024399955961996074,-102.86735502327143,0.0460496665113884,663.979099281228,-0.03905381256516038,-559.5823851462573,0.0,0.0,-5.201559822456509e-09,-9.601837479794552e-05,0.0,0.0,-0.024399955961996074,-102.86735502327143,0.0,0.0,0.0,124.967851430178,124.967851430178
899,0.449501127004623,4.880292217905752e-07,-242.46213658496552,-0.0001171483758512114,-242.107666719529,-0.03909738077812625,-560.2080582539446,-1.434107336184203e-10,0.004737361786772972,-5.770537385889755e-09,-9.763252368157418e-05,-0.024428774022206074,-102.9706654514991,0.0461018861644291,664.710490710319,-0.03909738077812625,-560.2080582539446,0.0,0.0,-5.770537385889755e-09,-9.763252368157418e-05,0.0,0.0,-0.024428774022206074,-102.9706654514991,0.0,0.0,0.0,124.9623721838,124.9623721838
900,0.450001209974289,4.858308393815976e-07,-242.72095468826558,-0.00011742649789667823,-242.36522758738474,-0.03914098740335633,-560.8342870670206,5.442315497536573e-11,0.004762989295613185,2.472772562044363e-09,-9.320266142665739e-05,-0.024457609875957905,-103.07401542060394,0.0461541478631412,665.442496100048,-0.03914098740335633,-560.8342870670206,0.0,0.0,2.472772562044363e-09,-9.320266142665739e-05,0.0,0.0,-0.024457609875957905,-103.07401542060394,0.0,0.0,0.0,124.956887930632,124.956887930632
901,0.450501263141632,4.836856611433145e-07,-242.9796822241409,-0.00011770484599590028,-242.62269077223036,-0.03918458943814208,-561.4604224584946,-1.0519213360160178e-10,0.004758030902339505,-5.8103681878913186e-09,-0.00012203574758898306,-0.024486439760622477,-103.17733529203676,0.0462064025460878,666.174349985942,-0.03918458943814208,-561.4604224584946,0.0,0.0,-5.8103681878913186e-09,-0.00012203574758898306,0.0,0.0,-0.024486439760622477,-103.17733529203676,0.0,0.0,0.0,124.95140466094,124.95140466094
902,0.451000988483429,4.814716649190848e-07,-243.2382779847948,-0.00011798348271175964,-242.88001191305077,-0.03922816471125842,-562.0861984874072,-1.433157077340723e-10,0.004729997019698708,-5.260432094275416e-09,-8.796476485148678e-05,-0.024515260353395567,-103.28053856210612,0.0462586296505033,666.905783647118,-0.03922816471125842,-562.0861984874072,0.0,0.0,-5.260432094275416e-09,-8.796476485148678e-05,0.0,0.0,-0.024515260353395567,-103.28053856210612,0.0,0.0,0.0,124.945925146341,124.945925146341
903,0.451500743627548,4.792409103788686e-07,-243.4968714776433,-0.00011826275953608888,-243.13734327626867,-0.03927174094400436,-562.7120059623812,-8.33165560056975e-11,0.00474555457964922,-3.570437526894802e-09,-9.992501808510715e-05,-0.024544100030144775,-103.38375543733422,0.0463108677242472,667.637249320247,-0.03927174094400436,-562.7120059623812,0.0,0.0,-3.570437526894802e-09,-9.992501808510715e-05,0.0,0.0,-0.024544100030144775,-103.38375543733422,0.0,0.0,0.0,124.940445244312,124.940445244312
904,0.452000498771667,4.770614376768501e-07,-243.7554125048907,-0.00011854201636218562,-243.39459578087602,-0.03931531676750854,-563.3378159235949,5.8013319727204305e-11,0.004769668444775721,2.0679678909671716e-09,-0.00010202737987142357,-0.024572922826883684,-103.48690821648144,0.0463630965448033,668.368659816795,-0.03931531676750854,-563.3378159235949,0.0,0.0,2.0679678909671716e-09,-0.00010202737987142357,0.0,0.0,-0.024572922826883684,-103.48690821648144,0.0,0.0,0.0,124.934965997934,124.934965997934
905,0.452500075101852,4.7488582874055566e-07,-244.0138364872974,-0.00011882164561210653,-243.65175452681663,-0.03935887986565502,-563.9634110165348,-1.7206131484565977e-10,0.004743326492596338,-7.827831236891827e-09,-0.00011415826330674604,-0.024601746214193074,-103.590026954762,0.0464153149281104,669.099807617407,-0.03935887986565502,-563.9634110165348,0.0,0.0,-7.827831236891827e-09,-0.00011415826330674604,0.0,0.0,-0.024601746214193074,-103.590026954762,0.0,0.0,0.0,124.929488241673,124.929488241673
906,0.453015238046646,4.725725804891054e-07,-244.2803472044787,-0.00011911050161235048,-243.91694162900896,-0.039403800346839365,-564.608534399897,-1.4660537982200549e-10,0.004731739607803282,-5.504594506594026e-09,-9.003402899747934e-05,-0.024631478696661033,-103.6963084545871,0.0464691662513176,669.853778052118,-0.039403800346839365,-564.608534399897,0.0,0.0,-5.504594506594026e-09,-9.003402899747934e-05,0.0,0.0,-0.024631478696661033,-103.6963084545871,0.0,0.0,0.0,124.923840284348,124.923840284348
907,0.453514784574509,4.703498970948585e-07,-244.5387367711081,-0.00011939100785875063,-244.1740499042886,-0.039447357266646194,-565.2340810658217,1.2062627717443064e-11,0.00476107343285502,3.6395423577747834e-10,-9.907585784890195e-05,-0.024660314661741702,-103.79936039227867,0.0465213861462932,670.584844793796,-0.039447357266646194,-565.2340810658217,0.0,0.0,3.6395423577747834e-10,-9.907585784890195e-05,0.0,0.0,-0.024660314661741702,-103.79936039227867,0.0,0.0,0.0,124.918363422155,124.918363422155
908,0.454014718532562,4.6817397692480885e-07,-244.79729215458752,-0.00011967180198814469,-244.43131145572985,-0.039490952845663334,-565.8601641209701,-1.0490482276607117e-11,0.004762359861056699,-1.2384212850037362e-09,-0.00010894784312420963,-0.02468916393317303,-103.90245013008115,0.0465736459162999,671.316486294597,-0.039490952845663334,-565.8601641209701,0.0,0.0,-1.2384212850037362e-09,-0.00010894784312420963,0.0,0.0,-0.02468916393317303,-103.90245013008115,0.0,0.0,0.0,124.912882268429,124.912882268429
909,0.454514563083649,4.659579242956344e-07,-245.0557826099402,-0.0001199531053914453,-244.68851878207002,-0.03953453710618647,-566.4861092213996,-2.0766889158961758e-10,0.004732302610136786,-8.76368984202838e-09,-0.00010587115118945278,-0.024718020204238564,-104.0054995146924,0.0466258998409925,672.047962355991,-0.03953453710618647,-566.4861092213996,0.0,0.0,-8.76368984202838e-09,-0.00010587115118945278,0.0,0.0,-0.024718020204238564,-104.0054995146924,0.0,0.0,0.0,124.907403111458,124.907403111458
910,0.455014407634735,4.636978734238904e-07,-245.31430811896234,-0.0001202349784376371,-244.94574917191318,-0.03957812392269625,-567.1121007174188,-1.183637719250615e-10,0.004740154901808454,-4.8051986114103505e-09,-9.818259178352598e-05,-0.024746891965198747,-104.10853285954948,0.0466781641867222,672.779496731318,-0.03957812392269625,-567.1121007174188,0.0,0.0,-4.8051986114103505e-09,-9.818259178352598e-05,0.0,0.0,-0.024746891965198747,-104.10853285954948,0.0,0.0,0.0,124.901923120022,124.901923120022
911,0.455514281988144,4.614834680258878e-07,-245.57277575324818,-0.00012051684749564266,-245.20291857941663,-0.03962171189870113,-567.7381040514549,1.3959625498595797e-10,0.0047682907524006085,6.4874874068581845e-09,-8.369387766598885e-05,-0.024775748219853285,-104.21150136702825,0.0467304213351514,673.510988256965,-0.03962171189870113,-567.7381040514549,0.0,0.0,6.4874874068581845e-09,-8.369387766598885e-05,0.0,0.0,-0.024775748219853285,-104.21150136702825,0.0,0.0,0.0,124.896443963051,124.896443963051
912,0.456014007329941,4.5929897544702384e-07,-245.83113766366063,-0.0001207992368590848,-245.45998113593294,-0.03966528670320956,-568.3639203885045,-2.200927059920627e-10,0.004749011429278725,-1.0866130397169019e-08,-0.00013367099615047885,-0.02480461163634979,-104.31447373214502,0.0467826711544419,674.242245810983,-0.03966528670320956,-568.3639203885045,0.0,0.0,-1.0866130397169019e-08,-0.00013367099615047885,0.0,0.0,-0.02480461163634979,-104.31447373214502,0.0,0.0,0.0,124.89096596837,124.89096596837
913,0.456513345241547,4.570435116144214e-07,-246.08930940292456,-0.00012108180033168194,-245.7168457736344,-0.03970882652622956,-568.9892605895584,-1.7134660268062434e-10,0.0047288937387042,-6.673001067653871e-09,-9.240507378782551e-05,-0.02483345606052647,-104.41728569395359,0.0468348812853369,674.972936301648,-0.03970882652622956,-568.9892605895584,0.0,0.0,-6.673001067653871e-09,-9.240507378782551e-05,0.0,0.0,-0.02483345606052647,-104.41728569395359,0.0,0.0,0.0,124.885492384434,124.885492384434
914,0.457012802362442,4.5478838251984695e-07,-246.34753441360954,-0.00012136475105764949,-245.97376659448673,-0.03975237958772527,-569.6147851408368,7.206381671322339e-11,0.004756690000536256,3.877784352673987e-09,-8.127232727790396e-05,-0.024862310519090297,-104.52009598006933,0.046887108002562,675.703822322844,-0.03975237958772527,-569.6147851408368,0.0,0.0,3.877784352673987e-09,-8.127232727790396e-05,0.0,0.0,-0.024862310519090297,-104.52009598006933,0.0,0.0,0.0,124.880018055439,124.880018055439
915,0.457512259483337,4.525875556369048e-07,-246.60568276705465,-0.00012164802195554484,-246.23061721501648,-0.03979593127157962,-570.240282134512,-3.931439586007239e-11,0.0047628934573717,-2.6364330755495225e-09,-0.00011543175004369744,-0.024891165801410396,-104.62290227322325,0.0469393340299123,676.434631504561,-0.03979593127157962,-570.240282134512,0.0,0.0,-2.6364330755495225e-09,-0.00011543175004369744,0.0,0.0,-0.024891165801410396,-104.62290227322325,0.0,0.0,0.0,124.874543875456,124.874543875456
916,0.4580118060112,4.503705196813369e-07,-246.86388759079009,-0.00012193184995510158,-246.48750156914707,-0.0398394901876677,-570.8658890530422,-2.701461055053009e-10,0.004737781971117447,-1.2599726052624627e-08,-0.0001270848657760629,-0.0249200354205059,-104.72570880936296,0.0469915738335243,677.165566769786,-0.0398394901876677,-570.8658890530422,0.0,0.0,-1.2599726052624627e-08,-0.0001270848657760629,0.0,0.0,-0.0249200354205059,-104.72570880936296,0.0,0.0,0.0,124.869068533182,124.869068533182
917,0.45851132273674,4.480874326234823e-07,-247.12208912192276,-0.00012221593854149767,-246.74438683954392,-0.039883048647925565,-571.49150096319,1.3773072761903406e-11,0.004735302238873675,2.400830573994856e-09,-6.43336632676928e-05,-0.024948903334698073,-104.82842061350331,0.0470438123879573,677.896491237943,-0.039883048647925565,-571.49150096319,0.0,0.0,2.400830573994856e-09,-6.43336632676928e-05,0.0,0.0,-0.024948903334698073,-104.82842061350331,0.0,0.0,0.0,124.863594144583,124.863594144583
918,0.459010720252991,4.458511466235398e-07,-247.3801843261732,-0.00012250040225178795,-247.00116488614808,-0.039926595885111694,-572.1169588846366,4.327231387814671e-12,0.004764508486876172,-4.222769622844297e-10,-0.00010895050494446929,-0.02497777196516919,-104.93112548911131,0.0470960418492292,678.627207540999,-0.039926595885111694,-572.1169588846366,0.0,0.0,-4.222769622844297e-10,-0.00010895050494446929,0.0,0.0,-0.02497777196516919,-104.93112548911131,0.0,0.0,0.0,124.858120948076,124.858120948076
919,0.45950973033905,4.436458143246078e-07,-247.63803286737922,-0.0001227849934558702,-247.25769482689063,-0.039970109689966817,-572.7419408258962,-1.5281354178671598e-10,0.004752704715150685,-7.831126679472671e-09,-0.00012678505945338734,-0.025006619326914798,-105.03373280282972,0.0471482317286737,679.357327776515,-0.039970109689966817,-572.7419408258962,0.0,0.0,-7.831126679472671e-09,-0.00012678505945338734,0.0,0.0,-0.025006619326914798,-105.03373280282972,0.0,0.0,0.0,124.852652400732,124.852652400732
920,0.460009127855301,4.413907828446586e-07,-247.8960854563169,-0.00012307017905798735,-247.5144180213985,-0.04001365462789354,-573.367364490937,-1.5856232620483637e-10,0.004731575433393757,-6.100121501952728e-09,-9.325404140304307e-05,-0.025035492669150894,-105.13635747494179,0.047200461823284,680.087968326021,-0.04001365462789354,-573.367364490937,0.0,0.0,-6.100121501952728e-09,-9.325404140304307e-05,0.0,0.0,-0.025035492669150894,-105.13635747494179,0.0,0.0,0.0,124.847179830074,124.847179830074
921,0.460508286952972,4.3911043788039177e-07,-248.15401643589797,-0.00012335559179167216,-247.77101789504343,-0.040057180958547184,-573.9925465081435,3.6095589858737724e-11,0.004749391253150739,2.589170622520173e-09,-7.923163121779356e-05,-0.025064355924810593,-105.2388864372605,0.0472526708352685,680.818301656202,-0.040057180958547184,-573.9925465081435,0.0,0.0,2.589170622520173e-09,-7.923163121779356e-05,0.0,0.0,-0.025064355924810593,-105.2388864372605,0.0,0.0,0.0,124.841709852219,124.841709852219
922,0.461008220911026,4.3687766021686665e-07,-248.4123037278163,-0.0001236419024245991,-248.02797890892685,-0.04010077599785347,-574.6187228413417,-6.20155120137007e-11,0.004763106981450195,-3.9445774156605614e-09,-0.00012235698686337824,-0.025093273726411305,-105.34160388366128,0.0473049670695323,681.549764240519,-0.04010077599785347,-574.6187228413417,0.0,0.0,-3.9445774156605614e-09,-0.00012235698686337824,0.0,0.0,-0.025093273726411305,-105.34160388366128,0.0,0.0,0.0,124.836231052876,124.836231052876
923,0.461506992578506,4.3465904373114907e-07,-248.6699542180428,-0.00012392787609356553,-248.28429063711081,-0.040144268800767546,-575.2434151827617,-1.8986225436388096e-10,0.004744059901680576,-8.941294154147828e-09,-0.00011998469992905033,-0.02512212363003619,-105.44404467994589,0.0473571406605021,682.279465028877,-0.040144268800767546,-575.2434151827617,0.0,0.0,-8.941294154147828e-09,-0.00011998469992905033,0.0,0.0,-0.02512212363003619,-105.44404467994589,0.0,0.0,0.0,124.830766230822,124.830766230822
924,0.462006092071533,4.3237219369185134e-07,-248.9277958211659,-0.00012421431510715317,-248.54079004569448,-0.04018779006607562,-575.8685280704727,-4.2830806906416924e-11,0.004733071929486042,-2.2548484039022285e-10,-7.135603775753523e-05,-0.025150991553880155,-105.54646043376691,0.0474093479803439,683.009654985549,-0.04018779006607562,-575.8685280704727,0.0,0.0,-2.2548484039022285e-10,-7.135603775753523e-05,0.0,0.0,-0.025150991553880155,-105.54646043376691,0.0,0.0,0.0,124.825297445059,124.825297445059
925,0.462505459785461,4.3010120187816346e-07,-249.18575068024984,-0.00012450147925131675,-248.79740757461084,-0.04023133593529605,-576.4939981356287,-1.1667832033049341e-11,0.004758996365442386,-8.849196064636209e-10,-0.00010497000528536375,-0.02517989030700404,-105.64895485717696,0.0474615925545564,683.740243023183,-0.04023133593529605,-576.4939981356287,0.0,0.0,-8.849196064636209e-10,-0.00010497000528536375,0.0,0.0,-0.02517989030700404,-105.64895485717696,0.0,0.0,0.0,124.819825768471,124.819825768471
926,0.463005036115646,4.27876039950371e-07,-249.44375829005025,-0.00012478906474857492,-249.05406905370126,-0.04027489920482772,-577.1197423897655,-1.2040587454810165e-10,0.00475783588025943,-6.509554573527696e-09,-0.00012686275128772078,-0.025208800822824784,-105.75148593320516,0.0475138581613584,684.471103639762,-0.04027489920482772,-577.1197423897655,0.0,0.0,-6.509554573527696e-09,-0.00012686275128772078,0.0,0.0,-0.025208800822824784,-105.75148593320516,0.0,0.0,0.0,124.814352124929,124.814352124929
927,0.463504642248154,4.2562145286421066e-07,-249.70177388679346,-0.00012507691945641187,-249.31073732068003,-0.04031846440340154,-577.7454894519244,-1.5278982365554302e-10,0.004735347077455463,-6.250988063099644e-09,-9.947360349611527e-05,-0.02523771072093472,-105.85395245005633,0.0475661251175552,685.201962547808,-0.04031846440340154,-577.7454894519244,0.0,0.0,-6.250988063099644e-09,-9.947360349611527e-05,0.0,0.0,-0.02523771072093472,-105.85395245005633,0.0,0.0,0.0,124.808878391981,124.808878391981
928,0.464003950357437,4.233186552552569e-07,-249.95964861683197,-0.00012536498236634958,-249.56725803408128,-0.040362003857229586,-578.3708994176847,3.328687818335437e-11,0.004741194401165591,3.228098435737775e-09,-6.727066231579707e-05,-0.025266607746728956,-105.95629404644838,0.0476183634636481,685.932413422097,-0.040362003857229586,-578.3708994176847,0.0,0.0,3.228098435737775e-09,-6.727066231579707e-05,0.0,0.0,-0.025266607746728956,-105.95629404644838,0.0,0.0,0.0,124.803407967091,124.803407967091
929,0.464503586292267,4.2106743290619725e-07,-250.217653003812,-0.00012565395986162373,-249.8239094936947,-0.040405574025607745,-578.9967459694062,-1.4822818300386604e-10,0.004764681525662805,-8.328310355527236e-09,-0.0001416607638880413,-0.025295546729483132,-106.05878287846782,0.0476706501505625,686.663350500808,-0.040405574025607745,-578.9967459694062,0.0,0.0,-8.328310355527236e-09,-0.0001416607638880413,0.0,0.0,-0.025295546729483132,-106.05878287846782,0.0,0.0,0.0,124.797934621572,124.797934621572
930,0.465003550052643,4.188280488232996e-07,-250.4757805419369,-0.0001259429937079031,-250.08067685806137,-0.040449171791545294,-579.6229789693741,-6.900469673010077e-11,0.004749380757963165,-2.8649992740373823e-09,-0.00010112903083282668,-0.025324482339775627,-106.16122920362028,0.0477229584813498,687.394694432391,-0.040449171791545294,-579.6229789693741,0.0,0.0,-2.8649992740373823e-09,-0.00010112903083282668,0.0,0.0,-0.025324482339775627,-106.16122920362028,0.0,0.0,0.0,124.792457610369,124.792457610369
931,0.465503215789795,4.165432443940603e-07,-250.7337503661557,-0.00012623244325027212,-250.33728607944812,-0.040492739878424173,-580.2488239593158,-7.991627909678478e-11,0.004733388488347843,-2.3416785931040687e-09,-8.079585671300874e-05,-0.025353413426639243,-106.26358245610831,0.0477752392986896,688.125582331661,-0.040492739878424173,-580.2488239593158,0.0,0.0,-2.3416785931040687e-09,-8.079585671300874e-05,0.0,0.0,-0.025353413426639243,-106.26358245610831,0.0,0.0,0.0,124.786983758211,124.786983758211
932,0.46600279211998,4.1424478851136304e-07,-250.99169172050298,-0.00012652241008485876,-250.59386375832156,-0.040536304259085776,-580.8745802014771,-9.453163490509429e-11,0.004750081863738091,-4.346978866220419e-09,-0.0001084240452058667,-0.025382354568442997,-106.36591550830518,0.0478275223539251,688.856370947371,-0.040536304259085776,-580.8745802014771,0.0,0.0,-4.346978866220419e-09,-0.0001084240452058667,0.0,0.0,-0.025382354568442997,-106.36591550830518,0.0,0.0,0.0,124.781511187553,124.781511187553
933,0.466502398252487,4.1200279977915895e-07,-251.24958884633222,-0.00012681256620683523,-250.85039067813847,-0.04057987221281306,-581.5004440362569,-6.23804136359728e-11,0.004764987860112899,-3.718896181691957e-09,-0.0001245418286220122,-0.02541129207366212,-106.46824025810008,0.0478798065499215,689.587214947875,-0.04057987221281306,-581.5004440362569,0.0,0.0,-3.718896181691957e-09,-0.0001245418286220122,0.0,0.0,-0.02541129207366212,-106.46824025810008,0.0,0.0,0.0,124.7760386765,124.7760386765
934,0.467001676559448,4.097446804868835e-07,-251.50729010142155,-0.0001271028456114004,-251.1067224648168,-0.040623409737001695,-582.125829239802,-6.879593876908672e-11,0.004738410483925922,-2.1020519651337726e-09,-8.594196610812283e-05,-0.025440209552082624,-106.57043629322797,0.0479320543688194,690.317493638615,-0.040623409737001695,-582.125829239802,0.0,0.0,-2.1020519651337726e-09,-8.594196610812283e-05,0.0,0.0,-0.025440209552082624,-106.57043629322797,0.0,0.0,0.0,124.770569741726,124.770569741726
935,0.467501282691956,4.0743900928543e-07,-251.76518390486584,-0.00012739392043138655,-251.36323122606,-0.04066697567626637,-582.7516409128534,-1.3904894801252355e-10,0.004735779869754538,-5.467760072943231e-09,-9.684617485381311e-05,-0.025469160119203624,-106.67267095151958,0.0479843438759839,691.048272970889,-0.04066697567626637,-582.7516409128534,0.0,0.0,-5.467760072943231e-09,-9.684617485381311e-05,0.0,0.0,-0.025469160119203624,-106.67267095151958,0.0,0.0,0.0,124.765097439289,124.765097439289
936,0.468001008033752,4.051564161378229e-07,-252.0230848927667,-0.00012768537986404294,-251.61976413655933,-0.040710551261509645,-583.3776104654256,-6.022169283238213e-11,0.00475963927849676,-3.4262659414526914e-09,-0.00011806115228156749,-0.025498119244631363,-106.77490915997437,0.048036646143854,691.77919791227,-0.040710551261509645,-583.3776104654256,0.0,0.0,-3.4262659414526914e-09,-0.00011806115228156749,0.0,0.0,-0.025498119244631363,-106.77490915997437,0.0,0.0,0.0,124.759624242783,124.759624242783
937,0.468500703573227,4.02910021419898e-07,-252.28094023412572,-0.0001279770837699797,-251.87623715486245,-0.040754127436045555,-584.0035758155535,-2.0223217977269638e-11,0.004756429612422185,-1.0095294268582494e-09,-0.00010420408180394816,-0.025527075805966033,-106.8771268657449,0.0480889475926983,692.510078254296,-0.040754127436045555,-584.0035758155535,0.0,0.0,-1.0095294268582494e-09,-0.00010420408180394816,0.0,0.0,-0.025527075805966033,-106.8771268657449,0.0,0.0,0.0,124.754151195288,124.754151195288
938,0.469000250101089,4.006277597473458e-07,-252.53872901232558,-0.00012826918491572255,-252.13264248346664,-0.04079768962196132,-584.6293460764148,-1.490172259230553e-10,0.0047318930790486505,-5.704370276035942e-09,-9.291776510313122e-05,-0.02555603169686291,-106.97927063258904,0.0481412368736542,693.240734318226,-0.04079768962196132,-584.6293460764148,0.0,0.0,-5.704370276035942e-09,-9.291776510313122e-05,0.0,0.0,-0.02555603169686291,-106.97927063258904,0.0,0.0,0.0,124.748679667711,124.748679667711
939,0.469500184059143,3.9830993526775135e-07,-252.79670177152738,-0.00012856190844598501,-252.3892129505712,-0.04084128216160139,-585.2555849998024,-1.2118754732456136e-10,0.004743395932685142,-5.241119259992259e-09,-0.00010459624370755727,-0.025585013103432076,-107.08143108439188,0.0481935654670757,693.971915800218,-0.04084128216160139,-585.2555849998024,0.0,0.0,-5.241119259992259e-09,-0.00010459624370755727,0.0,0.0,-0.025585013103432076,-107.08143108439188,0.0,0.0,0.0,124.74320524931,124.74320524931
940,0.470015615224838,3.9598079403278404e-07,-253.06263740909608,-0.00012886412825561204,-252.6537128987013,-0.04088622971876357,-585.9012746776322,-4.1688637094072145e-11,0.0047682629052883535,-2.9772022404865295e-09,-0.0001247242151835912,-0.025614901087777923,-107.18679307059264,0.0482475237133732,694.725779998361,-0.04088622971876357,-585.9012746776322,0.0,0.0,-2.9772022404865295e-09,-0.0001247242151835912,0.0,0.0,-0.025614901087777923,-107.18679307059264,0.0,0.0,0.0,124.737560361624,124.737560361624
941,0.470515340566635,3.937144206023268e-07,-253.32042550712075,-0.00012915733603540366,-252.91010399130528,-0.04092980795646912,-586.5272839417801,-2.7766119922928152e-11,0.00474471512823205,-4.856983418809584e-10,-8.686481923665158e-05,-0.02564387196392168,-107.28887635702144,0.0482998346832359,695.456624456619,-0.04092980795646912,-586.5272839417801,0.0,0.0,-4.856983418809584e-10,-8.686481923665158e-05,0.0,0.0,-0.02564387196392168,-107.28887635702144,0.0,0.0,0.0,124.732087761164,124.732087761164
942,0.47101503610611,3.914091604551202e-07,-253.57823002862193,-0.00012945113418561305,-253.1665130620048,-0.040973382545103,-587.1532763906015,-2.1231750772320917e-10,0.004731264042140363,-8.908620589239702e-09,-0.00010590001756798735,-0.025672857224597643,-107.39093307045063,0.0483521502418595,696.187463679704,-0.040973382545103,-587.1532763906015,0.0,0.0,-8.908620589239702e-09,-0.00010590001756798735,0.0,0.0,-0.025672857224597643,-107.39093307045063,0.0,0.0,0.0,124.726615905762,124.726615905762
943,0.471514612436295,3.8910642723709863e-07,-253.83593185879448,-0.000129745145661873,-253.42281138140802,-0.041016947069807214,-587.779105508847,-4.1609550947768745e-11,0.004755142758173004,-1.9222553525875038e-09,-0.00010763318956439347,-0.025701833510038647,-107.49291757823296,0.0484044525499395,696.918076861236,-0.041016947069807214,-587.779105508847,0.0,0.0,-1.9222553525875038e-09,-0.00010763318956439347,0.0,0.0,-0.025701833510038647,-107.49291757823296,0.0,0.0,0.0,124.721145302057,124.721145302057
944,0.472014307975769,3.86852859264495e-07,-254.09364781416693,-0.0001300395946408893,-253.67912173023728,-0.04106052066065505,-588.4050900207501,1.168669691123291e-11,0.004764427479651306,1.0224428257262134e-10,-0.00010876651043410454,-0.025730821631528237,-107.5949415818283,0.048456768868791,697.6488372386,-0.04106052066065505,-588.4050900207501,0.0,0.0,1.0224428257262134e-10,-0.00010876651043410454,0.0,0.0,-0.025730821631528237,-107.5949415818283,0.0,0.0,0.0,124.71567389369,124.71567389369
945,0.472513884305954,3.845680217927002e-07,-254.35129865637393,-0.0001303342807047536,-253.93536848468662,-0.04110408567014026,-589.030953397749,-1.4638689058403702e-10,0.004731410679333754,-5.315081041351455e-09,-9.173570631217706e-05,-0.025759802620280135,-107.69687443572322,0.0485090741716091,698.379435079468,-0.04110408567014026,-589.030953397749,0.0,0.0,-5.315081041351455e-09,-9.173570631217706e-05,0.0,0.0,-0.025759802620280135,-107.69687443572322,0.0,0.0,0.0,124.710203945637,124.710203945637
946,0.473013401031494,3.822565737300453e-07,-254.60892980160602,-0.00013062949020791267,-254.19159106680516,-0.041147644207811994,-589.6567203929079,-2.2305200826225528e-10,0.004738208528072583,-9.991485303505284e-09,-0.00011978108027212132,-0.025788793860758462,-107.79877728933164,0.0485613794785044,699.10993156717,-0.041147644207811994,-589.6567203929079,0.0,0.0,-9.991485303505284e-09,-0.00011978108027212132,0.0,0.0,-0.025788793860758462,-107.79877728933164,0.0,0.0,0.0,124.704734623432,124.704734623432
947,0.473513185977936,3.79968878185799e-07,-254.86665827384329,-0.00013092502136036096,-254.44789543569334,-0.041191227948103835,-590.282854683977,1.2534799513926294e-10,0.004766171510181529,5.433220960846009e-09,-9.016217779712768e-05,-0.02581779390000409,-107.90069153975413,0.0486137108565203,699.840805314092,-0.041191227948103835,-590.282854683977,0.0,0.0,5.433220960846009e-09,-9.016217779712768e-05,0.0,0.0,-0.02581779390000409,-107.90069153975413,0.0,0.0,0.0,124.699262470007,124.699262470007
948,0.474012553691864,3.7770841473514903e-07,-255.12414998989684,-0.00013122087321897755,-254.70397387327276,-0.04123477656398286,-590.9084890165477,-1.0320603491456953e-10,0.0047502528774368905,-4.739789433523695e-09,-0.00011196583776772445,-0.025846784202750956,-108.00254939976185,0.0486660073456352,700.571080837733,-0.04123477656398286,-590.9084890165477,0.0,0.0,-4.739789433523695e-09,-0.00011196583776772445,0.0,0.0,-0.025846784202750956,-108.00254939976185,0.0,0.0,0.0,124.69379478693,124.69379478693
949,0.474511861801147,3.7540657025026726e-07,-255.38160057826346,-0.00013151694577724562,-254.96000017445948,-0.04127831756734707,-591.5340275931844,-2.715093758924661e-10,0.004726580431674534,-1.1568475323164792e-08,-0.00011058905880422507,-0.025875767621006376,-108.10430785987538,0.0487182937715923,701.301226865964,-0.04127831756734707,-591.5340275931844,0.0,0.0,-1.1568475323164792e-08,-0.00011058905880422507,0.0,0.0,-0.025875767621006376,-108.10430785987538,0.0,0.0,0.0,124.688328504562,124.688328504562
950,0.475011259317398,3.730975304676464e-07,-255.63909164389233,-0.00013181338744376646,-255.21605832004028,-0.0413218671328628,-592.1596813903027,4.0219482172187715e-11,0.004755273228169533,2.1521743118509564e-09,-8.992000529935552e-05,-0.025904758235829408,-108.20604142957892,0.0487705913180377,702.031493089646,-0.0413218671328628,-592.1596813903027,0.0,0.0,2.1521743118509564e-09,-8.992000529935552e-05,0.0,0.0,-0.025904758235829408,-108.20604142957892,0.0,0.0,0.0,124.682861298323,124.682861298323
951,0.475510835647583,3.7082751380836364e-07,-255.89662211607322,-0.00013211053472307247,-255.47217552778608,-0.04136543207431571,-592.785574025517,-6.358748205783607e-13,0.0047628842236851834,-5.240270603932942e-10,-0.00011171473135673457,-0.02593377504310648,-108.30785882148963,0.0488229158491397,702.762010041288,-0.04136543207431571,-592.785574025517,0.0,0.0,-5.240270603932942e-10,-0.00011171473135673457,0.0,0.0,-0.02593377504310648,-108.30785882148963,0.0,0.0,0.0,124.677392363548,124.677392363548
952,0.476009637117386,3.6855056803536865e-07,-256.1537520671284,-0.00013240739527500738,-255.72785819342562,-0.04140892920941381,-593.410484801203,-2.1308106334340615e-10,0.004736402747810838,-9.145408166188729e-09,-0.00011228398111309216,-0.02596273898247284,-108.40944206557478,0.0488751548907673,703.491359419345,-0.04140892920941381,-593.410484801203,0.0,0.0,-9.145408166188729e-09,-0.00011228398111309216,0.0,0.0,-0.02596273898247284,-108.40944206557478,0.0,0.0,0.0,124.67193171382,124.67193171382
953,0.476508557796478,3.6624536680347143e-07,-256.4109257319573,-0.00013270468007181517,-255.98359087655516,-0.04145243497325936,-594.0355606193494,-1.319549034693192e-10,0.004734402228930092,-5.231342876837865e-09,-9.65134795297422e-05,-0.025991712758565943,-108.51098840068944,0.0489274065121213,704.220876954978,-0.04145243497325936,-594.0355606193494,0.0,0.0,-5.231342876837865e-09,-9.65134795297422e-05,0.0,0.0,-0.025991712758565943,-108.51098840068944,0.0,0.0,0.0,124.666470468044,124.666470468044
954,0.477007627487183,3.6394698550866186e-07,-256.668156538347,-0.00013300258464378565,-256.23939940040754,-0.041495957348297474,-594.6608218818366,7.079481324952283e-11,0.004762805650017143,3.079762837615723e-09,-9.694753753871428e-05,-0.02602070794422738,-108.6125756332171,0.0489796836248509,704.950606124593,-0.041495957348297474,-594.6608218818366,0.0,0.0,3.079762837615723e-09,-9.694753753871428e-05,0.0,0.0,-0.02602070794422738,-108.6125756332171,0.0,0.0,0.0,124.661007702351,124.661007702351
955,0.477506875991821,3.616808923027853e-07,-256.9254648769331,-0.0001333010422750249,-256.4952573150341,-0.0415394966959665,-595.2863844249737,-1.2721575053991753e-10,0.004751893061342039,-5.95354003859638e-09,-0.0001212385315861234,-0.026049720957136556,-108.71420857400003,0.0490319846324581,705.680643193192,-0.0415394966959665,-595.2863844249737,0.0,0.0,-5.95354003859638e-09,-0.0001212385315861234,0.0,0.0,-0.026049720957136556,-108.71420857400003,0.0,0.0,0.0,124.655542582273,124.655542582273
956,0.478006213903427,3.593856457360897e-07,-257.1827852095678,-0.00013359962979926673,-256.751131820865,-0.041583039246205156,-595.9119728133725,-1.8963327326302877e-10,0.004728912630719739,-7.592087433767614e-09,-9.828700287726089e-05,-0.02607872590082829,-108.81574621734518,0.0490842841096034,706.410698311529,-0.041583039246205156,-595.9119728133725,0.0,0.0,-7.592087433767614e-09,-9.828700287726089e-05,0.0,0.0,-0.02607872590082829,-108.81574621734518,0.0,0.0,0.0,124.650077521801,124.650077521801
957,0.478505402803421,3.5708476742324923e-07,-257.440019486019,-0.00013389872874049842,-257.00692189439314,-0.04162656903342126,-596.5373897685917,-4.5675548555435787e-11,0.004749301758751753,-1.8415351944949955e-09,-0.00010029510689816786,-0.026107737160289503,-108.91725614688116,0.0491365761741904,707.140543057495,-0.04162656903342126,-596.5373897685917,0.0,0.0,-1.8415351944949955e-09,-0.00010029510689816786,0.0,0.0,-0.026107737160289503,-108.91725614688116,0.0,0.0,0.0,124.644613981247,124.644613981247
958,0.479004472494125,3.547902719809672e-07,-257.6971809528747,-0.00013419826581709084,-257.26263861421296,-0.041670093555927816,-597.1627382175917,3.3227915479377444e-11,0.00476075806305647,1.2059337650934279e-09,-0.00010342772725257892,-0.02613675219128469,-109.0187386904582,0.0491888658272259,707.870273158629,-0.041670093555927816,-597.1627382175917,0.0,0.0,1.2059337650934279e-09,-0.00010342772725257892,0.0,0.0,-0.02613675219128469,-109.0187386904582,0.0,0.0,0.0,124.639151453972,124.639151453972
959,0.47950342297554,3.5252537409649044e-07,-257.95424355044133,-0.00013449794829154427,-257.51824291922577,-0.04171360388066858,-597.7878841018921,-2.1313153933972117e-10,0.004742017186540187,-9.63036231283987e-09,-0.0001221904521349459,-0.026165756782366843,-109.12016858517929,0.0492411379491759,708.599747950465,-0.04171360388066858,-597.7878841018921,0.0,0.0,-9.63036231283987e-09,-0.0001221904521349459,0.0,0.0,-0.026165756782366843,-109.12016858517929,0.0,0.0,0.0,124.633690923452,124.633690923452
960,0.480002909898758,3.5022102875234604e-07,-258.2115622872487,-0.00013479813995401208,-257.77410150106886,-0.04175715994489337,-598.4137074481098,-1.0246665706327594e-10,0.004735151613395532,-3.6909389290926685e-09,-8.836917690923458e-05,-0.02619478463484579,-109.22159970431153,0.0492934612234784,709.329980636442,-0.04175715994489337,-598.4137074481098,0.0,0.0,-3.6909389290926685e-09,-8.836917690923458e-05,0.0,0.0,-0.02619478463484579,-109.22159970431153,0.0,0.0,0.0,124.628224611282,124.628224611282
961,0.480502545833588,3.4791989225330503e-07,-258.4689669672939,-0.00013509925668538322,-258.0300427506332,-0.041800731148298756,-599.039721530207,-5.698564671083012e-12,0.004757619713651427,-5.000741263716925e-10,-0.00010520499867743927,-0.0262238481797299,-109.32311595246767,0.0493458163354917,710.0604492029,-0.041800731148298756,-599.039721530207,0.0,0.0,-5.000741263716925e-10,-0.00010520499867743927,0.0,0.0,-0.0262238481797299,-109.32311595246767,0.0,0.0,0.0,124.622756719589,124.622756719589
962,0.481001824140549,3.4563634379526604e-07,-258.7261607551522,-0.000135400385160785,-258.2857641468971,-0.0418442734051903,-599.6653514969923,-6.971633450384792e-11,0.004756178160733208,-3.359630450562374e-09,-0.00011437084616550933,-0.026252888875671992,-109.42452458805906,0.0493981348282552,710.790421017346,-0.0418442734051903,-599.6653514969923,0.0,0.0,-3.359630450562374e-09,-0.00011437084616550933,0.0,0.0,-0.026252888875671992,-109.42452458805906,0.0,0.0,0.0,124.617292821407,124.617292821407
963,0.481500297784805,3.433642557484119e-07,-258.9828909535049,-0.00013570110709339904,-258.54103393483507,-0.04188774250610999,-600.2899286063683,-1.8794498986750115e-10,0.004734659722220272,-7.896839805992116e-09,-0.00010653804700848585,-0.026281870915457695,-109.52569138455529,0.0494503602209669,711.519135031983,-0.04188774250610999,-600.2899286063683,0.0,0.0,-7.896839805992116e-09,-0.00010653804700848585,0.0,0.0,-0.026281870915457695,-109.52569138455529,0.0,0.0,0.0,124.611838072538,124.611838072538
964,0.482014566659927,3.409908726881705e-07,-259.24777357989484,-0.0001360119920836823,-258.80439573862935,-0.04193258955632482,-600.9343186375429,-3.176525555002986e-11,0.004743456686558369,-7.319350582332623e-10,-8.795686810738354e-05,-0.026311786816501204,-109.63004424574248,0.049504249229278,712.270963398038,-0.04193258955632482,-600.9343186375429,0.0,0.0,-7.319350582332623e-10,-8.795686810738354e-05,0.0,0.0,-0.026311786816501204,-109.63004424574248,0.0,0.0,0.0,124.606210678816,124.606210678816
965,0.482513755559921,3.386979303256691e-07,-259.50486844540796,-0.0001363144455111909,-259.06001049656965,-0.04197612133237024,-601.5598042773764,-5.129315099552997e-11,0.004760873810965387,-2.7487721340750325e-09,-0.00011856026033547982,-0.02634084385567321,-109.73136722971019,0.0495565676664719,713.000727127517,-0.04197612133237024,-601.5598042773764,0.0,0.0,-2.7487721340750325e-09,-0.00011856026033547982,0.0,0.0,-0.02634084385567321,-109.73136722971019,0.0,0.0,0.0,124.600748211145,124.600748211145
966,0.483013421297073,3.3642123380828714e-07,-259.7621658348328,-0.0001366170926541758,-259.31583151423513,-0.04201969749846275,-602.1859264285196,-1.0729060898404724e-10,0.004747331579315998,-4.5724131790116375e-09,-0.00010889589925773243,-0.02636991076182386,-109.83270021449542,0.0496089289925924,713.731178610444,-0.04201969749846275,-602.1859264285196,0.0,0.0,-4.5724131790116375e-09,-0.00010889589925773243,0.0,0.0,-0.02636991076182386,-109.83270021449542,0.0,0.0,0.0,124.59528118372,124.59528118372
967,0.483512192964554,3.341389329843546e-07,-260.0189887024768,-0.00013691957815738093,-259.5711669489166,-0.04206319175608115,-602.8108893795323,-1.239068156483233e-10,0.004734689391070905,-4.647265015971822e-09,-9.310074823744123e-05,-0.02639892793186232,-109.93380513847609,0.0496611945460746,714.460268374858,-0.04206319175608115,-602.8108893795323,0.0,0.0,-4.647265015971822e-09,-9.310074823744123e-05,0.0,0.0,-0.02639892793186232,-109.93380513847609,0.0,0.0,0.0,124.589824318886,124.589824318886
968,0.484010875225067,3.318434130198809e-07,-260.2757626534083,-0.00013722288721118884,-259.82646140563594,-0.04210667889596632,-603.435762800971,-1.0854154962585607e-10,0.004750164558270022,-4.9889743312656695e-09,-0.00011550327649445015,-0.02642796867562409,-110.03493367972949,0.0497134666483711,715.189254079686,-0.04210667889596632,-603.435762800971,0.0,0.0,-4.9889743312656695e-09,-0.00011550327649445015,0.0,0.0,-0.02642796867562409,-110.03493367972949,0.0,0.0,0.0,124.584368050098,124.584368050098
969,0.484509110450745,3.2955634589081123e-07,-260.53229163208437,-0.00013752587863626647,-260.0814992878942,-0.042150129609599046,-604.0601021636841,1.4390338719847688e-11,0.004757129815786243,6.920356966882636e-10,-0.00010110750825498803,-0.02645696788933032,-110.13588148421843,0.0497656858636446,715.917579539608,-0.042150129609599046,-604.0601021636841,0.0,0.0,6.920356966882636e-10,-0.00010110750825498803,0.0,0.0,-0.02645696788933032,-110.13588148421843,0.0,0.0,0.0,124.578916966915,124.578916966915
970,0.485008031129837,3.272911574004708e-07,-260.7891249967584,-0.0001378296709446349,-260.3368328407756,-0.042193637951138015,-604.6852883915183,-1.6364723856817027e-10,0.004741698851998481,-6.953915675037302e-09,-0.00011008350206423109,-0.02648600955332837,-110.23695678651897,0.0498179765018219,716.646857881428,-0.042193637951138015,-604.6852883915183,0.0,0.0,-6.953915675037302e-09,-0.00011008350206423109,0.0,0.0,-0.02648600955332837,-110.23695678651897,0.0,0.0,0.0,124.573458343744,124.573458343744
971,0.485507160425186,3.250017729857571e-07,-261.0460786664711,-0.0001381341551506238,-260.5922867801624,-0.04223716666750617,-605.3107636023649,-1.3741226978570669e-10,0.004737838749777078,-5.5408655021737495e-09,-0.00010187941910323175,-0.02651507617241713,-110.33805352721615,0.0498702977099421,717.376471406727,-0.04223716666750617,-605.3107636023649,0.0,0.0,-5.5408655021737495e-09,-0.00010187941910323175,0.0,0.0,-0.02651507617241713,-110.33805352721615,0.0,0.0,0.0,124.567997872829,124.567997872829
972,0.486006617546082,3.227075282049998e-07,-261.30317949066364,-0.00013843927377897662,-260.8478895925944,-0.04228072114696568,-605.9366247962865,-2.9183581266190924e-11,0.004755537746775999,-1.6546587257793081e-09,-0.00010992841080579804,-0.026544169411120436,-110.43919282868292,0.0499226549371165,718.106525330075,-0.04228072114696568,-605.9366247962865,0.0,0.0,-1.6546587257793081e-09,-0.00010992841080579804,0.0,0.0,-0.026544169411120436,-110.43919282868292,0.0,0.0,0.0,124.562534332275,124.562534332275
973,0.486505925655365,3.204241258254798e-07,-261.56018275691315,-0.0001387444079766057,-261.10337795318196,-0.042324267206247046,-606.5623670299428,-3.1658501332702335e-11,0.0047503934065562005,-1.2725531425519995e-09,-9.962178368261862e-05,-0.026573244541554873,-110.54023673985249,0.0499749954489692,718.83638767138,-0.042324267206247046,-606.5623670299428,0.0,0.0,-1.2725531425519995e-09,-9.962178368261862e-05,0.0,0.0,-0.026573244541554873,-110.54023673985249,0.0,0.0,0.0,124.557072043419,124.557072043419
974,0.487005352973938,3.181623419872007e-07,-261.8171986289847,-0.0001390501791164504,-261.3588914513144,-0.04236781874862904,-607.188176368175,-1.968453276291199e-10,0.004737834836719777,-8.44067876563537e-09,-0.0001137471399206098,-0.02660233812662953,-110.6413182754972,0.0500273504632598,719.566326680244,-0.04236781874862904,-607.188176368175,0.0,0.0,-8.44067876563537e-09,-0.0001137471399206098,0.0,0.0,-0.02660233812662953,-110.6413182754972,0.0,0.0,0.0,124.551608890295,124.551608890295
975,0.487504661083221,3.158686298786761e-07,-262.07415163380375,-0.00013935629824538906,-261.614336716674,-0.042411359561321624,-607.8138628576958,-8.849740412865391e-11,0.004742058220430417,-3.77564803066348e-09,-0.00010260780328946403,-0.026631429887298348,-110.74231773196554,0.0500796954659215,720.296102288095,-0.042411359561321624,-607.8138628576958,0.0,0.0,-3.77564803066348e-09,-0.00010260780328946403,0.0,0.0,-0.026631429887298348,-110.74231773196554,0.0,0.0,0.0,124.546147376299,124.546147376299
976,0.488004118204117,3.135810143289761e-07,-262.33120175033264,-0.0001396628574299139,-261.8698577674683,-0.042454918619966135,-608.4398009602021,-8.893097809626682e-12,0.0047569923438951014,-4.643154965341824e-10,-0.00010601082252019076,-0.026660534964599494,-110.84332575274675,0.0501320630479004,721.026154933362,-0.042454918619966135,-608.4398009602021,0.0,0.0,-4.643154965341824e-10,-0.00010601082252019076,0.0,0.0,-0.026660534964599494,-110.84332575274675,0.0,0.0,0.0,124.540684133768,124.540684133768
977,0.488503485918045,3.113072523750274e-07,-262.588137056002,-0.00013996963056312853,-262.12528254424427,-0.0424984686123286,-609.0656107663842,-8.220132698369036e-11,0.004743204224860607,-3.2967953112464425e-09,-0.00010053851956304803,-0.02668963190615204,-110.9442729817835,0.0501844186702743,721.756013774485,-0.0424984686123286,-609.0656107663842,0.0,0.0,-3.2967953112464425e-09,-0.00010053851956304803,0.0,0.0,-0.02668963190615204,-110.9442729817835,0.0,0.0,0.0,124.535222023726,124.535222023726
978,0.489002883434296,3.090490504908171e-07,-262.84508281516446,-0.0001402770482526426,-262.380693790243,-0.042542017844219016,-609.6914331765892,-2.254346109385834e-10,0.004738663244808088,-9.869639444215189e-09,-0.00012064030856573187,-0.02671874488151985,-111.04524343425142,0.0502367822222669,722.48588625296,-0.042542017844219016,-609.6914331765892,0.0,0.0,-9.869639444215189e-09,-0.00012064030856573187,0.0,0.0,-0.02671874488151985,-111.04524343425142,0.0,0.0,0.0,124.529759824276,124.529759824276
979,0.489502102136612,3.0675512143878155e-07,-263.101928846934,-0.00014058455282183477,-262.6360164392859,-0.042585554170695046,-610.3170541097215,-5.664446413831175e-12,0.004751159431467044,2.931198539633142e-11,-9.637097580880651e-05,-0.026747843350434165,-111.14608352480388,0.0502891271751177,723.215500758058,-0.042585554170695046,-610.3170541097215,0.0,0.0,2.931198539633142e-11,-9.637097580880651e-05,0.0,0.0,-0.026747843350434165,-111.14608352480388,0.0,0.0,0.0,124.524300158024,124.524300158024
980,0.490001499652863,3.0447206734889563e-07,-263.35886124965947,-0.00014089262663346213,-262.8914216415822,-0.04262910864854437,-610.942958110359,-9.162875096699568e-12,0.004751210642695101,-2.820015769095404e-10,-9.79337212581832e-05,-0.02677696066734217,-111.24695358269554,0.0503414975698452,723.945420691435,-0.04262910864854437,-610.942958110359,0.0,0.0,-2.820015769095404e-10,-9.79337212581832e-05,0.0,0.0,-0.02677696066734217,-111.24695358269554,0.0,0.0,0.0,124.518838495016,124.518838495016
981,0.490500867366791,3.022209758570661e-07,-263.61572270126874,-0.00014120113004936557,-263.1467430548017,-0.04267265591336885,-611.5687666685222,-2.141348480470715e-10,0.004741490744053722,-9.452423617047379e-09,-0.00012327299863722978,-0.02680608080468858,-111.34781937370468,0.0503938634027877,724.675203730537,-0.04267265591336885,-611.5687666685222,0.0,0.0,-9.452423617047379e-09,-0.00012327299863722978,0.0,0.0,-0.02680608080468858,-111.34781937370468,0.0,0.0,0.0,124.513377070427,124.513377070427
982,0.491000145673752,2.9995552352191974e-07,-263.8725352627623,-0.00014150986261326365,-263.4020204038399,-0.04271619650725589,-612.1944802511011,-1.1441388629991191e-10,0.004742394302089673,-4.815077867633525e-09,-0.0001053594681906635,-0.02683519607587747,-111.4486090097732,0.050446221043885,725.404861674812,-0.04271619650725589,-612.1944802511011,0.0,0.0,-4.815077867633525e-09,-0.0001053594681906635,0.0,0.0,-0.02683519607587747,-111.4486090097732,0.0,0.0,0.0,124.507916748524,124.507916748524
983,0.491515129804611,2.975928715987336e-07,-264.1374164346048,-0.0001418287174237341,-263.66530407882664,-0.042761105708420274,-612.8398608539267,6.029042977266725e-11,0.004753566314010804,3.101842632430936e-09,-8.802464122771917e-05,-0.026865230484693428,-111.55250476617046,0.0505002265923238,726.157437288498,-0.042761105708420274,-612.8398608539267,0.0,0.0,3.101842632430936e-09,-8.802464122771917e-05,0.0,0.0,-0.026865230484693428,-111.55250476617046,0.0,0.0,0.0,124.502285331488,124.502285331488
984,0.492014527320862,2.95328034515085e-07,-264.3942710578131,-0.0001421384164019274,-263.9206117191013,-0.04280466002567478,-613.4657748225394,-1.374909534351752e-10,0.004746366198386507,-6.047034831044107e-09,-0.00011504983842115172,-0.026894367418370497,-111.65327878791423,0.0505526074714706,726.887289353465,-0.04280466002567478,-613.4657748225394,0.0,0.0,-6.047034831044107e-09,-0.00011504983842115172,0.0,0.0,-0.026894367418370497,-111.65327878791423,0.0,0.0,0.0,124.496824204922,124.496824204922
985,0.492513835430145,2.930883422837884e-07,-264.6510190186872,-0.00014244838859123811,-264.1758186122995,-0.042848204117793866,-614.0915696848127,-2.1758375412950518e-10,0.004742222347130308,-9.723143797993422e-09,-0.00012509854706563588,-0.026923499948559297,-111.75401761809701,0.0506049773958018,727.616960660866,-0.042848204117793866,-614.0915696848127,0.0,0.0,-9.723143797993422e-09,-0.00012509854706563588,0.0,0.0,-0.026923499948559297,-111.75401761809701,0.0,0.0,0.0,124.491364777088,124.491364777088
986,0.493012875318527,2.9081265717405124e-07,-264.9076586160568,-0.00014275839706061607,-264.4309038273345,-0.04289172547820691,-614.7170112577568,4.674011681333126e-11,0.00474745628705487,2.8709035957470893e-09,-7.916653991005209e-05,-0.026952612221600822,-111.85460329684553,0.0506573173402457,728.346227232139,-0.04289172547820691,-614.7170112577568,0.0,0.0,2.8709035957470893e-09,-7.916653991005209e-05,0.0,0.0,-0.026952612221600822,-111.85460329684553,0.0,0.0,0.0,124.485907644033,124.485907644033
987,0.493512034416199,2.885364042177716e-07,-265.1643288331295,-0.00014306919970358484,-264.6860135192076,-0.042935254393902625,-615.3425900097865,-1.2012884044266517e-10,0.004750670006823013,-5.308790670633774e-09,-0.00011690409354695006,-0.02698175078079517,-111.95523296993183,0.0507096777148629,729.075636906145,-0.042935254393902625,-615.3425900097865,0.0,0.0,-5.308790670633774e-09,-0.00011690409354695006,0.0,0.0,-0.02698175078079517,-111.95523296993183,0.0,0.0,0.0,124.480450093746,124.480450093746
988,0.49401131272316,2.8629119071448275e-07,-265.42102987134274,-0.0001433802071031409,-264.9411575292634,-0.042978796376862236,-615.968359339811,-1.3880677574516862e-10,0.004745920436431343,-5.8680614208871705e-09,-0.00011373642325180678,-0.027010889073784856,-112.05585016730956,0.050762049057597,729.805229727729,-0.042978796376862236,-615.968359339811,0.0,0.0,-5.8680614208871705e-09,-0.00011373642325180678,0.0,0.0,-0.027010889073784856,-112.05585016730956,0.0,0.0,0.0,124.474990993738,124.474990993738
989,0.494510412216187,2.8405764795659095e-07,-265.67759977343616,-0.00014369150892271746,-265.1961646400167,-0.04302232170061074,-616.5938860857601,-8.171857184482994e-11,0.004747540157008651,-3.483600050555014e-09,-0.00010603476507644661,-0.027040021616426487,-112.15641532216104,0.0508144032815312,730.534512969754,-0.04302232170061074,-616.5938860857601,0.0,0.0,-3.483600050555014e-09,-0.00010603476507644661,0.0,0.0,-0.027040021616426487,-112.15641532216104,0.0,0.0,0.0,124.469534188509,124.469534188509
990,0.495009511709213,2.817743936206938e-07,-265.9342112836938,-0.00014400321085837657,-265.4512067371846,-0.04306584907693833,-617.2194614072517,-5.644291243903075e-11,0.0047410925163896556,-1.861392641659286e-09,-9.284244154034388e-05,-0.027069160005164628,-112.25690155849097,0.0508667624004808,731.26385347504,-0.04306584907693833,-617.2194614072517,0.0,0.0,-1.861392641659286e-09,-9.284244154034388e-05,0.0,0.0,-0.027069160005164628,-112.25690155849097,0.0,0.0,0.0,124.46407738328,124.46407738328
991,0.49550861120224,2.7951994325033896e-07,-266.19077719788066,-0.00014431547414784515,-265.706213988446,-0.04310937596853776,-617.8450236533283,-1.3529272950508235e-10,0.0047508563572133955,-6.177210550760473e-09,-0.00012048513215573865,-0.02709831097862394,-112.35741288930367,0.0509191278531477,731.993158112991,-0.04310937596853776,-617.8450236533283,0.0,0.0,-6.177210550760473e-09,-0.00012048513215573865,0.0,0.0,-0.02709831097862394,-112.35741288930367,0.0,0.0,0.0,124.458620935678,124.458620935678
992,0.496007829904556,2.772961096060151e-07,-266.4473666313986,-0.00014462794210204317,-265.9612238984717,-0.043152912239514965,-618.470731633871,-7.25407316920033e-11,0.004748968025823787,-2.995466026503321e-09,-0.00010707110978102512,-0.02712746029339327,-112.4579089339626,0.0509715004099295,732.722593478923,-0.043152912239514965,-618.470731633871,0.0,0.0,-2.995466026503321e-09,-0.00010707110978102512,0.0,0.0,-0.02712746029339327,-112.4579089339626,0.0,0.0,0.0,124.453163325787,124.453163325787
993,0.496506869792938,2.750532380392977e-07,-266.7038654719476,-0.00014494074142797281,-266.216135671627,-0.043196435737684495,-619.0962604016988,-9.590780098557914e-11,0.00474559367620651,-3.6455143101737134e-09,-0.0001025000396937851,-0.02715660549532104,-112.55832488878586,0.0510238600104167,733.451797269106,-0.043196435737684495,-619.0962604016988,0.0,0.0,-3.6455143101737134e-09,-0.0001025000396937851,0.0,0.0,-0.02715660549532104,-112.55832488878586,0.0,0.0,0.0,124.447707593441,124.447707593441
994,0.497005790472031,2.727768656090132e-07,-266.96030833387437,-0.0001452539673032606,-266.4710027502727,-0.043239944629074246,-619.7215789678058,-1.2503098313337976e-10,0.004738998602412194,-5.13207461794341e-09,-0.00010367050090235534,-0.02718575386238738,-112.65866246150068,0.051076208976207,734.180775572942,-0.043239944629074246,-619.7215789678058,0.0,0.0,-5.13207461794341e-09,-0.00010367050090235534,0.0,0.0,-0.02718575386238738,-112.65866246150068,0.0,0.0,0.0,124.442254066467,124.442254066467
995,0.49750480055809,2.7055271284705993e-07,-267.2167417845601,-0.00014556766895205964,-266.7258517812777,-0.04328346347007213,-620.3470549461239,-7.017862223411259e-11,0.004756835351032107,-3.374072605734659e-09,-0.00011717704287040448,-0.027214912020727046,-112.75904883107857,0.051128571623706,734.909884812189,-0.04328346347007213,-620.3470549461239,0.0,0.0,-3.374072605734659e-09,-0.00011717704287040448,0.0,0.0,-0.027214912020727046,-112.75904883107857,0.0,0.0,0.0,124.436799168587,124.436799168587
996,0.498003482818604,2.683391542260329e-07,-267.47297224439296,-0.00014588123757510883,-266.9804976662212,-0.04332695400976629,-620.9721231367789,-4.3257692913801984e-11,0.004748313366432465,-1.6172723773109202e-09,-0.00010067278110743329,-0.027244041498394135,-112.85929813214726,0.0511808950912165,735.638481814124,-0.04332695400976629,-620.9721231367789,0.0,0.0,-1.6172723773109202e-09,-0.00010067278110743329,0.0,0.0,-0.027244041498394135,-112.85929813214726,0.0,0.0,0.0,124.431348353624,124.431348353624
997,0.498502135276794,2.6608732425110176e-07,-267.72922889251595,-0.00014619550058318388,-267.2351553422298,-0.04337044366540996,-621.5971805863587,-2.0571159015172266e-10,0.004733900894353764,-8.472495058362125e-09,-0.00010977584501387799,-0.02727318821701347,-112.95951847817476,0.0512332270352982,736.367079658183,-0.04337044366540996,-621.5971805863587,0.0,0.0,-8.472495058362125e-09,-0.00010977584501387799,0.0,0.0,-0.02727318821701347,-112.95951847817476,0.0,0.0,0.0,124.425897419453,124.425897419453
998,0.499001026153564,2.6383620155197076e-07,-267.98555984598227,-0.00014651027932450193,-267.489902275207,-0.04341394909619318,-622.2225014826028,-7.046899201335339e-11,0.004749360275715382,-3.04843121796682e-09,-0.00010690873683528892,-0.02730235054879346,-113.05974437403702,0.0512855806923118,737.095960697739,-0.04341394909619318,-622.2225014826028,0.0,0.0,-3.04843121796682e-09,-0.00010690873683528892,0.0,0.0,-0.02730235054879346,-113.05974437403702,0.0,0.0,0.0,124.420444965363,124.420444965363
999,0.499515235424042,2.6156523701557134e-07,-268.24972214987696,-0.00014683495217462396,-267.752408549428,-0.04345879459532076,-622.8670310111928,1.6817437204457218e-11,0.004756463198603806,8.437506797356259e-10,-0.00010157414202975786,-0.02733240475908791,-113.16304203333803,0.0513395436107927,737.847191593949,-0.04345879459532076,-622.8670310111928,0.0,0.0,8.437506797356259e-10,-0.00010157414202975786,0.0,0.0,-0.02733240475908791,-113.16304203333803,0.0,0.0,0.0,124.414824515581,124.414824515581
1000,0.500014305114746,2.593518719907141e-07,-268.50609145526704,-0.00014715052444712378,-268.0071833237943,-0.04350231999236095,-623.492645244934,-1.8235440733349385e-10,0.0047401009217935275,-7.849892155805662e-09,-0.00011585527255526936,-0.027361582148167297,-113.26326720149751,0.0513919222807714,738.576345312997,-0.04350231999236095,-623.492645244934,0.0,0.0,-7.849892155805662e-09,-0.00011585527255526936,0.0,0.0,-0.027361582148167297,-113.26326720149751,0.0,0.0,0.0,124.409370452166,124.409370452166
1001,0.500513136386871,2.570981679502822e-07,-268.76236480337303,-0.00014746647581820573,-268.26184360888374,-0.043545821631116664,-624.1179054112762,-1.6858685697054304e-10,0.004735329308667602,-6.72363301201722e-09,-0.00010338267377655056,-0.02739075374968124,-113.36337532353228,0.051444277805528,739.30510630813,-0.043545821631116664,-624.1179054112762,0.0,0.0,-6.72363301201722e-09,-0.00010338267377655056,0.0,0.0,-0.02739075374968124,-113.36337532353228,0.0,0.0,0.0,124.403918594122,124.403918594122
1002,0.501011908054352,2.548819489967152e-07,-269.0185745795901,-0.00014778269376251532,-268.51644094616984,-0.04358932226256162,-624.743165113249,3.255656448692472e-11,0.004758963879620274,1.3782141674872752e-09,-0.00010263828932673136,-0.02741992360260693,-113.46347200416209,0.0514966315934527,740.033819757483,-0.04358932226256162,-624.743165113249,0.0,0.0,1.3782141674872752e-09,-0.00010263828932673136,0.0,0.0,-0.02741992360260693,-113.46347200416209,0.0,0.0,0.0,124.398467421532,124.398467421532
1003,0.501510858535767,2.5269366237196866e-07,-269.2748107895832,-0.00014809935514776914,-268.77106557795224,-0.04363283628443973,-625.3686049681203,-7.927443994736919e-11,0.0047511403799375684,-3.33883303095882e-09,-0.00011189380679117646,-0.027449104595959773,-113.5635953602026,0.0515490026947905,740.762709449638,-0.04363283628443973,-625.3686049681203,0.0,0.0,-3.33883303095882e-09,-0.00011189380679117646,0.0,0.0,-0.027449104595959773,-113.5635953602026,0.0,0.0,0.0,124.39301481843,124.39301481843
1004,0.502009987831116,2.504721110491272e-07,-269.5311769517346,-0.00014841663966978032,-269.02582319645603,-0.04367636866677243,-625.9943306881626,-2.821170577358201e-10,0.004731967106555452,-1.2249088192522378e-08,-0.0001219947598292291,-0.027478307213929663,-113.6637052984278,0.0516014008997889,741.491934463088,-0.04367636866677243,-625.9943306881626,0.0,0.0,-1.2249088192522378e-08,-0.0001219947598292291,0.0,0.0,-0.027478307213929663,-113.6637052984278,0.0,0.0,0.0,124.387560546398,124.387560546398
1005,0.502508997917175,2.482352469376452e-07,-269.7874455166497,-0.00014873407143885727,-269.28045837613206,-0.0437198838200608,-626.6198122689125,3.65480603425515e-11,0.0047451310198889825,2.275612874071518e-09,-7.995090321834047e-05,-0.027507495404679554,-113.76369676343288,0.0516537768857584,742.220855859892,-0.0437198838200608,-626.6198122689125,0.0,0.0,2.275612874071518e-09,-7.995090321834047e-05,0.0,0.0,-0.027507495404679554,-113.76369676343288,0.0,0.0,0.0,124.382108062506,124.382108062506
1006,0.50300794839859,2.460519457702034e-07,-270.04363737379884,-0.0001490521093966934,-269.535037857772,-0.043763396531412174,-627.2452661353097,-4.215153502647497e-11,0.004762560562983128,-2.37838201432958e-09,-0.00012451650614704276,-0.02753669851335835,-113.86375547619822,0.0517061587973142,742.949716630984,-0.043763396531412174,-627.2452661353097,0.0,0.0,-2.37838201432958e-09,-0.00012451650614704276,0.0,0.0,-0.02753669851335835,-113.86375547619822,0.0,0.0,0.0,124.376655966043,124.376655966043
1007,0.503507018089294,2.438625065208461e-07,-270.29989111645676,-0.00014937034438114783,-269.78966069558936,-0.04380692412514391,-627.8709219500289,-1.8557243564528567e-10,0.004737599764201964,-7.775871457037364e-09,-0.00011344920599806437,-0.02756590080254065,-113.96375768575652,0.0517585529156384,743.678778018107,-0.04380692412514391,-627.8709219500289,0.0,0.0,-7.775871457037364e-09,-0.00011344920599806437,0.0,0.0,-0.02756590080254065,-113.96375768575652,0.0,0.0,0.0,124.371202349663,124.371202349663
1008,0.504006266593933,2.4164585840139764e-07,-270.5562540785717,-0.00014968918782963257,-270.0443898028399,-0.0438504660121194,-628.4968027608867,-1.6570956569751784e-10,0.004732608417185695,-6.664097356539428e-09,-0.00010244256509602261,-0.027595122405124985,-114.06374551074248,0.0518109694654063,744.40810596609,-0.0438504660121194,-628.4968027608867,0.0,0.0,-6.664097356539428e-09,-0.00010244256509602261,0.0,0.0,-0.027595122405124985,-114.06374551074248,0.0,0.0,0.0,124.365746855736,124.365746855736
1009,0.504505217075348,2.3943858056941124e-07,-270.81241200722513,-0.00015000829695327103,-270.2989153517292,-0.0438939787148185,-629.1222711161709,5.3150393172069574e-11,0.004755403740529376,2.5827044602215105e-09,-9.366537059924134e-05,-0.027624331990372238,-114.1636533521473,0.0518633549616464,745.136925619173,-0.0438939787148185,-629.1222711161709,0.0,0.0,2.5827044602215105e-09,-9.366537059924134e-05,0.0,0.0,-0.027624331990372238,-114.1636533521473,0.0,0.0,0.0,124.360295712948,124.360295712948
1010,0.505004286766052,2.3727449054598692e-07,-271.06861035835186,-0.0001503278629432321,-270.55347065384694,-0.043937505368635256,-629.7479467116134,-1.1137331850236438e-10,0.004756667000721675,-5.411293667205919e-09,-0.00012929600054105775,-0.02765355478709543,-114.26361365548458,0.0519157593501669,745.865954324365,-0.043937505368635256,-629.7479467116134,0.0,0.0,-5.411293667205919e-09,-0.00012929600054105775,0.0,0.0,-0.02765355478709543,-114.26361365548458,0.0,0.0,0.0,124.354842931032,124.354842931032
1011,0.505503416061401,2.350846520037663e-07,-271.3248104667602,-0.00015064763868044814,-270.80804397364153,-0.043981033837764756,-630.3736593619777,-2.2943660672655182e-10,0.00472927647257005,-9.500465675535422e-09,-0.00010813757782803337,-0.027682773637893003,-114.36347814473547,0.0519681632203008,746.595007369325,-0.043981033837764756,-630.3736593619777,0.0,0.0,-9.500465675535422e-09,-0.00010813757782803337,0.0,0.0,-0.027682773637893003,-114.36347814473547,0.0,0.0,0.0,124.349389880896,124.349389880896
1012,0.506002128124237,2.3288583701819983e-07,-271.5808298078145,-0.00015096774912488908,-271.06241192605984,-0.04402452843731502,-630.9988854468994,-3.2424454434571874e-11,0.004742554879400791,-8.407028745717933e-10,-9.120012256196778e-05,-0.027711982250659354,-114.46324606700492,0.0520205330201867,747.32349517207,-0.04402452843731502,-630.9988854468994,0.0,0.0,-8.407028745717933e-10,-9.120012256196778e-05,0.0,0.0,-0.027711982250659354,-114.46324606700492,0.0,0.0,0.0,124.343941360712,124.343941360712
1013,0.506501197814941,2.3070941606337115e-07,-271.8369889618977,-0.0001512885779545562,-271.3169127701813,-0.044068054549811636,-631.6245546637816,-1.4292170187834838e-13,0.004759972715858856,-6.583973799489262e-11,-0.00011114685345260168,-0.027741220212350082,-114.56309187220786,0.0520729451727317,748.052468627183,-0.044068054549811636,-631.6245546637816,0.0,0.0,-6.583973799489262e-11,-0.00011114685345260168,0.0,0.0,-0.027741220212350082,-114.56309187220786,0.0,0.0,0.0,124.338489025831,124.338489025831
1014,0.507015526294708,2.2848748497135593e-07,-272.10094318340293,-0.00015161942901972318,-271.57917310552665,-0.04411291345143545,-632.2693979496776,-2.3069137306607425e-10,0.004745256036420252,-1.0216814882890954e-08,-0.0001319267118116696,-0.02777134898271644,-114.66595959723006,0.0521269598767972,748.803742273311,-0.04411291345143545,-632.2693979496776,0.0,0.0,-1.0216814882890954e-08,-0.0001319267118116696,0.0,0.0,-0.02777134898271644,-114.66595959723006,0.0,0.0,0.0,124.332870334387,124.332870334387
1015,0.507514357566833,2.2630873460104887e-07,-272.3569319756873,-0.00015194052543036291,-271.8334970453921,-0.04415641220391595,-632.8947046892284,-1.2092449176129663e-10,0.004730682372799496,-4.565454535114514e-09,-9.036917411098916e-05,-0.027800562320503708,-114.76561652814492,0.0521793358527382,749.532255806429,-0.04415641220391595,-632.8947046892284,0.0,0.0,-4.565454535114514e-09,-9.036917411098916e-05,0.0,0.0,-0.027800562320503708,-114.76561652814492,0.0,0.0,0.0,124.327421694994,124.327421694994
1016,0.508013486862183,2.24128665994898e-07,-272.6130708237672,-0.00015226267640798592,-272.08797547844495,-0.04419994379957329,-633.5204662317775,-2.6876363899281568e-12,0.004751301256421304,1.5412283797248242e-10,-9.877262554562703e-05,-0.027829819366606837,-114.86537444661028,0.0522317629592977,750.261279947057,-0.04419994379957329,-633.5204662317775,0.0,0.0,1.5412283797248242e-10,-9.877262554562703e-05,0.0,0.0,-0.027829819366606837,-114.86537444661028,0.0,0.0,0.0,124.321969658136,124.321969658136
1017,0.508512616157532,2.2197979779476626e-07,-272.86919199594615,-0.0001525850279108062,-272.3424331196883,-0.044243476640152345,-634.1462842941194,-1.2535308188704864e-10,0.004759728134091628,-5.793765971086587e-09,-0.00013195220226903275,-0.027859074765786727,-114.96511883781083,0.0522841902897372,750.990336338741,-0.044243476640152345,-634.1462842941194,0.0,0.0,-5.793765971086587e-09,-0.00013195220226903275,0.0,0.0,-0.027859074765786727,-114.96511883781083,0.0,0.0,0.0,124.316517502069,124.316517502069
1018,0.509011685848236,2.198288063007573e-07,-273.12524250106594,-0.00015290746411229154,-272.5968122382333,-0.0442870013361535,-634.7719785737911,-1.425146191835269e-10,0.004734426399796668,-5.720256597357284e-09,-0.00010040717982605428,-0.027888315008714727,-115.06475402707066,0.0523366026993987,751.719217898501,-0.0442870013361535,-634.7719785737911,0.0,0.0,-5.720256597357284e-09,-0.00010040717982605428,0.0,0.0,-0.027888315008714727,-115.06475402707066,0.0,0.0,0.0,124.311066269875,124.311066269875
1019,0.509510576725006,2.1766800258395364e-07,-273.3812158727052,-0.00015323054424798652,-272.85110784185247,-0.04433051074106025,-635.3974570497771,-1.0434481300338796e-10,0.004739864215025372,-4.0318590354609655e-09,-9.898484326813011e-05,-0.027917566248817624,-115.1643646362249,0.0523890080786749,752.447855716547,-0.04433051074106025,-635.3974570497771,0.0,0.0,-4.0318590354609655e-09,-9.898484326813011e-05,0.0,0.0,-0.027917566248817624,-115.1643646362249,0.0,0.0,0.0,124.305616885424,124.305616885424
1020,0.51000988483429,2.1551226206418157e-07,-273.637373951687,-0.000153554271250816,-273.10559173709026,-0.0443740567809514,-636.0234641331418,-4.481843863925391e-11,0.004755495115187941,-2.186976407430402e-09,-0.00011465290934505284,-0.02794684599310889,-115.26402897283118,0.0524414596967163,753.177084082383,-0.0443740567809514,-636.0234641331418,0.0,0.0,-2.186976407430402e-09,-0.00011465290934505284,0.0,0.0,-0.02794684599310889,-115.26402897283118,0.0,0.0,0.0,124.300163865089,124.300163865089
1021,0.510508835315704,2.1338233955623998e-07,-273.893312536766,-0.00015387789089454077,-273.35984827290105,-0.044417571706947385,-636.6490424098815,-1.179976869783465e-10,0.0047505745490959116,-5.038726767185727e-09,-0.0001185081885009358,-0.027976096363507817,-115.36357316490957,0.0524938693804615,753.905770330432,-0.044417571706947385,-636.6490424098815,0.0,0.0,-5.038726767185727e-09,-0.0001185081885009358,0.0,0.0,-0.027976096363507817,-115.36357316490957,0.0,0.0,0.0,124.294714570045,124.294714570045
1022,0.511007606983185,2.1124826988317305e-07,-274.1491554987318,-0.0001542019030639586,-273.61400233745405,-0.04446107159847562,-637.2743900904502,-1.1808286033710297e-10,0.004732899593858388,-4.415819345555359e-09,-9.3864501503697e-05,-0.028005344779317945,-115.4630551609892,0.0525462653493548,754.63418099796,-0.04446107159847562,-637.2743900904502,0.0,0.0,-4.415819345555359e-09,-9.3864501503697e-05,0.0,0.0,-0.028005344779317945,-115.4630551609892,0.0,0.0,0.0,124.289266973734,124.289266973734
1023,0.511506497859955,2.0910980593611935e-07,-274.4050548431443,-0.00015452663805412125,-273.8682220469256,-0.044504582561242484,-637.8999126225486,-1.4713907872796952e-10,0.004745449831013344,-6.486152013460642e-09,-0.00011937936015198698,-0.028034616715603516,-115.56256029475045,0.0525986832712273,755.362787711229,-0.044504582561242484,-637.8999126225486,0.0,0.0,-6.486152013460642e-09,-0.00011937936015198698,0.0,0.0,-0.028034616715603516,-115.56256029475045,0.0,0.0,0.0,124.283818781376,124.283818781376
1024,0.512005686759949,2.0697380498507652e-07,-274.6611001934287,-0.00015485163731304057,-274.12256565762596,-0.04454811982894147,-638.5258606909779,7.585770412688625e-12,0.004754365290568864,4.840799115702817e-10,-0.00010216460721924523,-0.02806389539945502,-115.66204380056983,0.0526511270948467,756.091849005184,-0.04454811982894147,-638.5258606909779,0.0,0.0,4.840799115702817e-10,-0.00010216460721924523,0.0,0.0,-0.02806389539945502,-115.66204380056983,0.0,0.0,0.0,124.278367340565,124.278367340565
1025,0.512504518032074,2.0486536894221445e-07,-274.91690429939825,-0.0001551769118291911,-274.37667168328426,-0.04459162386346189,-639.1512572609558,-1.5375942615944988e-10,0.004742272485798685,-6.6624231465930635e-09,-0.00011768142261334548,-0.028093161964520757,-115.7614675088246,0.0527035363885692,756.820262198444,-0.04459162386346189,-639.1512572609558,0.0,0.0,-6.6624231465930635e-09,-0.00011768142261334548,0.0,0.0,-0.028093161964520757,-115.7614675088246,0.0,0.0,0.0,124.272920250893,124.272920250893
1026,0.513003289699554,2.027496107121745e-07,-275.17269207419105,-0.00015550257834485735,-274.6307574884347,-0.044635126482019324,-639.7766789002978,-1.400792300648376e-10,0.004735443072004818,-5.4686972575628605e-09,-0.00010051390300612213,-0.02812243112066715,-115.86084094711669,0.0527559459141388,757.54867617476,-0.044635126482019324,-639.7766789002978,0.0,0.0,-5.4686972575628605e-09,-0.00010051390300612213,0.0,0.0,-0.02812243112066715,-115.86084094711669,0.0,0.0,0.0,124.267473369837,124.267473369837
1027,0.513502299785614,2.006301218543318e-07,-275.4285753939744,-0.00015582878106748413,-274.88493416076375,-0.04467864574082229,-640.4023498127456,-9.240689559694814e-11,0.004751667157013292,-3.945268449610984e-09,-0.00011690193044421255,-0.028151717792107372,-115.96021847558447,0.0528083789045794,758.277369508879,-0.04467864574082229,-640.4023498127456,0.0,0.0,-3.945268449610984e-09,-0.00011690193044421255,0.0,0.0,-0.028151717792107372,-115.96021847558447,0.0,0.0,0.0,124.262024253607,124.262024253607
1028,0.514001131057739,1.9851706624544056e-07,-275.68434296509787,-0.0001561551487154118,-275.13899539782557,-0.04472214843550426,-641.0277988535448,-2.0743663852832594e-11,0.004748846250987537,-6.184893028503699e-10,-9.931778041443839e-05,-0.028180991873772473,-116.05951008984928,0.052860791217563,759.005778998092,-0.04472214843550426,-641.0277988535448,0.0,0.0,-6.184893028503699e-10,-9.931778041443839e-05,0.0,0.0,-0.028180991873772473,-116.05951008984928,0.0,0.0,0.0,124.256577700377,124.256577700377
1029,0.514515459537506,1.9636686143260974e-07,-275.94803657970664,-0.00015649217805733802,-275.4009205509919,-0.04476700626163784,-641.6727072121031,-1.7058484765227566e-10,0.004740122460417197,-7.22486742213137e-09,-0.00011645654999579568,-0.028211186822796292,-116.16191074876963,0.0529148410317998,759.756828626585,-0.04476700626163784,-641.6727072121031,0.0,0.0,-7.22486742213137e-09,-0.00011645654999579568,0.0,0.0,-0.028211186822796292,-116.16191074876963,0.0,0.0,0.0,124.250962018967,124.250962018967
1030,0.515014469623566,1.9427081350492612e-07,-276.2038692442894,-0.0001568195742876061,-275.655043381869,-0.044810527820400015,-642.2984355853664,-1.4659878110823946e-10,0.0047396365792217385,-6.0887138281113565e-09,-0.0001100465629095106,-0.02824048711665454,-116.26121257572755,0.0529672833789447,760.485522712195,-0.044810527820400015,-642.2984355853664,0.0,0.0,-6.0887138281113565e-09,-0.0001100465629095106,0.0,0.0,-0.02824048711665454,-116.26121257572755,0.0,0.0,0.0,124.245513558388,124.245513558388
1031,0.515513241291046,1.9216921726504717e-07,-276.4595839329281,-0.0001571471115767021,-275.9090402949329,-0.04485403018280596,-642.9238754441234,-1.882499405868807e-11,0.004751216893978019,-7.169654900711059e-10,-0.00010303573924763058,-0.02826977349238372,-116.36040406385477,0.0530197021134819,761.213868329668,-0.04485403018280596,-642.9238754441234,0.0,0.0,-7.169654900711059e-10,-0.00010303573924763058,0.0,0.0,-0.02826977349238372,-116.36040406385477,0.0,0.0,0.0,124.240068048239,124.240068048239
1032,0.516012012958527,1.9008576895319146e-07,-276.71525151933173,-0.0001574750863723606,-276.1629763195672,-0.04489752834497956,-643.5492668777155,-8.036190807599521e-11,0.00474519165817781,-3.120557167224156e-09,-0.00010612760427051006,-0.028299065355996803,-116.45959007200202,0.0530721202699703,761.942133599528,-0.04489752834497956,-643.5492668777155,0.0,0.0,-3.120557167224156e-09,-0.00010612760427051006,0.0,0.0,-0.028299065355996803,-116.45959007200202,0.0,0.0,0.0,124.234622746706,124.234622746706
1033,0.516510784626007,1.880271867600731e-07,-276.9708933707601,-0.00015780354605176886,-276.4168919736655,-0.04494102965280454,-644.1747146738036,-2.275647079852036e-10,0.004742532260744881,-9.955242343135551e-09,-0.00012859639005243493,-0.028328364971891437,-116.55878430518314,0.0531245452708025,762.670431568751,-0.04494102965280454,-644.1747146738036,0.0,0.0,-9.955242343135551e-09,-0.00012859639005243493,0.0,0.0,-0.028328364971891437,-116.55878430518314,0.0,0.0,0.0,124.229177474976,124.229177474976
1034,0.517009496688843,1.8594747049796932e-07,-277.22651905462675,-0.00015813208828093845,-276.6707881957057,-0.04498452599061636,-644.8000928775535,-2.5763503353567635e-11,0.0047436197786336065,-4.705652929972611e-10,-9.214481717474167e-05,-0.02835765518452614,-116.65786598950884,0.053176961101184,763.398641210879,-0.04498452599061636,-644.8000928775535,0.0,0.0,-4.705652929972611e-10,-9.214481717474167e-05,0.0,0.0,-0.02835765518452614,-116.65786598950884,0.0,0.0,0.0,124.223732858896,124.223732858896
1035,0.517507612705231,1.8386757079103466e-07,-277.4818284809898,-0.0001584609198310903,-276.92435959684997,-0.045027969718291073,-645.4247195078631,-7.99813446292267e-11,0.004744856804937823,-3.167025986691689e-09,-0.00010636154228978374,-0.028386925163640744,-116.7568205846094,0.0532293216854621,764.125964617506,-0.045027969718291073,-645.4247195078631,0.0,0.0,-3.167025986691689e-09,-0.00010636154228978374,0.0,0.0,-0.028386925163640744,-116.7568205846094,0.0,0.0,0.0,124.218295454979,124.218295454979
1036,0.518005907535553,1.8182578135000217e-07,-277.73718108603504,-0.00015879025756571416,-277.17797706245364,-0.045071428784327856,-646.0495852978952,-1.6651690548281511e-10,0.004749161462396567,-7.28925714109389e-09,-0.00012733278283645426,-0.02841621079738358,-116.85583137722023,0.0532817036431934,764.853531559517,-0.045071428784327856,-646.0495852978952,0.0,0.0,-7.28925714109389e-09,-0.00012733278283645426,0.0,0.0,-0.02841621079738358,-116.85583137722023,0.0,0.0,0.0,124.212855607271,124.212855607271
1037,0.51850426197052,1.7978491527560845e-07,-277.9925429732913,-0.00015911971014297965,-277.43159920773087,-0.04511489291571027,-646.6745185030803,-7.353772437916108e-11,0.004742150427900153,-2.755842999890959e-09,-0.00010103822323847189,-0.028445489724511545,-116.95477149682705,0.0533340863573923,765.581150282111,-0.04511489291571027,-646.6745185030803,0.0,0.0,-2.755842999890959e-09,-0.00010103822323847189,0.0,0.0,-0.028445489724511545,-116.95477149682705,0.0,0.0,0.0,124.207416027784,124.207416027784
1038,0.519002735614777,1.7772199215023962e-07,-278.24797500872944,-0.00015944991688039044,-277.68529258822,-0.04515836705406264,-647.299606942383,-1.2317115433877206e-10,0.004738482869400547,-4.807052274508662e-09,-0.00010316920568083148,-0.02847479106613242,-117.05369632144246,0.0533864895414275,766.308949646945,-0.04515836705406264,-647.299606942383,0.0,0.0,-4.807052274508662e-09,-0.00010316920568083148,0.0,0.0,-0.02847479106613242,-117.05369632144246,0.0,0.0,0.0,124.201974928379,124.201974928379
1039,0.519501090049744,1.7567340206736531e-07,-278.5033550714758,-0.0001597805250069485,-277.9389205306396,-0.04520183490103785,-647.924606164384,-1.0467979836753635e-10,0.004747541818054535,-4.26027431983096e-09,-0.00011437503556642969,-0.028504095490224406,-117.15259869526774,0.053438889097581,767.036628205384,-0.04520183490103785,-647.924606164384,0.0,0.0,-4.26027431983096e-09,-0.00011437503556642969,0.0,0.0,-0.028504095490224406,-117.15259869526774,0.0,0.0,0.0,124.196534901857,124.196534901857
1040,0.520015358924866,1.736012269451415e-07,-278.7667957830612,-0.0001601218920909841,-278.20054972943933,-0.045246685970988604,-648.5694953760127,-1.0062699110774779e-10,0.004751148614535537,-4.422874904094254e-09,-0.00012013695222580067,-0.028534328080777435,-117.25464095160062,0.0534929538297259,767.787414249862,-0.045246685970988604,-648.5694953760127,0.0,0.0,-4.422874904094254e-09,-0.00012013695222580067,0.0,0.0,-0.028534328080777435,-117.25464095160062,0.0,0.0,0.0,124.190922260284,124.190922260284
1041,0.520513892173767,1.7157075868394733e-07,-279.02219425405724,-0.000160453119857262,-278.45418612357133,-0.04529016566825745,-649.1946650928782,-9.347680250682646e-11,0.004737544618977574,-3.5720173866831228e-09,-9.585544761817923e-05,-0.0285636351167651,-117.3534712370026,0.0535453649028095,768.515236722715,-0.04529016566825745,-649.1946650928782,0.0,0.0,-3.5720173866831228e-09,-9.585544761817923e-05,0.0,0.0,-0.0285636351167651,-117.3534712370026,0.0,0.0,0.0,124.185481280088,124.185481280088
1042,0.521012365818024,1.6953144667123471e-07,-279.27757770605416,-0.0001607850843391014,-278.70780975755275,-0.04533363972974392,-649.8197843586105,-1.8065653827598104e-10,0.004739305976325811,-7.3990254208668325e-09,-0.00011462494958103188,-0.02859296010189193,-117.45228999055136,0.0535977808347206,769.243005310795,-0.04533363972974392,-649.8197843586105,0.0,0.0,-7.3990254208668325e-09,-0.00011462494958103188,0.0,0.0,-0.02859296010189193,-117.45228999055136,0.0,0.0,0.0,124.180040597916,124.180040597916
1043,0.521511018276215,1.6752424299461297e-07,-279.53298973382823,-0.00016111731941344603,-278.96145596987884,-0.0453771303553136,-650.4451242513818,-6.703180625516965e-12,0.004754788596102191,-3.2293581021295255e-10,-0.0001082503308696991,-0.02862228923099575,-117.55112006308931,0.0536502130370847,769.970981128165,-0.0453771303553136,-650.4451242513818,0.0,0.0,-3.2293581021295255e-10,-0.0001082503308696991,0.0,0.0,-0.02862228923099575,-117.55112006308931,0.0,0.0,0.0,124.174599260092,124.174599260092
1044,0.522009670734406,1.6553923550619323e-07,-279.78839446721275,-0.00016144991330306846,-279.2150959021788,-0.0454206233944865,-651.070548222314,-1.223304842158327e-10,0.004747926149942239,-5.132280527283892e-09,-0.00011901750751626135,-0.028651621966236447,-117.64994580808697,0.0537026492544067,770.699022960267,-0.0454206233944865,-651.070548222314,0.0,0.0,-5.132280527283892e-09,-0.00011901750751626135,0.0,0.0,-0.028651621966236447,-117.64994580808697,0.0,0.0,0.0,124.169156730175,124.169156730175
1045,0.522508323192596,1.635214527544547e-07,-280.04378904297016,-0.0001617829454853749,-279.46871548305006,-0.0454641115961416,-651.695859931086,-1.868120426824401e-10,0.004726910704105081,-7.288919241776294e-09,-9.807349421358798e-05,-0.02868095756008804,-117.74866601220624,0.0537550829553655,771.42694335667,-0.0454641115961416,-651.695859931086,0.0,0.0,-7.288919241776294e-09,-9.807349421358798e-05,0.0,0.0,-0.02868095756008804,-117.74866601220624,0.0,0.0,0.0,124.163715034723,124.163715034723
1046,0.523007154464722,1.6151928990609231e-07,-280.29931500339194,-0.000162116740703597,-279.7224557865787,-0.04550762392648891,-652.3215453261788,-8.765025759263364e-11,0.0047505149698178345,-3.64770523957903e-09,-0.00011565191839320223,-0.028710323021643686,-117.84746183646931,0.0538075530507157,772.155282986044,-0.04550762392648891,-652.3215453261788,0.0,0.0,-3.64770523957903e-09,-0.00011565191839320223,0.0,0.0,-0.028710323021643686,-117.84746183646931,0.0,0.0,0.0,124.158271372318,124.158271372318
1047,0.523506045341492,1.5954632827122338e-07,-280.55474223652317,-0.00016245060301012354,-279.9761004015688,-0.045551130431259926,-652.9471380781845,1.7737115899252914e-11,0.004757555449238615,7.270966547783667e-10,-0.00010740085535918638,-0.028739674497184047,-117.9462011330821,0.0538600108057325,772.883465793087,-0.045551130431259926,-652.9471380781845,0.0,0.0,7.270966547783667e-10,-0.00010740085535918638,0.0,0.0,-0.028739674497184047,-117.9462011330821,0.0,0.0,0.0,124.152827739716,124.152827739716
1048,0.524004936218262,1.575755229929254e-07,-280.8102028333088,-0.00016278499340607508,-280.2297821934097,-0.04559464297052395,-653.5728331233303,-2.242491902134633e-10,0.0047351659266217025,-9.22828920830729e-09,-0.00011739981886040897,-0.02876903879581354,-118.04493010341777,0.053912480557136,773.611759596416,-0.04559464297052395,-653.5728331233303,0.0,0.0,-9.22828920830729e-09,-0.00011739981886040897,0.0,0.0,-0.02876903879581354,-118.04493010341777,0.0,0.0,0.0,124.147383749485,124.147383749485
1049,0.524503827095032,1.5558325893958255e-07,-281.0656984921775,-0.0001631199313798188,-280.48348518563796,-0.04563815898819879,-654.1985825094771,-1.7031063279544542e-10,0.004731222476464313,-6.825725923589181e-09,-0.00010284262829035455,-0.02879841493876228,-118.1436079808198,0.0539649596215313,774.340112494056,-0.04563815898819879,-654.1985825094771,0.0,0.0,-6.825725923589181e-09,-0.00010284262829035455,0.0,0.0,-0.02879841493876228,-118.1436079808198,0.0,0.0,0.0,124.141940176487,124.141940176487
1050,0.525002717971802,1.5362118224749288e-07,-281.32112428188634,-0.00016345512992053032,-280.7371155820239,-0.045681669133004185,-654.8242649456687,4.2280927739276704e-11,0.0047612139246587595,1.7244458414344522e-09,-0.00010838890063386204,-0.028827787274912878,-118.24226548161151,0.054017431737801,775.068354639176,-0.045681669133004185,-654.8242649456687,0.0,0.0,1.7244458414344522e-09,-0.00010838890063386204,0.0,0.0,-0.028827787274912878,-118.24226548161151,0.0,0.0,0.0,124.136496990919,124.136496990919
1051,0.525501310825348,1.5167729401053936e-07,-281.5763657672569,-0.00016379048649551637,-280.99055903183967,-0.04572515377101345,-655.4495841321823,-1.0082900467152282e-10,0.0047481445267233205,-4.272319882522112e-09,-0.00011480051345426974,-0.028857143986117318,-118.34084345540973,0.0540698739943494,775.796143722736,-0.04572515377101345,-655.4495841321823,0.0,0.0,-4.272319882522112e-09,-0.00011480051345426974,0.0,0.0,-0.028857143986117318,-118.34084345540973,0.0,0.0,0.0,124.131056904793,124.131056904793
1052,0.526000142097473,1.4972595712174879e-07,-281.8317280951318,-0.00016412649977705552,-281.2441314966378,-0.04576866064685388,-656.0752260875211,-3.025542008733237e-10,0.004728840154764026,-1.2469972790254856e-08,-0.00012068926733540294,-0.028886524857493528,-118.4394346640557,0.0541223480022806,776.524298688776,-0.04576866064685388,-656.0752260875211,0.0,0.0,-1.2469972790254856e-08,-0.00012068926733540294,0.0,0.0,-0.028886524857493528,-118.4394346640557,0.0,0.0,0.0,124.125614643097,124.125614643097
1053,0.526514708995819,1.4770940897296063e-07,-282.09516863279583,-0.00016447343342184236,-281.5057126446453,-0.04581354309627709,-656.7206543355464,6.5549983183435565e-12,0.004746275874801566,6.416111424251012e-10,-9.268332583926083e-05,-0.028916833309512547,-118.54107299910721,0.0541764804247811,777.275468710263,-0.04581354309627709,-656.7206543355464,0.0,0.0,6.416111424251012e-10,-9.268332583926083e-05,0.0,0.0,-0.028916833309512547,-118.54107299910721,0.0,0.0,0.0,124.120000660419,124.120000660419
1054,0.527012944221497,1.457847390914164e-07,-282.35017736621427,-0.0001648098797363366,-281.758912116734,-0.045856995129627286,-657.3455263484567,-1.0939164114906268e-11,0.004758618311484594,-6.373265051062066e-10,-0.00011556707658932539,-0.02894618646803094,-118.63949236570599,0.0542288933657915,778.002684698271,-0.045856995129627286,-657.3455263484567,0.0,0.0,-6.373265051062066e-10,-0.00011556707658932539,0.0,0.0,-0.02894618646803094,-118.63949236570599,0.0,0.0,0.0,124.114565134048,124.114565134048
1055,0.527511298656464,1.438679729884977e-07,-282.60524067065944,-0.0001651467144891856,-282.0121724614669,-0.04590046027793951,-657.9705662099649,-2.4308873592469e-10,0.0047360845929053375,-1.0180221963326399e-08,-0.00012399153944299543,-0.028975548877167048,-118.73790514441644,0.0542813223854938,778.7300839252,-0.04590046027793951,-657.9705662099649,0.0,0.0,-1.0180221963326399e-08,-0.00012399153944299543,0.0,0.0,-0.028975548877167048,-118.73790514441644,0.0,0.0,0.0,124.109129011631,124.109129011631
1056,0.528010010719299,1.4194385849270086e-07,-282.8604998385449,-0.00016548408725224084,-282.26560422618536,-0.04594395909682482,-658.5961357741775,-1.2495066635465222e-10,0.004734715429249733,-4.724825648501221e-09,-9.715585533914026e-05,-0.029004932438940912,-118.8363156656102,0.0543337912194754,779.458064104906,-0.04594395909682482,-658.5961357741775,0.0,0.0,-4.724825648501221e-09,-9.715585533914026e-05,0.0,0.0,-0.029004932438940912,-118.8363156656102,0.0,0.0,0.0,124.103687942028,124.103687942028
1057,0.528508245944977,1.4003270266778627e-07,-283.11547952526126,-0.00016582178444628456,-282.51876958981546,-0.04598741302222247,-659.2210191634425,-8.900680224272208e-12,0.0047544719405670025,-2.331357454930061e-10,-0.00010748929472801034,-0.02903430090727213,-118.93463720211022,0.0543862140853204,780.185253624589,-0.04598741302222247,-659.2210191634425,0.0,0.0,-2.331357454930061e-10,-0.00010748929472801034,0.0,0.0,-0.02903430090727213,-118.93463720211022,0.0,0.0,0.0,124.098253160715,124.098253160715
1058,0.52900630235672,1.3813525551796508e-07,-283.3703669279271,-0.00016615966540619066,-282.7718343339856,-0.046030852740714244,-659.845744046281,-1.190747891980204e-10,0.004749507828736163,-4.9973536024892266e-09,-0.00011862901141477264,-0.029063660324454028,-119.0328918373752,0.0544386201565219,780.912229666821,-0.046030852740714244,-659.845744046281,0.0,0.0,-4.9973536024892266e-09,-0.00011862901141477264,0.0,0.0,-0.029063660324454028,-119.0328918373752,0.0,0.0,0.0,124.092820078135,124.092820078135
1059,0.529504597187042,1.36250045801856e-07,-283.62531435696013,-0.00016649796232956262,-283.0249620632653,-0.046074312330650215,-660.4707582242412,-2.092715641593354e-10,0.004735370423886907,-8.691002836830636e-09,-0.00011586799437478929,-0.029093031313479317,-119.13115263230938,0.0544910492589333,781.639496260419,-0.046074312330650215,-660.4707582242412,0.0,0.0,-8.691002836830636e-09,-0.00011586799437478929,0.0,0.0,-0.029093031313479317,-119.13115263230938,0.0,0.0,0.0,124.08738514781,124.08738514781
1060,0.530002772808075,1.3436403972683909e-07,-283.8802453565832,-0.00016683667231547224,-283.27805560130565,-0.04611776373817535,-661.095651263259,-4.4161990726089995e-11,0.004741620976442831,-1.5716887474177588e-09,-9.710928125545204e-05,-0.02912240393865104,-119.2293500829636,0.0545434723671807,782.366633076757,-0.04611776373817535,-661.095651263259,0.0,0.0,-1.5716887474177588e-09,-9.710928125545204e-05,0.0,0.0,-0.02912240393865104,-119.2293500829636,0.0,0.0,0.0,124.08195117116,124.08195117116
1061,0.530500888824463,1.3248431135273305e-07,-284.13510138187814,-0.00016717594817690666,-283.5310787708998,-0.04616120836041805,-661.720445747163,-8.854388113543826e-11,0.004748724137967848,-3.882817955120605e-09,-0.00011707627177479454,-0.029151784987454788,-119.32752839825737,0.0545958942876105,783.093631593506,-0.04616120836041805,-661.720445747163,0.0,0.0,-3.882817955120605e-09,-0.00011707627177479454,0.0,0.0,-0.029151784987454788,-119.32752839825737,0.0,0.0,0.0,124.076518565416,124.076518565416
1062,0.531014919281006,1.3056019202359546e-07,-284.39809803504676,-0.00016752620177007418,-283.79217413789894,-0.04620604382712037,-662.365254779162,-1.616188878332826e-10,0.0047417932689733655,-6.679547729742497e-09,-0.00011610772843949802,-0.02918209831431286,-119.42879007173778,0.0546499900569557,783.843889385526,-0.04620604382712037,-662.365254779162,0.0,0.0,-6.679547729742497e-09,-0.00011610772843949802,0.0,0.0,-0.02918209831431286,-119.42879007173778,0.0,0.0,0.0,124.070911735296,124.070911735296
1063,0.531513512134552,1.2871381200946438e-07,-284.65315021767645,-0.00016786638635775942,-284.04538179082465,-0.046249531004639126,-662.9906825005423,-1.3303914092297028e-10,0.004741987982320568,-5.3988363830223645e-09,-0.00011139891408564807,-0.029211505820187673,-119.52699846536406,0.0547024621893037,784.571566724614,-0.046249531004639126,-662.9906825005423,0.0,0.0,-5.3988363830223645e-09,-0.00011139891408564807,0.0,0.0,-0.029211505820187673,-119.52699846536406,0.0,0.0,0.0,124.065473824739,124.065473824739
1064,0.532011747360229,1.2685519372450684e-07,-284.90803025643964,-0.00016820685434413595,-284.29841278544507,-0.046292985899100046,-663.6156535422309,-5.905650430532343e-11,0.004742733946059882,-2.153659839490001e-09,-9.894120162479126e-05,-0.02924090139018896,-119.62508084427398,0.0547549007042016,785.298713123046,-0.046292985899100046,-663.6156535422309,0.0,0.0,-2.153659839490001e-09,-9.894120162479126e-05,0.0,0.0,-0.02924090139018896,-119.62508084427398,0.0,0.0,0.0,124.06004011631,124.06004011631
1065,0.532510459423065,1.250089897473117e-07,-285.1631409083234,-0.00016854808163777548,-284.5516693281195,-0.04633648438467031,-664.2412506597414,-1.4669701039119567e-10,0.004745904497933537,-6.455235682999716e-09,-0.0001238013089739612,-0.02927033215210453,-119.72324619128429,0.0548073949198173,786.026567126872,-0.04633648438467031,-664.2412506597414,0.0,0.0,-6.455235682999716e-09,-0.0001238013089739612,0.0,0.0,-0.02927033215210453,-119.72324619128429,0.0,0.0,0.0,124.054601728916,124.054601728916
1066,0.533009052276611,1.2318271138833018e-07,-285.4181384769527,-0.00016888932076534552,-284.80480680150447,-0.04637996971750641,-664.8666467666893,-7.48149988033902e-11,0.004744814791752212,-2.8666740348874115e-09,-0.00010552993223397972,-0.02929974577512621,-119.82132659290464,0.0548598689125456,786.75415477815,-0.04637996971750641,-664.8666467666893,0.0,0.0,-2.8666740348874115e-09,-0.00010552993223397972,0.0,0.0,-0.02929974577512621,-119.82132659290464,0.0,0.0,0.0,124.04916447401,124.04916447401
1067,0.533507525920868,1.2137250422003225e-07,-285.67306077677165,-0.00016923116407653637,-285.05786504709806,-0.04642344524246603,-665.4919326360699,-1.3615601262536237e-10,0.0047436526002759966,-5.479121968543802e-09,-0.00011445093045064285,-0.029329168549721316,-119.91941044551139,0.0549123395531447,787.481594392265,-0.04642344524246603,-665.4919326360699,0.0,0.0,-5.479121968543802e-09,-0.00011445093045064285,0.0,0.0,-0.029329168549721316,-119.91941044551139,0.0,0.0,0.0,124.043728947639,124.043728947639
1068,0.534006178379059,1.1954163895970046e-07,-285.92809997841704,-0.00016957345775458753,-285.3110425242385,-0.04646693581071619,-666.1174517423814,-1.4925715543726525e-10,0.0047364617708001225,-6.0782135170497576e-09,-0.00010778112301739482,-0.029358603920089425,-120.0174333913439,0.0549648296908651,788.209307988424,-0.04646693581071619,-666.1174517423814,0.0,0.0,-6.0782135170497576e-09,-0.00010778112301739482,0.0,0.0,-0.029358603920089425,-120.0174333913439,0.0,0.0,0.0,124.038291603327,124.038291603327
1069,0.53450471162796,1.1773430313112113e-07,-286.18306213568803,-0.0001699160460086274,-285.5641293435157,-0.046510421836237034,-666.7428796085333,-5.363296299919922e-11,0.0047504878248864554,-2.048446011450108e-09,-0.00011046169196972247,-0.029388035462875543,-120.11542809402985,0.0550173139950371,788.936879996461,-0.046510421836237034,-666.7428796085333,0.0,0.0,-2.048446011450108e-09,-0.00011046169196972247,0.0,0.0,-0.029388035462875543,-120.11542809402985,0.0,0.0,0.0,124.032854914665,124.032854914665
1070,0.535003304481506,1.1595294963004769e-07,-286.4379879865982,-0.00017025904881030576,-285.817183037126,-0.04655390664517054,-667.368316811471,-8.503687916985571e-11,0.004749908685727812,-3.350407721554791e-09,-0.00011320256558338283,-0.029417473210465266,-120.21343016870972,0.0550698006367633,789.664436441433,-0.04655390664517054,-667.368316811471,0.0,0.0,-3.350407721554791e-09,-0.00011320256558338283,0.0,0.0,-0.029417473210465266,-120.21343016870972,0.0,0.0,0.0,124.027418702841,124.027418702841
1071,0.53550136089325,1.14170164936351e-07,-286.6926431277149,-0.0001706021741350839,-286.06996143452443,-0.04659734508739315,-667.9930961749252,-2.422277904706275e-10,0.004735458457251762,-9.942166542531767e-09,-0.00012061406032031169,-0.029446886680242222,-120.31128420051019,0.0551222351639298,790.391217135213,-0.04659734508739315,-667.9930961749252,0.0,0.0,-9.942166542531767e-09,-0.00012061406032031169,0.0,0.0,-0.029446886680242222,-120.31128420051019,0.0,0.0,0.0,124.021988719702,124.021988719702
1072,0.53600001335144,1.1237417591831603e-07,-286.9476308390045,-0.00017094592087589473,-286.32307707336275,-0.0466408402548001,-668.6186942198078,-2.5948365757521618e-11,0.004740299553083575,-7.13511166383147e-10,-9.110318638042036e-05,-0.029476333696845575,-120.40916238215192,0.0551747356169657,791.11893668217,-0.0466408402548001,-668.6186942198078,0.0,0.0,-7.13511166383147e-10,-9.110318638042036e-05,0.0,0.0,-0.029476333696845575,-120.40916238215192,0.0,0.0,0.0,124.016551882029,124.016551882029
1073,0.536514103412628,1.1056187581151675e-07,-287.2104707684675,-0.00017130101023268667,-286.5839690252101,-0.04668568152547615,-669.2636595622567,-6.26717716644284e-11,0.00475445540881584,-2.59850048708825e-09,-0.00012048723089756871,-0.02950670808268089,-120.5101353242219,0.0552288694925314,791.869158744318,-0.04668568152547615,-669.2636595622567,0.0,0.0,-2.59850048708825e-09,-0.00012048723089756871,0.0,0.0,-0.02950670808268089,-120.5101353242219,0.0,0.0,0.0,124.010946512222,124.010946512222
1074,0.53701251745224,1.0881730498970586e-07,-287.46524002403845,-0.00017164549475082375,-286.83684612247197,-0.046729150872575335,-669.8889082129215,-1.835000114629329e-10,0.004741555884877742,-7.696344812752275e-09,-0.0001224558396540421,-0.02953615122562725,-120.60797600378365,0.0552813461547636,792.596412911698,-0.046729150872575335,-669.8889082129215,0.0,0.0,-7.696344812752275e-09,-0.0001224558396540421,0.0,0.0,-0.02953615122562725,-120.60797600378365,0.0,0.0,0.0,124.005512923002,124.005512923002
1075,0.537511110305786,1.0705898541462978e-07,-287.72013699162267,-0.00017199043061241222,-287.0898419772901,-0.04677263939777228,-670.5144159542947,-1.3933889222773416e-10,0.004730557889991355,-5.4694613746884774e-09,-9.758863492247724e-05,-0.029565607103080593,-120.70576827283061,0.0553338458841195,793.323968575433,-0.04677263939777228,-670.5144159542947,0.0,0.0,-5.4694613746884774e-09,-9.758863492247724e-05,0.0,0.0,-0.029565607103080593,-120.70576827283061,0.0,0.0,0.0,124.000077277422,124.000077277422
1076,0.538009524345398,1.0531265195659686e-07,-287.9749121148213,-0.000172335821622411,-287.342721115022,-0.04681610841294026,-671.1396700552093,-4.780986362774891e-11,0.00474848979567901,-1.9052342281481834e-09,-0.00010822511508301732,-0.02959506337544779,-120.80351338975538,0.0553863293852865,794.051216847508,-0.04681610841294026,-671.1396700552093,0.0,0.0,-1.9052342281481834e-09,-0.00010822511508301732,0.0,0.0,-0.02959506337544779,-120.80351338975538,0.0,0.0,0.0,123.994644016027,123.994644016027
1077,0.538508176803589,1.0359829175047675e-07,-288.2297833379485,-0.00017268178050610332,-287.59569480086196,-0.04685960527284364,-671.765306406738,-9.292609820070764e-11,0.004753529875688389,-3.969497974043715e-09,-0.00012422063801487918,-0.029624539642834735,-120.90133506274228,0.0554388471595926,794.77886950103,-0.04685960527284364,-671.765306406738,0.0,0.0,-3.969497974043715e-09,-0.00012422063801487918,0.0,0.0,-0.029624539642834735,-120.90133506274228,0.0,0.0,0.0,123.989207804203,123.989207804203
1078,0.539006888866425,1.0188534503090365e-07,-288.4846624865386,-0.0001730279830609788,-287.8486729027038,-0.04690310212364925,-672.3909637808526,-2.1057869143548848e-10,0.004733696518443131,-8.515240740439374e-09,-0.00011429920125787538,-0.029654014660358302,-120.99908778475022,0.0554913643100581,795.506534494297,-0.04690310212364925,-672.3909637808526,0.0,0.0,-8.515240740439374e-09,-0.00011429920125787538,0.0,0.0,-0.029654014660358302,-120.99908778475022,0.0,0.0,0.0,123.98377174139,123.98377174139
1079,0.539504885673523,1.0016717158655787e-07,-288.73919366140217,-0.00017337417945477714,-288.1012878569946,-0.04694653750732384,-673.0157705582808,-7.681039991818231e-11,0.0047351212175748975,-2.847322840734333e-09,-9.235241512815817e-05,-0.02968345393371288,-121.09663474437264,0.0555438104560496,796.233192230828,-0.04694653750732384,-673.0157705582808,0.0,0.0,-2.847322840734333e-09,-9.235241512815817e-05,0.0,0.0,-0.02968345393371288,-121.09663474437264,0.0,0.0,0.0,123.978343367577,123.978343367577
1080,0.540002822875977,9.847124179733192e-08,-288.9936718269212,-0.000173720956994615,-288.3538468387217,-0.046989969698079295,-673.6404909206539,-7.264995772631043e-11,0.004756149691453625,-3.2627995173985148e-09,-0.0001245819937251407,-0.02971290421570877,-121.19420474572301,0.0555962598394793,796.959741541001,-0.046989969698079295,-673.6404909206539,0.0,0.0,-3.2627995173985148e-09,-0.0001245819937251407,0.0,0.0,-0.02971290421570877,-121.19420474572301,0.0,0.0,0.0,123.972915530205,123.972915530205
1081,0.540500938892365,9.679584002413858e-08,-289.2482047321277,-0.0001740680109852892,-288.6064656895019,-0.04703341706572932,-674.26547612983,-1.3850383174448812e-10,0.0047457513103739205,-5.6696266052083665e-09,-0.00011821299247408048,-0.029742359992397018,-121.29177194034902,0.055648725039106,797.686556387969,-0.04703341706572932,-674.26547612983,0.0,0.0,-5.6696266052083665e-09,-0.00011821299247408048,0.0,0.0,-0.029742359992397018,-121.29177194034902,0.0,0.0,0.0,123.967485994101,123.967485994101
1082,0.541014850139618,9.507031057582389e-08,-289.51077084445654,-0.00017442640758142498,-288.86704495832885,-0.0470782379631175,-674.9101828570664,-1.413151648545539e-10,0.004732899761731614,-5.448191965748203e-09,-0.00010054407650078243,-0.02977274625371634,-121.39234576788338,0.055702848524836,798.436292170833,-0.0470782379631175,-674.9101828570664,0.0,0.0,-5.448191965748203e-09,-0.00010054407650078243,0.0,0.0,-0.02977274625371634,-121.39234576788338,0.0,0.0,0.0,123.961885303259,123.961885303259
1083,0.541512548923492,9.339548176225888e-08,-289.7651010479495,-0.00017477417379767378,-289.11944709995464,-0.047121650177997576,-675.5346640619615,-1.0010927415887535e-10,0.004739836454697714,-3.887650810869897e-09,-0.0001061154766589462,-0.029802193341239774,-121.48974424372943,0.0557552794761786,799.162504629004,-0.047121650177997576,-675.5346640619615,0.0,0.0,-3.887650810869897e-09,-0.0001061154766589462,0.0,0.0,-0.029802193341239774,-121.48974424372943,0.0,0.0,0.0,123.956460982561,123.956460982561
1084,0.542010068893433,9.175098702870516e-08,-290.01926889890944,-0.0001751222335526761,-289.3716967023532,-0.0471650427780174,-676.1588646923346,-1.000427086183878e-10,0.004756278368875148,-4.381264229533775e-09,-0.00013014213383009173,-0.029831632401942882,-121.5871084559313,0.0558076896119341,799.888361243241,-0.0471650427780174,-676.1588646923346,0.0,0.0,-4.381264229533775e-09,-0.00013014213383009173,0.0,0.0,-0.029831632401942882,-121.5871084559313,0.0,0.0,0.0,123.951038599014,123.951038599014
1085,0.542508125305176,9.011308745381638e-08,-290.27370993256596,-0.00017547073873109704,-289.62419590284253,-0.04720848399667374,-676.7837566381927,-8.27394161241203e-11,0.004736327568652096,-2.916391029891859e-09,-9.627658812005001e-05,-0.029861092600208177,-121.68448829967011,0.0558601521885744,800.614994547868,-0.04720848399667374,-676.7837566381927,0.0,0.0,-2.916391029891859e-09,-9.627658812005001e-05,0.0,0.0,-0.029861092600208177,-121.68448829967011,0.0,0.0,0.0,123.945610851049,123.945610851049
1086,0.54300594329834,8.84835002167436e-08,-290.5280417545752,-0.0001758197914580607,-289.8765923447711,-0.04725190800470933,-677.4084077085911,-2.1968054116080213e-10,0.004736102753928238,-9.023842953235127e-09,-0.00011990403483509867,-0.029890558825309044,-121.78184029738941,0.0559126034949344,801.341343821793,-0.04725190800470933,-677.4084077085911,0.0,0.0,-9.023842953235127e-09,-0.00011990403483509867,0.0,0.0,-0.029890558825309044,-121.78184029738941,0.0,0.0,0.0,123.940185010433,123.940185010433
1087,0.543504118919373,8.685773242976182e-08,-290.7825037972186,-0.00017616945942738104,-290.12910959127043,-0.04729535704425298,-678.0334606448735,-7.524686037237086e-11,0.004746015265177747,-2.9803070856126304e-09,-0.00010981371217043834,-0.029920045371354266,-121.87919519787947,0.0559650868725606,802.068124753431,-0.04729535704425298,-678.0334606448735,0.0,0.0,-2.9803070856126304e-09,-0.00010981371217043834,0.0,0.0,-0.029920045371354266,-121.87919519787947,0.0,0.0,0.0,123.934756785631,123.934756785631
1088,0.54400247335434,8.524972899843227e-08,-291.0370487112284,-0.00017651956816867377,-290.3817120459702,-0.04733882298029974,-678.658731564099,-3.690856710122999e-11,0.004751151170030207,-1.4879941323874094e-09,-0.00011020801603666428,-0.029949544070965367,-121.97656898727391,0.0560175910798034,802.795154286556,-0.04733882298029974,-678.658731564099,0.0,0.0,-1.4879941323874094e-09,-0.00011020801603666428,0.0,0.0,-0.029949544070965367,-121.97656898727391,0.0,0.0,0.0,123.929325997829,123.929325997829
1089,0.544500589370728,8.365553134228654e-08,-291.29146007561195,-0.00017686985510397378,-290.63417029385687,-0.04738227307422576,-679.2837564763765,-1.8436834874090966e-10,0.004736094199677708,-7.478680185569977e-09,-0.00011320213632433807,-0.0299790318757447,-122.07386231535159,0.0560700761265768,803.521863642221,-0.04738227307422576,-679.2837564763765,0.0,0.0,-7.478680185569977e-09,-0.00011320213632433807,0.0,0.0,-0.0299790318757447,-122.07386231535159,0.0,0.0,0.0,123.923898398876,123.923898398876
1090,0.545014500617981,8.202341752204905e-08,-291.5539203079126,-0.00017723188793282554,-290.894613418498,-0.04742709544326276,-679.92857452702,-2.13890132905282e-10,0.004741079810215008,-8.850254728653738e-09,-0.00012569967977588874,-0.03000946658629389,-122.17422922053959,0.0561242271940305,804.271579337031,-0.04742709544326276,-679.92857452702,0.0,0.0,-8.850254728653738e-09,-0.00012569967977588874,0.0,0.0,-0.03000946658629389,-122.17422922053959,0.0,0.0,0.0,123.918298482895,123.918298482895
1091,0.545513033866882,8.043673067350576e-08,-291.80852841176954,-0.00017758333503417988,-291.14727750938863,-0.0474705800147754,-680.554142365552,2.6045569872425425e-11,0.004745752896510538,1.3288535589755122e-09,-9.191501823275789e-05,-0.030038988513056405,-122.27151244413653,0.0561767597292162,804.998893119606,-0.0474705800147754,-680.554142365552,0.0,0.0,1.3288535589755122e-09,-9.191501823275789e-05,0.0,0.0,-0.030038988513056405,-122.27151244413653,0.0,0.0,0.0,123.912866175175,123.912866175175
1092,0.54601126909256,7.887719123990383e-08,-292.06295176179464,-0.00017793507040475694,-291.3997295237068,-0.047514037739624024,-681.1793197051223,-1.4215705313424705e-10,0.004746441173246185,-5.870872105517037e-09,-0.00012293158763214559,-0.03006850050013888,-122.36875163943749,0.0562292643162331,805.725727001796,-0.047514037739624024,-681.1793197051223,0.0,0.0,-5.870872105517037e-09,-0.00012293158763214559,0.0,0.0,-0.03006850050013888,-122.36875163943749,0.0,0.0,0.0,123.907437771559,123.907437771559
1093,0.546509146690369,7.733400821905017e-08,-292.31716792489493,-0.00017828683610882963,-291.651988593957,-0.04755746570004496,-681.8040685520181,-2.016448701683384e-10,0.004737309805290961,-8.212075633307955e-09,-0.00011996399730938509,-0.030097991794593305,-122.46588572305843,0.0562817327387878,806.452038373588,-0.04755746570004496,-681.8040685520181,0.0,0.0,-8.212075633307955e-09,-0.00011996399730938509,0.0,0.0,-0.030097991794593305,-122.46588572305843,0.0,0.0,0.0,123.902013272047,123.902013272047
1094,0.547007143497467,7.579456054414551e-08,-292.5714399912558,-0.0001786392205855228,-291.90429757740446,-0.0476009002272835,-682.428957533398,-8.93217216521275e-11,0.004741866305279278,-3.5622018568784912e-09,-0.0001055075382849957,-0.030127498204356295,-122.56300083315223,0.0563342148474458,807.178504247084,-0.0476009002272835,-682.428957533398,0.0,0.0,-3.5622018568784912e-09,-0.0001055075382849957,0.0,0.0,-0.030127498204356295,-122.56300083315223,0.0,0.0,0.0,123.896587610245,123.896587610245
1095,0.547505557537079,7.425431581912831e-08,-292.82594626761437,-0.00017899224447525156,-292.1568295640515,-0.04764437640766921,-683.0544163849441,-5.083082419493755e-11,0.004742301592482991,-1.7821502853285247e-09,-9.99193212262784e-05,-0.03015703236993374,-122.66013792390883,0.0563867470498698,807.905621387443,-0.04764437640766921,-683.0544163849441,0.0,0.0,-1.7821502853285247e-09,-9.99193212262784e-05,0.0,0.0,-0.03015703236993374,-122.66013792390883,0.0,0.0,0.0,123.891157597303,123.891157597303
1096,0.548003852367401,7.274778296138282e-08,-293.08031452678387,-0.0001793456353150285,-292.4092214222807,-0.047687837972100036,-683.679685590194,-1.7152342067179947e-10,0.004747831857634853,-7.3085963274406694e-09,-0.00013272635283601833,-0.030186563934862257,-122.75727692451647,0.0564392655649331,808.632478376358,-0.047687837972100036,-683.679685590194,0.0,0.0,-7.3085963274406694e-09,-0.00013272635283601833,0.0,0.0,-0.030186563934862257,-122.75727692451647,0.0,0.0,0.0,123.885729074478,123.885729074478
1097,0.548502087593079,7.125179364257022e-08,-293.33464610504404,-0.00017969929481601358,-292.66156359843296,-0.047731294224407056,-684.3048851983931,-1.5037730298495157e-10,0.004738927646613766,-6.068795354291459e-09,-0.00011224617656059306,-0.030216091747707095,-122.85435221342267,0.0564917776378513,809.35923618631,-0.047731294224407056,-684.3048851983931,0.0,0.0,-6.068795354291459e-09,-0.00011224617656059306,0.0,0.0,-0.030216091747707095,-122.85435221342267,0.0,0.0,0.0,123.880301386118,123.880301386118
1098,0.549000442028046,6.974975355907797e-08,-293.58906536022045,-0.00018005344499232942,-292.91398317329134,-0.04777476101623127,-684.9302292992923,-6.474787159384183e-11,0.004735584675930819,-2.2918148729342803e-09,-9.293967039019193e-05,-0.030245631936999702,-122.95137335989469,0.0565443052895196,810.086168304971,-0.04777476101623127,-684.9302292992923,0.0,0.0,-2.2918148729342803e-09,-9.293967039019193e-05,0.0,0.0,-0.030245631936999702,-122.95137335989469,0.0,0.0,0.0,123.874873012304,123.874873012304
1099,0.549514055252075,6.822109392029667e-08,-293.8512506793211,-0.00018041905719756214,-293.1741217059539,-0.04781956249798977,-685.5748047688389,-1.1556319179876784e-10,0.004746706936992973,-4.831970021008823e-09,-0.00012034476173039717,-0.030276089256161244,-123.05137931914363,0.056598451296719,810.835419843373,-0.04781956249798977,-685.5748047688389,0.0,0.0,-4.831970021008823e-09,-0.00012034476173039717,0.0,0.0,-0.030276089256161244,-123.05137931914363,0.0,0.0,0.0,123.869277775288,123.869277775288
1100,0.550012052059174,6.676860255746554e-08,-294.10541370561435,-0.00018077383967145456,-293.4262851322351,-0.047862998546987084,-686.1997303476094,-1.6239008638356024e-10,0.00474885443105473,-6.732262563173791e-09,-0.00013059650206733212,-0.030305619027671378,-123.14834062023246,0.056650947509683,811.561804748518,-0.047862998546987084,-686.1997303476094,0.0,0.0,-6.732262563173791e-09,-0.00013059650206733212,0.0,0.0,-0.030305619027671378,-123.14834062023246,0.0,0.0,0.0,123.863853335381,123.863853335381
1101,0.550510048866272,6.531480440925392e-08,-294.35956595638686,-0.0001811288542321567,-293.678442446327,-0.04790643448225047,-686.8246506327135,-8.548344346909128e-11,0.0047335566269434345,-3.125221410631333e-09,-9.310915689495262e-05,-0.0303351453010338,-123.24520766517381,0.0567034418082633,812.288165357177,-0.04790643448225047,-686.8246506327135,0.0,0.0,-3.125221410631333e-09,-9.310915689495262e-05,0.0,0.0,-0.0303351453010338,-123.24520766517381,0.0,0.0,0.0,123.858429133892,123.858429133892
1102,0.551008403301239,6.386276436831964e-08,-294.6139544238673,-0.0001814848940740202,-293.9308190819473,-0.04794990684375239,-687.4501082453046,-1.6075027207605878e-10,0.004735344856669467,-6.44324448149462e-09,-0.00010972597127914779,-0.030364714285016192,-123.3421356647224,0.0567559897870357,813.015155041223,-0.04794990684375239,-687.4501082453046,0.0,0.0,-6.44324448149462e-09,-0.00010972597127914779,0.0,0.0,-0.030364714285016192,-123.3421356647224,0.0,0.0,0.0,123.853000640869,123.853000640869
1103,0.551506578922272,6.243934920267232e-08,-294.8681671739131,-0.00018184104133235407,-294.1830213991257,-0.04799335863087414,-688.075281234406,-9.368900397057696e-11,0.004753465985746511,-4.0666961465250416e-09,-0.0001300700433413196,-0.030394267252712135,-123.43901464767605,0.0568085118681102,813.741770525288,-0.04799335863087414,-688.075281234406,0.0,0.0,-4.0666961465250416e-09,-0.0001300700433413196,0.0,0.0,-0.030394267252712135,-123.43901464767605,0.0,0.0,0.0,123.847574830055,123.847574830055
1104,0.55200457572937,6.10333030838964e-08,-295.12225501987473,-0.00018219729104799104,-294.43509670819867,-0.04803679207662714,-688.7002063471376,-6.821709031738017e-11,0.0047426033199863896,-2.7164554511130904e-09,-0.0001034633899835958,-0.030423806214626398,-123.53581382514504,0.0568610110133019,814.468073729177,-0.04803679207662714,-688.7002063471376,0.0,0.0,-2.7164554511130904e-09,-0.0001034633899835958,0.0,0.0,-0.030423806214626398,-123.53581382514504,0.0,0.0,0.0,123.842150866985,123.842150866985
1105,0.552502453327179,5.962805941906122e-08,-295.3763445103168,-0.00018255415048205631,-294.68716214299985,-0.04808022476221069,-689.3250926922684,-2.323768651043215e-10,0.004729471792170335,-9.229175714863735e-09,-0.00011219445602061702,-0.030453355941549343,-123.63256258510386,0.0569135153307973,815.19433412967,-0.04808022476221069,-689.3250926922684,0.0,0.0,-9.229175714863735e-09,-0.00011219445602061702,0.0,0.0,-0.030453355941549343,-123.63256258510386,0.0,0.0,0.0,123.836728572845,123.836728572845
1106,0.553000509738922,5.8233676547913605e-08,-295.63046310498225,-0.00018291142323968726,-294.9392554441528,-0.04812366294058526,-689.9500964382695,-8.077397226333038e-11,0.004745860206338617,-3.2637818437350724e-09,-0.00011149095783865855,-0.03048291251312316,-123.72928402930057,0.0569660280052413,815.92071087927,-0.04812366294058526,-689.9500964382695,0.0,0.0,-3.2637818437350724e-09,-0.00011149095783865855,0.0,0.0,-0.03048291251312316,-123.72928402930057,0.0,0.0,0.0,123.831304967403,123.831304967403
1107,0.553514122962952,5.6823831778824695e-08,-295.8924921346921,-0.000183280277038938,-295.19920226162304,-0.048168463111832156,-690.5946812556084,-5.853939522614495e-11,0.004754476580111071,-2.498013938881886e-09,-0.00012268731877903053,-0.030513398791439078,-123.82904282647077,0.0570201888459212,816.669811837105,-0.048168463111832156,-690.5946812556084,0.0,0.0,-2.498013938881886e-09,-0.00012268731877903053,0.0,0.0,-0.030513398791439078,-123.82904282647077,0.0,0.0,0.0,123.825711220503,123.825711220503
1108,0.55401223897934,5.5464278000789185e-08,-296.1466141606561,-0.00018363839104125484,-295.4512865310288,-0.04821191041327393,-691.2198327579921,-1.5184879157330439e-10,0.0047335832121572635,-5.90580468584184e-09,-0.00010287235145368663,-0.03054296817367188,-123.92573721443382,0.0570727161927419,817.396308626486,-0.04821191041327393,-691.2198327579921,0.0,0.0,-5.90580468584184e-09,-0.00010287235145368663,0.0,0.0,-0.03054296817367188,-123.92573721443382,0.0,0.0,0.0,123.820287108421,123.820287108421
1109,0.554509997367859,5.411280161466557e-08,-296.4005562026465,-0.0001839967402592407,-295.70318941080166,-0.048255327522570314,-691.8445383280219,-2.1298913030589403e-10,0.004736521219887199,-8.737312847320357e-09,-0.00012015611730200855,-0.03057252384321938,-124.02232866068884,0.0571252107502299,818.122282539805,-0.048255327522570314,-691.8445383280219,0.0,0.0,-8.737312847320357e-09,-0.00012015611730200855,0.0,0.0,-0.03057252384321938,-124.02232866068884,0.0,0.0,0.0,123.814866572618,123.814866572618
1110,0.555008053779602,5.2774864409669984e-08,-296.65462574365637,-0.00018435561833672569,-295.95522073378186,-0.04829877121240752,-692.4696386058333,-1.3934972031410605e-11,0.004748560470432393,-5.120626811258329e-10,-0.0001064981737715642,-0.0306020981673679,-124.11893366713235,0.0571777377995187,818.848685510827,-0.04829877121240752,-692.4696386058333,0.0,0.0,-5.120626811258329e-10,-0.0001064981737715642,0.0,0.0,-0.0306020981673679,-124.11893366713235,0.0,0.0,0.0,123.809443593025,123.809443593025
1111,0.555506229400635,5.145949412314076e-08,-296.9087440599967,-0.00018471513911952608,-296.20729795368,-0.04834222741779629,-693.0949037688015,-1.0397105213232637e-10,0.004745795133095157,-4.2691926482588305e-09,-0.00011774761199355747,-0.030631690708482318,-124.21557717779106,0.0572302852260876,819.575268615847,-0.04834222741779629,-693.0949037688015,0.0,0.0,-4.2691926482588305e-09,-0.00011774761199355747,0.0,0.0,-0.030631690708482318,-124.21557717779106,0.0,0.0,0.0,123.804018944502,123.804018944502
1112,0.556004345417023,5.015287886288095e-08,-297.16277782845987,-0.00018507482158402856,-296.4592761469422,-0.04838566943464257,-693.7200193015617,-2.051749020586428e-10,0.004731160187217871,-8.187908560903475e-09,-0.00011145605848413205,-0.030661271637383736,-124.31212861267029,0.0572828145062034,820.301645410189,-0.04838566943464257,-693.7200193015617,0.0,0.0,-8.187908560903475e-09,-0.00011145605848413205,0.0,0.0,-0.030661271637383736,-124.31212861267029,0.0,0.0,0.0,123.798595458269,123.798595458269
1113,0.556502401828766,4.8861142072476323e-08,-297.41681223015553,-0.00018543493114745463,-296.71125745878834,-0.04842911643093917,-694.3451653469131,-1.3782273338850258e-10,0.004743646832899288,-5.744247374377443e-09,-0.00012059684590710602,-0.030690859834889627,-124.4086595543733,0.0573353519375473,821.028046862705,-0.04842911643093917,-694.3451653469131,0.0,0.0,-5.744247374377443e-09,-0.00012059684590710602,0.0,0.0,-0.030690859834889627,-124.4086595543733,0.0,0.0,0.0,123.793172389269,123.793172389269
1114,0.557000517845154,4.757423622582667e-08,-297.67087833750946,-0.00018579560699571868,-296.9632693902909,-0.04847256562220116,-694.9703811456757,-4.923698855532302e-12,0.004742126136461626,-1.1205426579121492e-10,-9.568227097132343e-05,-0.03072045999997043,-124.50515705156916,0.0573878976842524,821.754525391794,-0.04847256562220116,-694.9703811456757,0.0,0.0,-1.1205426579121492e-10,-9.568227097132343e-05,0.0,0.0,-0.03072045999997043,-124.50515705156916,0.0,0.0,0.0,123.787749052048,123.787749052048
1115,0.557513892650604,4.627447372078119e-08,-297.932661433943,-0.00018616773675109668,-297.22292046549296,-0.04851734301239712,-695.6147049995054,-1.7669164670819572e-10,0.004744622380188586,-7.265212672420633e-09,-0.0001269458864955875,-0.03075096912260413,-124.60461342234369,0.0574420519601307,822.503168820253,-0.04851734301239712,-695.6147049995054,0.0,0.0,-7.265212672420633e-09,-0.0001269458864955875,0.0,0.0,-0.03075096912260413,-124.60461342234369,0.0,0.0,0.0,123.782159596682,123.782159596682
1116,0.558011949062347,4.502836574644161e-08,-298.18661771897666,-0.0001865288955803748,-297.47481736930905,-0.048560786178094034,-696.2398295573562,-1.8379973829008885e-10,0.004735179446564819,-7.369927649752402e-09,-0.00011602098081482117,-0.03078056152747425,-124.70103126074478,0.0574945885732924,823.229477993574,-0.048560786178094034,-696.2398295573562,0.0,0.0,-7.369927649752402e-09,-0.00011602098081482117,0.0,0.0,-0.03078056152747425,-124.70103126074478,0.0,0.0,0.0,123.776737958193,123.776737958193
1117,0.55851012468338,4.3787814616410494e-08,-298.44065758297694,-0.000186890813235271,-297.72678095452216,-0.048604240852229016,-696.8651323927534,-6.942815561849741e-11,0.004740389887469984,-2.7625309931806724e-09,-0.00010466926828332454,-0.03081017589683295,-124.79745071976232,0.0575471467215645,823.95599316317,-0.048604240852229016,-696.8651323927534,0.0,0.0,-2.7625309931806724e-09,-0.00010466926828332454,0.0,0.0,-0.03081017589683295,-124.79745071976232,0.0,0.0,0.0,123.77131447196,123.77131447196
1118,0.559008002281189,4.255961991351165e-08,-298.6945227235629,-0.00018725302824842778,-297.97857596828766,-0.04864766678835422,-697.4900333609605,-9.357293504192696e-11,0.0047414400523043895,-3.6238346972740413e-09,-0.00010792054635276106,-0.030839780810230373,-124.89378358365856,0.057599675589991,824.682031742752,-0.04864766678835422,-697.4900333609605,0.0,0.0,-3.6238346972740413e-09,-0.00010792054635276106,0.0,0.0,-0.030839780810230373,-124.89378358365856,0.0,0.0,0.0,123.765894711018,123.765894711018
1119,0.559506058692932,4.136251336603511e-08,-298.94843975181686,-0.0001876155019230549,-298.2304167135346,-0.04869111202552697,-698.1151955920128,-1.7673945887850607e-10,0.004748101142918307,-7.405388830119377e-09,-0.0001344905426670809,-0.03086939002086063,-124.99013938437221,0.0576522231151649,825.40833068581,-0.04869111202552697,-698.1151955920128,0.0,0.0,-7.405388830119377e-09,-0.0001344905426670809,0.0,0.0,-0.03086939002086063,-124.99013938437221,0.0,0.0,0.0,123.760472357273,123.760472357273
1120,0.560003757476807,4.0172120607961825e-08,-299.2021755351953,-0.00018797812640603274,-298.48206859322016,-0.04873452643415069,-698.7399436638399,-1.0307733769349967e-10,0.004734267489600166,-3.873651187587837e-09,-9.962581465609746e-05,-0.030898982400099615,-125.08637211304725,0.0577047356453544,826.134127426567,-0.04873452643415069,-698.7399436638399,0.0,0.0,-3.873651187587837e-09,-9.962581465609746e-05,0.0,0.0,-0.030898982400099615,-125.08637211304725,0.0,0.0,0.0,123.755054622889,123.755054622889
1121,0.56050181388855,3.89857374647215e-08,-299.45610722334015,-0.00018834181688934777,-298.73390726458723,-0.048777968829975454,-699.3650978029706,-1.6363884513090608e-10,0.004735949235200869,-6.523362515131241e-09,-0.00011176989254867696,-0.03092861520595417,-125.18265087440162,0.057757293516729,826.860413631144,-0.048777968829975454,-699.3650978029706,0.0,0.0,-6.523362515131241e-09,-0.00011176989254867696,0.0,0.0,-0.03092861520595417,-125.18265087440162,0.0,0.0,0.0,123.749633282423,123.749633282423
1122,0.561015129089355,3.77864525395398e-08,-299.71778028710605,-0.00018871667862964628,-298.9934266689028,-0.04882274480363875,-700.0094404936258,-6.934018394811163e-11,0.004748127511260879,-2.858301771894393e-09,-0.00011543684057203733,-0.030959145370886527,-125.28182814956216,0.0578114582608253,827.608947679214,-0.04882274480363875,-700.0094404936258,0.0,0.0,-2.858301771894393e-09,-0.00011543684057203733,0.0,0.0,-0.030959145370886527,-125.28182814956216,0.0,0.0,0.0,123.744046270847,123.744046270847
1123,0.561513066291809,3.6650080281296233e-08,-299.97153909809987,-0.00018908071977752377,-299.2450889594679,-0.04886617437977287,-700.6344186913799,-1.4686536129163791e-10,0.0047482951045365734,-5.874301288801254e-09,-0.00012652213797018671,-0.030988761641040148,-125.37802943427609,0.0578639965615886,828.33494824113,-0.04886617437977287,-700.6344186913799,0.0,0.0,-5.874301288801254e-09,-0.00012652213797018671,0.0,0.0,-0.030988761641040148,-125.37802943427609,0.0,0.0,0.0,123.738626658916,123.738626658916
1124,0.562011241912842,3.551315061667235e-08,-300.2254716138722,-0.00018944557102592072,-299.4969212163015,-0.048909627039654416,-701.2597545365364,-1.8964322550138516e-10,0.0047265427829696754,-7.237465770939921e-09,-0.0001016804614672915,-0.03101840750904403,-125.47422981432415,0.0579165702643113,829.061376091244,-0.048909627039654416,-701.2597545365364,0.0,0.0,-7.237465770939921e-09,-0.0001016804614672915,0.0,0.0,-0.03101840750904403,-125.47422981432415,0.0,0.0,0.0,123.733204543591,123.733204543591
1125,0.56250923871994,3.439004736730774e-08,-300.47933578930434,-0.0001898106489414416,-299.7486792112676,-0.0489530713083218,-701.8849448035808,-8.501443110445443e-11,0.004742574698366371,-3.3892001063316878e-09,-0.00010919958007651475,-0.03104804743403802,-125.57035337816951,0.0579691337529513,829.787618211569,-0.0489530713083218,-701.8849448035808,0.0,0.0,-3.3892001063316878e-09,-0.00010919958007651475,0.0,0.0,-0.03104804743403802,-125.57035337816951,0.0,0.0,0.0,123.727784395218,123.727784395218
1126,0.563007175922394,3.32946366277587e-08,-300.7330623182989,-0.00019017596556466043,-300.0002913091558,-0.0489965005808913,-702.5099472925818,-8.117969268508823e-11,0.004752529247753108,-3.4168457797946814e-09,-0.00012481521136560353,-0.031077677245555428,-125.66644596458805,0.0580216792160585,830.513594871221,-0.0489965005808913,-702.5099472925818,0.0,0.0,-3.4168457797946814e-09,-0.00012481521136560353,0.0,0.0,-0.031077677245555428,-125.66644596458805,0.0,0.0,0.0,123.722365289927,123.722365289927
1127,0.563504695892334,3.221292305611749e-08,-300.98659203122014,-0.00019054148703613017,-300.25170861361056,-0.04903989613611211,-703.1344555878032,-1.7325507633730865e-10,0.004738000611595183,-6.792329209142918e-09,-0.00011425838368327038,-0.031107292985155268,-125.76244186833645,0.0580741887241167,831.238997851921,-0.04903989613611211,-703.1344555878032,0.0,0.0,-6.792329209142918e-09,-0.00011425838368327038,0.0,0.0,-0.031107292985155268,-125.76244186833645,0.0,0.0,0.0,123.716950833797,123.716950833797
1128,0.564002692699432,3.113771181541743e-08,-301.2404032421844,-0.00019090781204340984,-300.5034045359625,-0.04908334000625317,-703.7596748191864,-1.8159483672058005e-10,0.0047294046730037426,-7.266008710474993e-09,-0.00010555729858058348,-0.031136946312580852,-125.85847831326411,0.0581267592218568,831.965211514601,-0.04908334000625317,-703.7596748191864,0.0,0.0,-7.266008710474993e-09,-0.00010555729858058348,0.0,0.0,-0.031136946312580852,-125.85847831326411,0.0,0.0,0.0,123.71153113246,123.71153113246
1129,0.564500510692596,3.008175465473354e-08,-301.49405014139273,-0.00019127431531494967,-300.7549468093818,-0.04912676234205125,-704.3845941672365,-4.006691183487223e-11,0.004750119720858592,-1.5151423790905315e-09,-0.00011429735761963201,-0.031166584705595947,-125.95443079950844,0.0581793035906075,832.691044422673,-0.04912676234205125,-704.3845941672365,0.0,0.0,-1.5151423790905315e-09,-0.00011429735761963201,0.0,0.0,-0.031166584705595947,-125.95443079950844,0.0,0.0,0.0,123.70611384511,123.70611384511
1130,0.565013408660889,2.90173571737725e-08,-301.7553758407981,-0.00019165243700942865,-301.01409064802004,-0.04917150157776634,-705.0284742747486,-1.0747498672922192e-10,0.004747562508972035,-4.468716764578248e-09,-0.00012036150067643568,-0.031197130796223233,-126.05330334434129,0.0582334463000981,833.438884659355,-0.04917150157776634,-705.0284742747486,0.0,0.0,-4.468716764578248e-09,-0.00012036150067643568,0.0,0.0,-0.031197130796223233,-126.05330334434129,0.0,0.0,0.0,123.70053255558,123.70053255558
1131,0.565510988235474,2.799652392131228e-08,-302.00886814005025,-0.00019201968053206178,-301.26545900926516,-0.049214902825920094,-705.6530966993687,-2.2232905472908762e-10,0.00472933315615643,-8.821496138498009e-09,-0.00011382139061603437,-0.03122676744356891,-126.14916742928466,0.0582859720404324,834.164335472446,-0.049214902825920094,-705.6530966993687,0.0,0.0,-8.821496138498009e-09,-0.00011382139061603437,0.0,0.0,-0.03122676744356891,-126.14916742928466,0.0,0.0,0.0,123.695118486881,123.695118486881
1132,0.566008806228638,2.699024492450926e-08,-302.2625005968244,-0.00019238738499595203,-301.5169469025899,-0.04925832572259544,-706.278039405013,-9.062544710946152e-11,0.0047408972055118445,-3.5467566282270127e-09,-0.00010738233900646878,-0.03125641737782633,-126.24502523155084,0.0583385232346246,834.890150798592,-0.04925832572259544,-706.278039405013,0.0,0.0,-3.5467566282270127e-09,-0.00010738233900646878,0.0,0.0,-0.03125641737782633,-126.24502523155084,0.0,0.0,0.0,123.689701855183,123.689701855183
1133,0.566506743431091,2.5997935356239848e-08,-302.5161700588569,-0.000192755746763,-301.76847584948587,-0.04930175782798236,-706.9031239567594,-7.733425177902013e-11,0.00474672594075376,-3.0061423452137366e-09,-0.000113093975403049,-0.03128608496993025,-126.34088194590899,0.0583910917217114,835.616114790064,-0.04930175782798236,-706.9031239567594,0.0,0.0,-3.0061423452137366e-09,-0.000113093975403049,0.0,0.0,-0.03128608496993025,-126.34088194590899,0.0,0.0,0.0,123.684284090996,123.684284090996
1134,0.567004680633545,2.5028768546376297e-08,-302.769818593198,-0.0001931245577786058,-302.0199807550192,-0.049345192213860474,-707.5282500758503,-1.9271414969376898e-10,0.004740412290722473,-7.720441791565713e-09,-0.00012526108001860198,-0.031315759637235194,-126.43674675325872,0.0584436659816565,836.342099522468,-0.049345192213860474,-707.5282500758503,0.0,0.0,-7.720441791565713e-09,-0.00012526108001860198,0.0,0.0,-0.031315759637235194,-126.43674675325872,0.0,0.0,0.0,123.678866326809,123.678866326809
1135,0.56750214099884,2.4073559021508727e-08,-303.0232083906141,-0.00019349316779712785,-302.2712234963314,-0.04938858379694251,-708.1527602386731,-9.651900708794491e-11,0.00473760609024363,-3.756838535214066e-09,-0.00010401906566030066,-0.031345398273621,-126.53244063836691,0.0584961848500064,837.067349600568,-0.04938858379694251,-708.1527602386731,0.0,0.0,-3.756838535214066e-09,-0.00010401906566030066,0.0,0.0,-0.031345398273621,-126.53244063836691,0.0,0.0,0.0,123.673454105854,123.673454105854
1136,0.568000018596649,2.3134247920032516e-08,-303.2768261090976,-0.00019386272702246078,-302.5226831801374,-0.04943201720381046,-708.7778689175435,-1.5330905828330876e-10,0.004738619946811559,-6.1422675127025236e-09,-0.00011695090125821649,-0.03137507734267849,-126.6282139090729,0.0585487607542156,837.79327947942,-0.04943201720381046,-708.7778689175435,0.0,0.0,-6.1422675127025236e-09,-0.00011695090125821649,0.0,0.0,-0.03137507734267849,-126.6282139090729,0.0,0.0,0.0,123.668037027121,123.668037027121
1137,0.5685133934021,2.217710432462557e-08,-303.5383212665925,-0.00019424426119715962,-302.78194752167974,-0.04947679649497601,-709.4223688723627,-1.4006048140676094e-10,0.004741474240030637,-5.5876185559603195e-09,-0.00011484329954612347,-0.03140568411232127,-126.72690796164879,0.058602970204604,838.541726393417,-0.04947679649497601,-709.4223688723627,0.0,0.0,-5.5876185559603195e-09,-0.00011484329954612347,0.0,0.0,-0.03140568411232127,-126.72690796164879,0.0,0.0,0.0,123.662452101707,123.662452101707
1138,0.569011628627777,2.127641246330993e-08,-303.7920523278568,-0.0001946148345672414,-303.0335198585808,-0.04952025506604131,-710.0478700772838,-9.64459462890018e-11,0.004747690109113835,-3.740435130623487e-09,-0.00011754657357677272,-0.03143538741017252,-126.8226895699372,0.0586555804537618,839.268072566237,-0.04952025506604131,-710.0478700772838,0.0,0.0,-3.740435130623487e-09,-0.00011754657357677272,0.0,0.0,-0.03143538741017252,-126.8226895699372,0.0,0.0,0.0,123.657031714916,123.657031714916
1139,0.569509327411652,2.0389342274197626e-08,-304.04549733278753,-0.00019498529793021802,-303.28479913182105,-0.04956366972226825,-710.6727439557643,-1.3462403544318391e-10,0.00473771371948669,-5.345338012341172e-09,-0.0001105299407716811,-0.03146505921999938,-126.91831444545332,0.058708136806775,839.993655570398,-0.04956366972226825,-710.6727439557643,0.0,0.0,-5.345338012341172e-09,-0.0001105299407716811,0.0,0.0,-0.03146505921999938,-126.91831444545332,0.0,0.0,0.0,123.651617735624,123.651617735624
1140,0.570007383823395,1.9513803801829894e-08,-304.2991672574539,-0.00019535677133936368,-303.53628860918997,-0.04960711576774118,-711.298094435457,-2.2946088046671344e-10,0.004733842361331814,-9.15977907534226e-09,-0.00011916974657804995,-0.031494769561774945,-127.01398484352542,0.0587607403698418,840.719806601455,-0.04960711576774118,-711.298094435457,0.0,0.0,-9.15977907534226e-09,-0.00011916974657804995,0.0,0.0,-0.031494769561774945,-127.01398484352542,0.0,0.0,0.0,123.646199256182,123.646199256182
1141,0.570505142211914,1.8655859004079876e-08,-304.5526106452765,-0.0001957282423743948,-303.78755956902006,-0.04965052932143826,-711.9229589722921,3.7738131354579866e-12,0.004745567179352171,1.7451122319645016e-10,-0.00010122263803229517,-0.031524455120439686,-127.10953019609428,0.0588133032747254,841.445367329823,-0.04965052932143826,-711.9229589722921,0.0,0.0,1.7451122319645016e-10,-0.00010122263803229517,0.0,0.0,-0.031524455120439686,-127.10953019609428,0.0,0.0,0.0,123.640785247087,123.640785247087
1142,0.571002840995789,1.7826715569792148e-08,-304.8060199853176,-0.00019610006122447026,-304.03879609130865,-0.049693947607696624,-712.5479004243945,-1.419385307218163e-10,0.004749464767986253,-5.766309924896857e-09,-0.000130522175050299,-0.031554146382522914,-127.20511331538975,0.058865873288354,842.170974697722,-0.049693947607696624,-712.5479004243945,0.0,0.0,-5.766309924896857e-09,-0.000130522175050299,0.0,0.0,-0.031554146382522914,-127.20511331538975,0.0,0.0,0.0,123.635371744633,123.635371744633
1143,0.571500301361084,1.700640189466347e-08,-305.0593222106246,-0.00019647211910392575,-304.2899077595631,-0.04973733972188162,-713.1724711547803,-2.3110952041759094e-10,0.004725369514985062,-9.127703342882069e-09,-0.00010990620693839166,-0.031583823948399765,-127.30054704489831,0.058918413922197,842.896162611514,-0.04973733972188162,-713.1724711547803,0.0,0.0,-9.127703342882069e-09,-0.00010990620693839166,0.0,0.0,-0.031583823948399765,-127.30054704489831,0.0,0.0,0.0,123.629960805178,123.629960805178
1144,0.572013676166534,1.6175982537641712e-08,-305.32069371805557,-0.0001968566800662177,-304.5490202690939,-0.049782117786845596,-713.8170117431532,-1.1834820064869484e-10,0.0047386528639763725,-4.576220828983474e-09,-0.00010913185496436075,-0.03161446108589068,-127.39901037746864,0.0589726390256315,843.644513928046,-0.049782117786845596,-713.8170117431532,0.0,0.0,-4.576220828983474e-09,-0.00010913185496436075,0.0,0.0,-0.03161446108589068,-127.39901037746864,0.0,0.0,0.0,123.624377280474,123.624377280474
1145,0.572511494159698,1.5393546632131986e-08,-305.57415155905903,-0.00019722985814075124,-304.80029042294717,-0.049825545614880985,-714.442100026433,-3.1115049282900445e-12,0.0047545968666433125,7.361262244703166e-11,-0.0001107398050356305,-0.03164417208405436,-127.49447556843828,0.0590252278464303,844.370259279791,-0.049825545614880985,-714.442100026433,0.0,0.0,7.361262244703166e-11,-0.0001107398050356305,0.0,0.0,-0.03164417208405436,-127.49447556843828,0.0,0.0,0.0,123.618962496519,123.618962496519
1146,0.573009371757507,1.4633483870431822e-08,-305.82754951748564,-0.00019760347141491006,-305.05148254882505,-0.049868969489647856,-715.0671825465009,-2.3211960394387815e-10,0.004739428898684894,-9.353140953145763e-09,-0.00013119160834712562,-0.03167388452761532,-127.5899294650436,0.0590778141620046,845.095948829168,-0.049868969489647856,-715.0671825465009,0.0,0.0,-9.353140953145763e-09,-0.00013119160834712562,0.0,0.0,-0.03167388452761532,-127.5899294650436,0.0,0.0,0.0,123.613548129797,123.613548129797
1147,0.573507130146027,1.3881553048087686e-08,-306.0809701767306,-0.00019797751420820215,-305.30269255020346,-0.049912390656371916,-715.6921822373622,-1.9948575170357433e-10,0.004727100314286602,-7.767552769290659e-09,-0.00010303175626785884,-0.031703601163004774,-127.68529180314981,0.0591304004961369,845.821569755479,-0.049912390656371916,-715.6921822373622,0.0,0.0,-7.767552769290659e-09,-0.00010303175626785884,0.0,0.0,-0.031703601163004774,-127.68529180314981,0.0,0.0,0.0,123.608134239912,123.608134239912
1148,0.574005007743835,1.3151256344864361e-08,-306.33439560122395,-0.00019835204332904996,-305.5539201620451,-0.049955821317003844,-716.3173257980254,-3.239219595409337e-12,0.00474864955480217,-1.66897888966479e-10,-0.00010664426211298163,-0.031733329051581285,-127.78066290460225,0.0591830009351132,846.547322438678,-0.049955821317003844,-716.3173257980254,0.0,0.0,-1.66897888966479e-10,-0.00010664426211298163,0.0,0.0,-0.031733329051581285,-127.78066290460225,0.0,0.0,0.0,123.602719992399,123.602719992399
1149,0.574502885341644,1.2439860438101758e-08,-306.5878188966985,-0.00019872699380347165,-305.8051237682133,-0.04999925087558245,-716.9424821275875,-1.4079807830476768e-10,0.004747093267767566,-5.539518733557406e-09,-0.0001248625884774121,-0.03176306061752615,-127.87601304123626,0.0592356024729244,847.273073944797,-0.04999925087558245,-716.9424821275875,0.0,0.0,-5.539518733557406e-09,-0.0001248625884774121,0.0,0.0,-0.03176306061752615,-127.87601304123626,0.0,0.0,0.0,123.5973059237,123.5973059237
1150,0.575000941753387,1.1750240515558586e-08,-306.8412973309546,-0.000199102465698593,-306.0563820398826,-0.05004269523109054,-717.567878395011,-2.477360097344883e-10,0.0047341385722172655,-9.763424519274907e-09,-0.00012345688892542446,-0.031792805976091854,-127.97137163618422,0.0592882239539802,847.999070058616,-0.05004269523109054,-717.567878395011,0.0,0.0,-9.763424519274907e-09,-0.00012345688892542446,0.0,0.0,-0.031792805976091854,-127.97137163618422,0.0,0.0,0.0,123.591889619827,123.591889619827
1151,0.575514376163483,1.1052667128841114e-08,-307.10260133931916,-0.0001994898457246971,-306.31540095739535,-0.05008748190762906,-718.2125831018292,-3.5267903434516124e-11,0.0047367534118443605,-1.325404570467826e-09,-9.293287378527135e-05,-0.031823469583187804,-128.06959573299622,0.0593424709323585,848.747470401254,-0.05008748190762906,-718.2125831018292,0.0,0.0,-1.325404570467826e-09,-9.293287378527135e-05,0.0,0.0,-0.031823469583187804,-128.06959573299622,0.0,0.0,0.0,123.586306631565,123.586306631565
1152,0.576012074947357,1.0396726518080215e-08,-307.3558847678407,-0.00019986606321257638,-306.56645947006257,-0.05013089368608583,-718.8375049435385,-1.309661548803007e-10,0.004744999065505101,-5.3844560270541564e-09,-0.00012386882961446248,-0.031853208707388586,-128.16482489364182,0.0593950616900552,849.472904129044,-0.05013089368608583,-718.8375049435385,0.0,0.0,-5.3844560270541564e-09,-0.00012386882961446248,0.0,0.0,-0.031853208707388586,-128.16482489364182,0.0,0.0,0.0,123.580894470215,123.580894470215
1153,0.576509594917297,9.761519068586197e-09,-307.60907155537683,-0.0002002423639981067,-306.81741262807606,-0.0501742953529723,-719.4622676622025,-1.6019879366036035e-10,0.0047400002900992375,-6.2907122933773e-09,-0.0001199750460370917,-0.03188293371021457,-128.25996176037577,0.0594476363965945,850.198116910313,-0.0501742953529723,-719.4622676622025,0.0,0.0,-6.2907122933773e-09,-0.0001199750460370917,0.0,0.0,-0.03188293371021457,-128.25996176037577,0.0,0.0,0.0,123.575484931469,123.575484931469
1154,0.577007532119751,9.146163738443938e-09,-307.86242216842595,-0.0002006193287556058,-307.06852641611715,-0.05021772721172754,-720.0874879858764,-1.1349605964519483e-10,0.004739611645100922,-4.549092133608925e-09,-0.00011061995561564017,-0.031912685019143745,-128.3551567901283,0.0595002507520577,850.923843566321,-0.05021772721172754,-720.0874879858764,0.0,0.0,-4.549092133608925e-09,-0.00011061995561564017,0.0,0.0,-0.031912685019143745,-128.3551567901283,0.0,0.0,0.0,123.570071548223,123.570071548223
1155,0.577505230903625,8.546835709023545e-09,-308.1156648514746,-0.00020099667373012139,-307.3195341537684,-0.05026114194551779,-720.712471335342,-1.5743147633907223e-10,0.0047350514388668705,-6.213358741085754e-09,-0.00011371841057001642,-0.031942432845757825,-128.45027448591836,0.059552848843999,851.649281321597,-0.05026114194551779,-720.712471335342,0.0,0.0,-6.213358741085754e-09,-0.00011371841057001642,0.0,0.0,-0.031942432845757825,-128.45027448591836,0.0,0.0,0.0,123.564660131931,123.564660131931
1156,0.578002691268921,7.964866074340766e-09,-308.368807375642,-0.00020137428406618023,-307.5704317573533,-0.050304538670228716,-721.337196054779,-1.3573199956595116e-10,0.00474038539254007,-5.338479965860508e-09,-0.00011425770421482706,-0.031972172450142965,-128.54530287861957,0.0596054273838263,852.374411382986,-0.050304538670228716,-721.337196054779,0.0,0.0,-5.338479965860508e-09,-0.00011425770421482706,0.0,0.0,-0.031972172450142965,-128.54530287861957,0.0,0.0,0.0,123.559250682592,123.559250682592
1157,0.578515470027924,7.388649862694201e-09,-308.6296799290583,-0.00020176379521905655,-307.8289888623561,-0.050349266720355154,-721.981101695808,-1.0302567393371505e-10,0.004744523826344604,-4.084478854104361e-09,-0.00011709397158709764,-0.03200282461557475,-128.64322913802607,0.0596596191010455,853.121771700036,-0.050349266720355154,-721.981101695808,0.0,0.0,-4.084478854104361e-09,-0.00011709397158709764,0.0,0.0,-0.03200282461557475,-128.64322913802607,0.0,0.0,0.0,123.553676277399,123.553676277399
1158,0.579012870788574,6.850936934657141e-09,-308.8827204336131,-0.00020214212560664308,-308.07976857015626,-0.0503926568778007,-722.6057420254646,-1.4767091823903808e-10,0.004739952523672056,-5.9303303520248615e-09,-0.00011789189175836026,-0.0320325659122328,-128.73822127319485,0.0597121931230492,853.846746689328,-0.0503926568778007,-722.6057420254646,0.0,0.0,-5.9303303520248615e-09,-0.00011789189175836026,0.0,0.0,-0.0320325659122328,-128.73822127319485,0.0,0.0,0.0,123.548268675804,123.548268675804
1159,0.579510629177094,6.326319693181838e-09,-309.13595214965864,-0.00020252116790555786,-308.3307401972327,-0.050436075373499686,-723.2308116240433,-1.906920923235796e-10,0.004730790872687872,-7.486156590932855e-09,-0.00010988638683257185,-0.03206233295398146,-128.8331979109119,0.0597648049303003,854.572221670449,-0.050436075373499686,-723.2308116240433,0.0,0.0,-7.486156590932855e-09,-0.00010988638683257185,0.0,0.0,-0.03206233295398146,-128.8331979109119,0.0,0.0,0.0,123.542857289314,123.542857289314
1160,0.580008268356323,5.823166195673023e-09,-309.3890990903504,-0.000202900495080866,-308.5816311818353,-0.05047948405215044,-723.8557457617007,-7.619825874519628e-11,0.004745262577828584,-3.0009498267841632e-09,-0.00011080449498606444,-0.03209209562472127,-128.92811778401614,0.059817406165501,855.29751431234,-0.05047948405215044,-723.8557457617007,0.0,0.0,-3.0009498267841632e-09,-0.00011080449498606444,0.0,0.0,-0.03209209562472127,-128.92811778401614,0.0,0.0,0.0,123.537448048592,123.537448048592
1161,0.580505192279816,5.343607960859371e-09,-309.6418434645134,-0.0002032796863725796,-308.832112124814,-0.05052283047443509,-724.4797746439606,-1.0473889353186725e-10,0.004749262219802972,-4.253157658128049e-09,-0.00012551425473368355,-0.032121820235783256,-129.02291971260902,0.0598699345000428,856.021730101215,-0.05052283047443509,-724.4797746439606,0.0,0.0,-4.253157658128049e-09,-0.00012551425473368355,0.0,0.0,-0.032121820235783256,-129.02291971260902,0.0,0.0,0.0,123.53204664588,123.53204664588
1162,0.581002593040466,4.883011051532074e-09,-309.8948408663042,-0.00020365966953948705,-309.08283254548047,-0.05056622078268308,-725.1044395667943,-2.2175562562995648e-10,0.004731985730970112,-8.475747326084085e-09,-0.00011405781933736454,-0.03215157832371499,-129.11776684975845,0.0599225178894389,856.746669551763,-0.05056622078268308,-725.1044395667943,0.0,0.0,-8.475747326084085e-09,-0.00011405781933736454,0.0,0.0,-0.03215157832371499,-129.11776684975845,0.0,0.0,0.0,123.52663949132,123.52663949132
1163,0.581515431404114,4.42537549111345e-09,-310.15570387981893,-0.00020405188319514532,-309.34135451156817,-0.05061095777361773,-725.74851538225,-1.5222468465684102e-10,0.004733026876224254,-5.911384756344699e-09,-0.00010797016743932931,-0.03218226410219323,-129.2154778784191,0.0599767355453539,857.494129184299,-0.05061095777361773,-725.74851538225,0.0,0.0,-5.911384756344699e-09,-0.00010797016743932931,0.0,0.0,-0.03218226410219323,-129.2154778784191,0.0,0.0,0.0,123.52106449008,123.52106449008
1164,0.582013189792633,4.003441068800291e-09,-310.4088485777832,-0.00020443301494900846,-309.5922187313365,-0.05065437565058108,-726.3736137794779,-4.125484376582048e-11,0.004748039476642464,-1.576012439228436e-09,-0.00011359953892559841,-0.032212052039904585,-129.31031114903251,0.0600293583343127,858.219539838992,-0.05065437565058108,-726.3736137794779,0.0,0.0,-1.576012439228436e-09,-0.00011359953892559841,0.0,0.0,-0.032212052039904585,-129.31031114903251,0.0,0.0,0.0,123.515654414892,123.515654414892
1165,0.582510590553284,3.6025825077537617e-09,-310.66177003567213,-0.00020481432650271773,-309.8428774661986,-0.05069776603451506,-726.9983106224437,-1.8651201644075092e-10,0.004744006572557788,-7.258135478813469e-09,-0.00013016642593551443,-0.032241826358816894,-129.40508863871204,0.0600819506736502,858.944447979165,-0.05069776603451506,-726.9983106224437,0.0,0.0,-7.258135478813469e-09,-0.00013016642593551443,0.0,0.0,-0.032241826358816894,-129.40508863871204,0.0,0.0,0.0,123.510248094797,123.510248094797
1166,0.583008110523224,3.220826492965167e-09,-310.9147650327741,-0.00020519595168716527,-310.09358653581444,-0.05074116388802735,-727.6231242396453,-1.7906962757865177e-10,0.004727356258023743,-7.265401732586704e-09,-0.00010323607354548636,-0.03227160162705418,-129.49978231597916,0.0601345498832875,859.669487708234,-0.05074116388802735,-727.6231242396453,0.0,0.0,-7.265401732586704e-09,-0.00010323607354548636,0.0,0.0,-0.03227160162705418,-129.49978231597916,0.0,0.0,0.0,123.504841178656,123.504841178656
1167,0.583505749702454,2.8599821687204337e-09,-311.1678201032924,-0.00020557823777370685,-310.3443451637932,-0.050784572223984685,-728.2481195614754,-9.916418635799588e-11,0.004742181483936327,-3.995462909854243e-09,-0.00011385901098923015,-0.03230139523095508,-129.59448411423662,0.0601871678371009,860.394722684385,-0.050784572223984685,-728.2481195614754,0.0,0.0,-3.995462909854243e-09,-0.00011385901098923015,0.0,0.0,-0.03230139523095508,-129.59448411423662,0.0,0.0,0.0,123.499432742596,123.499432742596
1168,0.584003329277039,2.5210607403736552e-09,-311.4208296137271,-0.00020596106388810209,-310.5950613442174,-0.05082797663514104,-728.8730116529681,-1.1110105866625887e-10,0.004746599781522955,-4.4034960144361305e-09,-0.00012037580366236391,-0.03233119624163457,-129.68918059621018,0.0602397865135443,861.119838321618,-0.05082797663514104,-728.8730116529681,0.0,0.0,-4.4034960144361305e-09,-0.00012037580366236391,0.0,0.0,-0.03233119624163457,-129.68918059621018,0.0,0.0,0.0,123.494025409222,123.494025409222
1169,0.584500849246979,2.2033785296681953e-09,-311.6737786482424,-0.00020634396583324845,-310.845708565437,-0.050871377074174016,-729.4978828851473,-1.5566398908244044e-10,0.004739267694110504,-6.168159957851036e-09,-0.00011826782619328742,-0.03236098574567737,-129.78380333123576,0.0602923957202483,861.844879078555,-0.050871377074174016,-729.4978828851473,0.0,0.0,-6.168159957851036e-09,-0.00011826782619328742,0.0,0.0,-0.03236098574567737,-129.78380333123576,0.0,0.0,0.0,123.488618284464,123.488618284464
1170,0.585013508796692,1.8951055361260134e-09,-311.9344382713093,-0.00020673898866556016,-311.1039846306876,-0.05091610015314779,-730.1418006682885,-1.3966267740110962e-10,0.0047311983198840765,-5.4868081889381036e-09,-0.00010461515422144092,-0.032391688906138374,-129.88126452242346,0.0603466113879387,862.592009592135,-0.05091610015314779,-730.1418006682885,0.0,0.0,-5.4868081889381036e-09,-0.00010461515422144092,0.0,0.0,-0.032391688906138374,-129.88126452242346,0.0,0.0,0.0,123.483047217131,123.483047217131
1171,0.585511207580566,1.6192975045319774e-09,-312.1874677658697,-0.00020712322984449492,-311.3547078728962,-0.05095951290890612,-730.7668638818383,-1.7222881603156673e-10,0.00474158936679514,-6.7574952327122515e-09,-0.00012551834606393578,-0.03242151166423191,-129.9758822170936,0.0603992489567485,863.317269879961,-0.05095951290890612,-730.7668638818383,0.0,0.0,-6.7574952327122515e-09,-0.00012551834606393578,0.0,0.0,-0.03242151166423191,-129.9758822170936,0.0,0.0,0.0,123.477638870478,123.477638870478
1172,0.586008250713348,1.3650583960977551e-09,-312.4401503236399,-0.0002075070898739826,-311.6050701570158,-0.051002869339016814,-731.3911183802043,-3.946011923741341e-11,0.004740015768277664,-1.7692124459469075e-09,-0.0001027876992475312,-0.03245128636498261,-130.07029327477807,0.0604518132626911,864.0415594995,-0.051002869339016814,-731.3911183802043,0.0,0.0,-1.7692124459469075e-09,-0.0001027876992475312,0.0,0.0,-0.03245128636498261,-130.07029327477807,0.0,0.0,0.0,123.47223752737,123.47223752737
1173,0.586505651473999,1.1321231796411996e-09,-312.6929919954589,-0.00020789165479904371,-311.85559022962053,-0.05104626134983573,-732.0159074048014,-1.9504630110311082e-10,0.00474307666498805,-7.83072203201317e-09,-0.00013005653351666436,-0.03248109071871965,-130.1647893568274,0.0605044235656669,864.76642945077,-0.05104626134983573,-732.0159074048014,0.0,0.0,-7.83072203201317e-09,-0.00013005653351666436,0.0,0.0,-0.03248109071871965,-130.1647893568274,0.0,0.0,0.0,123.466832518578,123.466832518578
1174,0.587002813816071,9.205235294510571e-10,-312.9456923679728,-0.000208276523992043,-312.1059704817626,-0.05108962611461971,-732.6402926941523,-1.7067940942563363e-10,0.004731402175004076,-6.744555565751913e-09,-0.00011019378660216878,-0.03251088478504923,-130.25918418292352,0.0605570054176135,865.490841515614,-0.05108962611461971,-732.6402926941523,0.0,0.0,-6.744555565751913e-09,-0.00011019378660216878,0.0,0.0,-0.03251088478504923,-130.25918418292352,0.0,0.0,0.0,123.461431324482,123.461431324482
1175,0.587500095367432,7.278356497764016e-10,-313.19848882212887,-0.00020866200709058133,-312.35643062462174,-0.051133008878928826,-733.264970084694,-1.1602515376994902e-10,0.004738328370610466,-4.472924686368802e-09,-0.0001100450380640348,-0.032540696056820834,-130.35356676907494,0.0606096117518355,866.215563181712,-0.051133008878928826,-733.264970084694,0.0,0.0,-4.472924686368802e-09,-0.0001100450380640348,0.0,0.0,-0.032540696056820834,-130.35356676907494,0.0,0.0,0.0,123.456027448177,123.456027448177
1176,0.588013052940369,5.553110006079567e-10,-313.45919807579696,-0.00020905988372568352,-312.6147223690293,-0.051177753179870764,-733.9092036377614,-7.948246723716863e-11,0.004742581911455962,-3.051984005045684e-09,-0.00011137080434311312,-0.03257144170960204,-130.45087012175279,0.0606638685019079,866.962964735188,-0.051177753179870764,-733.9092036377614,0.0,0.0,-3.051984005045684e-09,-0.00011137080434311312,0.0,0.0,-0.03257144170960204,-130.45087012175279,0.0,0.0,0.0,123.450454652309,123.450454652309
1177,0.588510632514954,4.108089051361187e-10,-313.712057216823,-0.00020944636255272231,-312.86524737617543,-0.051221156832434465,-734.5341977235719,-2.0077222113645878e-10,0.004744496243618293,-7.907631727318093e-09,-0.0001343439498696687,-0.03260127478051541,-130.54528622336866,0.0607165042829902,867.688006867703,-0.051221156832434465,-734.5341977235719,0.0,0.0,-7.907631727318093e-09,-0.0001343439498696687,0.0,0.0,-0.03260127478051541,-130.54528622336866,0.0,0.0,0.0,123.44504827261,123.44504827261
1178,0.589008152484894,2.853590953124046e-10,-313.96493835124926,-0.00020983324787684886,-313.1157809097584,-0.05126456335510346,-735.1592081604663,-1.7697603596731055e-10,0.0047261323572916555,-6.8322036737020274e-09,-0.00010086854013380839,-0.03263111258535237,-130.63961890420617,0.0607691450864608,868.413061947791,-0.05126456335510346,-735.1592081604663,0.0,0.0,-6.8322036737020274e-09,-0.00010086854013380839,0.0,0.0,-0.03263111258535237,-130.63961890420617,0.0,0.0,0.0,123.439643234015,123.439643234015
1179,0.589505136013031,1.8211128062873458e-10,-314.2175182982029,-0.0002102200712179787,-313.36600538784677,-0.05130791430233636,-735.7834391492254,-7.589231647765012e-11,0.004741055785838909,-2.9895109671905116e-09,-0.00011040129336792543,-0.03266091698993452,-130.73378877969336,0.0608217211295244,869.137212996695,-0.05130791430233636,-735.7834391492254,0.0,0.0,-2.9895109671905116e-09,-0.00011040129336792543,0.0,0.0,-0.03266091698993452,-130.73378877969336,0.0,0.0,0.0,123.434244126081,123.434244126081
1180,0.590002357959747,1.0427160721946414e-10,-314.4701709312333,-0.00021060757284694251,-313.61630551864425,-0.05135128653682539,-736.4080066132085,-1.198752667927044e-10,0.004745406915239898,-4.913209303547104e-09,-0.000124812565117566,-0.032690742237970166,-130.82801463404084,0.0608743263831832,869.861711499214,-0.05135128653682539,-736.4080066132085,0.0,0.0,-4.913209303547104e-09,-0.000124812565117566,0.0,0.0,-0.032690742237970166,-130.82801463404084,0.0,0.0,0.0,123.42884221673,123.42884221673
1181,0.590515375137329,4.4791329154311e-11,-314.73084159651467,-0.00021100777275034275,-313.8745494902155,-0.05139604275453156,-737.0524523861085,-2.4780820204475495e-10,0.0047358681222548285,-9.861654701477722e-09,-0.00013066243714937326,-0.03272152100393507,-130.9252241035111,0.0609286112751379,870.609250678577,-0.05139604275453156,-737.0524523861085,0.0,0.0,-9.861654701477722e-09,-0.00013066243714937326,0.0,0.0,-0.03272152100393507,-130.9252241035111,0.0,0.0,0.0,123.423269033432,123.423269033432
1182,0.59101265668869,1.0956019432583914e-11,-314.9835091284218,-0.00021139596510967142,-314.124850898349,-0.05143941575846672,-737.6770240518541,-5.2385910412604556e-11,0.004728514595469857,-2.7948558769691724e-09,-8.783299687290945e-05,-0.032751348875564364,-131.0193222818052,0.0609812187070363,871.333740665604,-0.05143941575846672,-737.6770240518541,0.0,0.0,-2.7948558769691724e-09,-8.783299687290945e-05,0.0,0.0,-0.032751348875564364,-131.0193222818052,0.0,0.0,0.0,123.417867988348,123.417867988348
1183,0.59151017665863,-2.990704547222575e-13,-315.2362774037038,-0.0002117850868896806,-314.37525266253607,-0.051482813984041885,-738.3019718926057,-1.3400475350159162e-10,0.004746781866230142,-5.966800423491007e-09,-0.00012995204422814547,-0.03278120881527993,-131.1135022051478,0.0610338646984566,872.058634646511,-0.051482813984041885,-738.3019718926057,0.0,0.0,-5.966800423491007e-09,-0.00012995204422814547,0.0,0.0,-0.03278120881527993,-131.1135022051478,0.0,0.0,0.0,123.412463515997,123.412463515997
1184,0.59200781583786,1.076299015346093e-11,-315.4891364844267,-0.0002121745441058919,-314.62572778773693,-0.051526232185444096,-738.9271749261964,-1.350450508624751e-10,0.0047422472354647915,-5.4631711628675304e-09,-0.00012063961441251487,-0.03281107813005659,-131.20768449301585,0.0610865326346337,872.783804938304,-0.051526232185444096,-738.9271749261964,0.0,0.0,-5.4631711628675304e-09,-0.00012063961441251487,0.0,0.0,-0.03281107813005659,-131.20768449301585,0.0,0.0,0.0,123.407057911158,123.407057911158
1185,0.5925053358078,4.419426153355949e-11,-315.741873616713,-0.00021256428554760904,-314.8760787074538,-0.051569627768856506,-739.5521001882403,-1.4082140116305727e-10,0.0047368733172119745,-5.366359612125242e-09,-0.00010946548016154984,-0.032840937050985584,-131.3017798945268,0.0611391759691013,873.50863877579,-0.051569627768856506,-739.5521001882403,0.0,0.0,-5.366359612125242e-09,-0.00010946548016154984,0.0,0.0,-0.032840937050985584,-131.3017798945268,0.0,0.0,0.0,123.401654571295,123.401654571295
1186,0.59300285577774,1.0338594980768303e-10,-315.9946366840597,-0.0002129545501148428,-315.12646896208236,-0.05161303365369343,-740.1771725905402,-1.623822094821464e-10,0.004732969302279101,-6.518560167313491e-09,-0.00011149453379839824,-0.032870809326120125,-131.39585273369443,0.0611918352260487,874.23361798535,-0.05161303365369343,-740.1771725905402,0.0,0.0,-6.518560167313491e-09,-0.00011149453379839824,0.0,0.0,-0.032870809326120125,-131.39585273369443,0.0,0.0,0.0,123.396250456572,123.396250456572
1187,0.593500077724457,1.8291880289396402e-10,-316.24722018043536,-0.00021334503383127506,-315.3766667166874,-0.051656405478747516,-740.8017573318607,-1.5541451265000453e-10,0.0047433686627321656,-6.188669942608671e-09,-0.0001265551157299304,-0.032900665723091825,-131.48983713676373,0.0612444572848099,874.958037359463,-0.051656405478747516,-740.8017573318607,0.0,0.0,-6.188669942608671e-09,-0.0001265551157299304,0.0,0.0,-0.032900665723091825,-131.48983713676373,0.0,0.0,0.0,123.390849947929,123.390849947929
1188,0.594013035297394,2.9150294520619753e-10,-316.5077663540505,-0.00021374820549477296,-315.6347400403768,-0.05170115054844276,-741.4461255621923,-7.176946869257458e-11,0.00473752864514896,-2.8170091896966657e-09,-0.00010509066186637091,-0.03293146638560415,-131.58674639624311,0.0612987449678562,875.705363831681,-0.05170115054844276,-741.4461255621923,0.0,0.0,-2.8170091896966657e-09,-0.00010509066186637091,0.0,0.0,-0.03293146638560415,-131.58674639624311,0.0,0.0,0.0,123.385279327631,123.385279327631
1189,0.594510436058044,4.1993909091605903e-10,-316.7604154979636,-0.00021413965168445802,-315.8849970546981,-0.051744545932166375,-742.0710469271611,-1.838776748997435e-10,0.004738720559979301,-7.242830273206718e-09,-0.00012384970912779217,-0.03296134331808184,-131.6807259346231,0.0613513980512996,876.430113861569,-0.051744545932166375,-742.0710469271611,0.0,0.0,-7.242830273206718e-09,-0.00012384970912779217,0.0,0.0,-0.03296134331808184,-131.6807259346231,0.0,0.0,0.0,123.37987729907,123.37987729907
1190,0.595008134841919,5.730988539630072e-10,-317.0131887272372,-0.00021453168469053356,-316.1353498973237,-0.051787955941602466,-742.6962143082529,-2.045591006883096e-10,0.004730867157023665,-7.879445470577955e-09,-0.00011340462295889595,-0.032991235301887654,-131.77467388946798,0.0614040716174235,877.155147468562,-0.051787955941602466,-742.6962143082529,0.0,0.0,-7.879445470577955e-09,-0.00011340462295889595,0.0,0.0,-0.032991235301887654,-131.77467388946798,0.0,0.0,0.0,123.374472618103,123.374472618103
1191,0.595505833625793,7.509815629558757e-10,-317.2659682421346,-0.00021492425214303236,-316.3857266979166,-0.051831371130264696,-743.3214584468375,-7.344401572791553e-11,0.004741012815462055,-2.928731932947621e-09,-0.00011041379445885673,-0.03302113774563519,-131.8686013280717,0.0614567552323877,877.880254527366,-0.051831371130264696,-743.3214584468375,0.0,0.0,-2.928731932947621e-09,-0.00011041379445885673,0.0,0.0,-0.03302113774563519,-131.8686013280717,0.0,0.0,0.0,123.369067758322,123.369067758322
1192,0.596003353595734,9.497736424992607e-10,-317.51862730648344,-0.0002153170522353775,-316.6359787723463,-0.05187477361314028,-743.9464923919476,-9.803476185277748e-11,0.004743272636554378,-3.936257847869494e-09,-0.00011701387061304022,-0.03305103305007012,-131.96248827101587,0.0615094243553326,878.605089682041,-0.05187477361314028,-743.9464923919476,0.0,0.0,-3.936257847869494e-09,-0.00011701387061304022,0.0,0.0,-0.03305103305007012,-131.96248827101587,0.0,0.0,0.0,123.363665133715,123.363665133715
1193,0.596500515937805,1.1732889803084192e-09,-317.77108254332325,-0.00021570993752655234,-316.8860103513774,-0.0519181420839408,-744.571090992833,-2.53270748705917e-10,0.004735305977082875,-9.87519444236104e-09,-0.00013009348297641273,-0.0330809069778882,-132.05627925392596,0.0615620533665439,879.329389314526,-0.0519181420839408,-744.571090992833,0.0,0.0,-9.87519444236104e-09,-0.00013009348297641273,0.0,0.0,-0.0330809069778882,-132.05627925392596,0.0,0.0,0.0,123.358266800642,123.358266800642
1194,0.597013592720032,1.4312244838884605e-09,-318.03164404804517,-0.00021611588011753792,-317.1440750969864,-0.05196290009748171,-745.2156916841958,-1.5344537459673073e-10,0.0047283258977809245,-5.977770875841241e-09,-0.0001029788167812031,-0.03311174455489779,-132.1529929465333,0.0616163721756105,880.076889643441,-0.05196290009748171,-745.2156916841958,0.0,0.0,-5.977770875841241e-09,-0.0001029788167812031,0.0,0.0,-0.03311174455489779,-132.1529929465333,0.0,0.0,0.0,123.352695375681,123.352695375681
1195,0.597510814666748,1.7053399069203748e-09,-318.28415050389924,-0.00021650985211418985,-317.39415376351303,-0.05200627751117066,-745.8404078420214,-3.928307929949503e-11,0.004745883903176734,-1.5962644056681275e-09,-0.00011145692363602423,-0.0331416399254434,-132.24671318001714,0.0616690203751665,880.801314965328,-0.05200627751117066,-745.8404078420214,0.0,0.0,-1.5962644056681275e-09,-0.00011145692363602423,0.0,0.0,-0.0331416399254434,-132.24671318001714,0.0,0.0,0.0,123.347296565771,123.347296565771
1196,0.59800785779953,2.001547772199347e-09,-318.53649191883375,-0.00021690393326147847,-317.6440658364225,-0.05204963497744679,-746.4648424898833,-1.9016296311478504e-10,0.00474407571316688,-7.49651126642302e-09,-0.00013258847930710908,-0.03317152032482385,-132.3403901627318,0.0617216437666884,881.525376384279,-0.05204963497744679,-746.4648424898833,0.0,0.0,-7.49651126642302e-09,-0.00013258847930710908,0.0,0.0,-0.03317152032482385,-132.3403901627318,0.0,0.0,0.0,123.341899871826,123.341899871826
1197,0.598505258560181,2.3236155014393895e-09,-318.78903120829017,-0.0002172986615528056,-317.89416434057085,-0.0520930233483688,-747.0897475139184,-2.1091527040710785e-10,0.004729171535663899,-8.343493129385552e-09,-0.00011396433696161381,-0.03320142437578696,-132.43406417234368,0.0617743059925661,882.249974982433,-0.0520930233483688,-747.0897475139184,0.0,0.0,-8.343493129385552e-09,-0.00011396433696161381,0.0,0.0,-0.03320142437578696,-132.43406417234368,0.0,0.0,0.0,123.336499899626,123.336499899626
1198,0.599002778530121,2.673665606564695e-09,-319.0416470913034,-0.00021769406696223778,-318.14433235639433,-0.05213642652573172,-747.7148487269566,-6.391697086277282e-11,0.004734712822598075,-2.5844671518250625e-09,-9.778340481938043e-05,-0.03323134695649295,-132.52772335462893,0.0618269907251084,882.974790849655,-0.05213642652573172,-747.7148487269566,0.0,0.0,-2.5844671518250625e-09,-9.778340481938043e-05,0.0,0.0,-0.03323134695649295,-132.52772335462893,0.0,0.0,0.0,123.3310983181,123.3310983181
1199,0.599515378475189,3.0566914893838955e-09,-319.3018770786282,-0.0002181019574443365,-318.40205335606066,-0.05218114142329707,-748.3588689640686,-1.5187045079863084e-10,0.004746276633860902,-5.787124079849105e-09,-0.00013057981624205878,-0.03326218343858716,-132.62422455198418,0.0618812729006461,883.721527408397,-0.05218114142329707,-748.3588689640686,0.0,0.0,-5.787124079849105e-09,-0.00013057981624205878,0.0,0.0,-0.03326218343858716,-132.62422455198418,0.0,0.0,0.0,123.325532734394,123.325532734394
1200,0.600012540817261,3.453361870859314e-09,-319.5542753635031,-0.00021849773818372658,-318.65199341570604,-0.052224516033660365,-748.9835718885466,-1.7123194318714923e-10,0.004738547333171084,-6.6112657433209764e-09,-0.00012047253823556001,-0.033292087068632875,-132.71777512815459,0.0619339234797629,884.445830239059,-0.052224516033660365,-748.9835718885466,0.0,0.0,-6.6112657433209764e-09,-0.00012047253823556001,0.0,0.0,-0.033292087068632875,-132.71777512815459,0.0,0.0,0.0,123.320135682821,123.320135682821
1201,0.600510120391846,3.87718174940728e-09,-319.80683657706965,-0.0002188943997973491,-318.9020981134857,-0.052267918450717384,-749.6086928705125,-1.3261372299526075e-10,0.004731763684976464,-5.297545114307377e-09,-0.00010547726821251544,-0.03332202113858998,-132.8113494077644,0.0619866139314754,885.17060947795,-0.052267918450717384,-749.6086928705125,0.0,0.0,-5.297545114307377e-09,-0.00010547726821251544,0.0,0.0,-0.03332202113858998,-132.8113494077644,0.0,0.0,0.0,123.314734309912,123.314734309912
1202,0.601007103919983,4.3259285540535925e-09,-320.05911362729825,-0.00021929115622646504,-319.15192674840443,-0.05231127365523454,-750.233156169273,-1.820469266926738e-10,0.004736065039796171,-7.119102077153212e-09,-0.00012085235352925629,-0.03335193158426691,-132.90480621617348,0.0620392519333182,885.8946126468,-0.05231127365523454,-750.233156169273,0.0,0.0,-7.119102077153212e-09,-0.00012085235352925629,0.0,0.0,-0.03335193158426691,-132.90480621617348,0.0,0.0,0.0,123.309339463711,123.309339463711
1203,0.601504325866699,4.799885838042133e-09,-320.31149615245755,-0.00021968830223106716,-319.40185424235574,-0.052354650736274704,-750.8579190384429,-8.439097738260137e-11,0.004743003897988804,-3.432192355160156e-09,-0.00011413301816737883,-0.03338185278177131,-132.99824512671807,0.0620919142224761,886.618941187767,-0.052354650736274704,-750.8579190384429,0.0,0.0,-3.432192355160156e-09,-0.00011413301816737883,0.0,0.0,-0.03338185278177131,-132.99824512671807,0.0,0.0,0.0,123.303941547871,123.303941547871
1204,0.602001309394836,5.297119409520362e-09,-320.5637192949974,-0.0002200858068160074,-319.6516187736774,-0.05239800369790252,-751.4823471475712,-1.580714631626729e-10,0.004738893340095335,-6.140431104406395e-09,-0.00011969787523320751,-0.03341176735759084,-133.091637997898,0.0621445526755613,887.342863674877,-0.05239800369790252,-751.4823471475712,0.0,0.0,-6.140431104406395e-09,-0.00011969787523320751,0.0,0.0,-0.03341176735759084,-133.091637997898,0.0,0.0,0.0,123.298547357321,123.298547357321
1205,0.602514028549194,5.8371967081210875e-09,-320.8239440353748,-0.00022049628775366273,-319.90928859668946,-0.05244273012254381,-752.1265895691658,-1.8172902978250648e-10,0.004735124567417752,-7.163050145935484e-09,-0.00011707987073395062,-0.03344263255233725,-133.18794916595564,0.0621988603862612,888.089743527796,-0.05244273012254381,-752.1265895691658,0.0,0.0,-7.163050145935484e-09,-0.00011707987073395062,0.0,0.0,-0.03344263255233725,-133.18794916595564,0.0,0.0,0.0,123.292982280254,123.292982280254
1206,0.603011429309845,6.390176534060873e-09,-321.0763669695818,-0.0002208949327775746,-320.1592312009294,-0.052486120137087706,-752.7515515777391,-1.526976491145298e-10,0.0047347666979358285,-5.920904643392661e-09,-0.00011161381814280003,-0.033472577472396695,-133.2813194076832,0.0622515465210448,888.814252404704,-0.052486120137087706,-752.7515515777391,0.0,0.0,-5.920904643392661e-09,-0.00011161381814280003,0.0,0.0,-0.033472577472396695,-133.2813194076832,0.0,0.0,0.0,123.287583142519,123.287583142519
1207,0.603508651256561,6.967979409834586e-09,-321.32873121849684,-0.00022129393652838318,-320.40911340323527,-0.052529497388654395,-753.3763757877309,-8.953682779235444e-11,0.004739985204564319,-3.6131204979653286e-09,-0.00011277493096779,-0.033502522633723095,-133.3746347849908,0.0623042220859404,889.538594036202,-0.052529497388654395,-753.3763757877309,0.0,0.0,-3.6131204979653286e-09,-0.00011277493096779,0.0,0.0,-0.033502522633723095,-133.3746347849908,0.0,0.0,0.0,123.282186299562,123.282186299562
1208,0.604005992412567,7.570522829971174e-09,-321.58110439465213,-0.00022169344268631615,-320.658992941317,-0.052572885977367693,-754.0013340595177,-1.7209520731450708e-10,0.0047428587157945165,-6.617772509029592e-09,-0.00012902603421727026,-0.033532477077474115,-133.4679888250408,0.0623569122625813,890.263057913148,-0.052572885977367693,-754.0013340595177,0.0,0.0,-6.617772509029592e-09,-0.00012902603421727026,0.0,0.0,-0.033532477077474115,-133.4679888250408,0.0,0.0,0.0,123.276788502932,123.276788502932
1209,0.604503333568573,8.199947603095087e-09,-321.83344525134623,-0.00022209324331451603,-320.908833308044,-0.05261626677324867,-754.6261911204667,-1.9849888786382913e-10,0.004729199989346372,-7.743498299371485e-09,-0.00011166144431561673,-0.033562427780007724,-133.56125180093838,0.0624095939183292,890.98739727758,-0.05261626677324867,-754.6261911204667,0.0,0.0,-7.743498299371485e-09,-0.00011166144431561673,0.0,0.0,-0.033562427780007724,-133.56125180093838,0.0,0.0,0.0,123.271391242743,123.271391242743
1210,0.605000495910645,8.858489009052662e-09,-322.08574918831664,-0.00022249345381525394,-321.15864150296557,-0.05265964233270018,-755.2510003819538,-1.0852497227750695e-10,0.004733693575129656,-4.428475039799505e-09,-0.00010649043694999235,-0.03359238209953557,-133.6544502477726,0.0624622731660175,891.711662205685,-0.05265964233270018,-755.2510003819538,0.0,0.0,-4.428475039799505e-09,-0.00010649043694999235,0.0,0.0,-0.03359238209953557,-133.6544502477726,0.0,0.0,0.0,123.265995591879,123.265995591879
1211,0.605513393878937,9.565278374066656e-09,-322.34599592460137,-0.00022290687482024422,-321.41630919719887,-0.05270438602382024,-755.8955180796286,-1.1253364117536441e-10,0.004743642098377535,-4.433144745677372e-09,-0.00012238046123375914,-0.03362328900523014,-133.75058964761652,0.062516618247887,892.45876062317,-0.05270438602382024,-755.8955180796286,0.0,0.0,-4.433144745677372e-09,-0.00012238046123375914,0.0,0.0,-0.03362328900523014,-133.75058964761652,0.0,0.0,0.0,123.260429382324,123.260429382324
1212,0.606010794639587,1.027155856058168e-08,-322.5983377327917,-0.0002233080962497181,-321.6661375929328,-0.05274777592345163,-756.520523679319,-2.0057866085443122e-10,0.004739023119315983,-7.728688771901054e-09,-0.00012889457588210378,-0.033653261130184534,-133.84381548454473,0.0625693192872758,893.183218212189,-0.05274777592345163,-756.520523679319,0.0,0.0,-7.728688771901054e-09,-0.00012889457588210378,0.0,0.0,-0.033653261130184534,-133.84381548454473,0.0,0.0,0.0,123.255031496286,123.255031496286
1213,0.606508016586304,1.1012728173407414e-08,-322.8506178012435,-0.00022370950360748752,-321.91589887923675,-0.05279115539795618,-757.1453949109064,-1.3286465650440667e-10,0.004726686049371251,-5.331434225990266e-09,-9.743706799971797e-05,-0.033683224914674036,-133.93690461349647,0.0626220071128819,893.907495684235,-0.05279115539795618,-757.1453949109064,0.0,0.0,-5.331434225990266e-09,-9.743706799971797e-05,0.0,0.0,-0.033683224914674036,-133.93690461349647,0.0,0.0,0.0,123.249635905027,123.249635905027
1214,0.607005476951599,1.178027663162863e-08,-323.1029823224416,-0.00022411183012555815,-322.16574578796525,-0.05283454730266405,-757.7704769592056,-1.7643361940398326e-10,0.004737522569402401,-7.057711244448223e-09,-0.0001246592184682802,-0.033713215316655616,-134.03004517380992,0.0626747197981548,894.632021407409,-0.05283454730266405,-757.7704769592056,0.0,0.0,-7.057711244448223e-09,-0.0001246592184682802,0.0,0.0,-0.033713215316655616,-134.03004517380992,0.0,0.0,0.0,123.244237840176,123.244237840176
1215,0.607502639293671,1.2570855068287362e-08,-323.35517861019304,-0.00022451414526207327,-322.4154289739665,-0.05287791641874006,-758.3952317244907,-8.956466064095281e-11,0.00474328380190478,-3.589188161256452e-09,-0.00011727043213996383,-0.0337431867972229,-134.1230952946487,0.0627274031554083,895.356137294468,-0.05287791641874006,-758.3952317244907,0.0,0.0,-3.589188161256452e-09,-0.00011727043213996383,0.0,0.0,-0.0337431867972229,-134.1230952946487,0.0,0.0,0.0,123.238843590021,123.238843590021
1216,0.608015060424805,1.3416229599912244e-08,-323.6150962414284,-0.00022492921009928626,-322.67273836882,-0.05292261875153474,-759.0391865590965,-1.4785054580330436e-10,0.004734684730509149,-5.804695393250924e-09,-0.00011498575709224931,-0.03377408012367681,-134.21896829853446,0.0627817063870568,896.102474501455,-0.05292261875153474,-759.0391865590965,0.0,0.0,-5.804695393250924e-09,-0.00011498575709224931,0.0,0.0,-0.03377408012367681,-134.21896829853446,0.0,0.0,0.0,123.23328384757,123.23328384757
1217,0.608511805534363,1.4264860827372916e-08,-323.8670852478953,-0.00022533211013763094,-322.9221821196193,-0.05296595322812302,-759.6634348248781,-2.0917414192867815e-10,0.00472941302229786,-8.01802302571382e-09,-0.00011483364311726599,-0.03380403660997769,-134.31185900197457,0.0628343526031147,896.825977719615,-0.05296595322812302,-759.6634348248781,0.0,0.0,-8.01802302571382e-09,-0.00011483364311726599,0.0,0.0,-0.03380403660997769,-134.31185900197457,0.0,0.0,0.0,123.227894335985,123.227894335985
1218,0.6090087890625,1.514091748845413e-08,-324.1191915437306,-0.00022573571469006602,-323.17175234618287,-0.053009313278498046,-760.2880720398301,-1.5020593969838032e-10,0.004741268835365568,-5.830806039113499e-09,-0.00012044212465857026,-0.03383401812305262,-134.4047953111976,0.0628870339038355,897.549905772735,-0.053009313278498046,-760.2880720398301,0.0,0.0,-5.830806039113499e-09,-0.00012044212465857026,0.0,0.0,-0.03383401812305262,-134.4047953111976,0.0,0.0,0.0,123.222501516342,123.222501516342
1219,0.609505236148834,1.6046381726444456e-08,-324.37096549405254,-0.00022613912787323702,-323.420992251956,-0.05305261789618457,-760.9119109680622,-4.782626773490771e-11,0.004738725444406629,-2.001458103270402e-09,-0.00010438202421287116,-0.03386395912649455,-134.4975421546491,0.0629396467440426,898.272890944595,-0.05305261789618457,-760.9119109680622,0.0,0.0,-2.001458103270402e-09,-0.00010438202421287116,0.0,0.0,-0.03386395912649455,-134.4975421546491,0.0,0.0,0.0,123.217115849257,123.217115849257
1220,0.610002160072327,1.6973762164332174e-08,-324.62298919679364,-0.0002265434917697699,-323.67046563736267,-0.05309596882380094,-761.536427047914,-2.5070156691681965e-10,0.004739107596650395,-9.519666275421287e-09,-0.0001353689883737603,-0.03389394154719485,-134.59041037468344,0.0629923209676921,898.996642790825,-0.05309596882380094,-761.536427047914,0.0,0.0,-9.519666275421287e-09,-0.0001353689883737603,0.0,0.0,-0.03389394154719485,-134.59041037468344,0.0,0.0,0.0,123.211724787951,123.211724787951
1221,0.610514879226685,1.796529109298321e-08,-324.883030144182,-0.00022696105063924597,-323.9278766984658,-0.05314070022827419,-762.1808446351408,-1.8280380476004e-10,0.004729499149538123,-7.242664314163653e-09,-0.00011096645071001542,-0.033924878794977686,-134.68616265181555,0.0630466726586274,899.743438397319,-0.05314070022827419,-762.1808446351408,0.0,0.0,-7.242664314163653e-09,-0.00011096645071001542,0.0,0.0,-0.033924878794977686,-134.68616265181555,0.0,0.0,0.0,123.206162601709,123.206162601709
1222,0.611011803150177,1.895663125175483e-08,-325.1350216497095,-0.00022736628340382884,-324.17730643404224,-0.05318404616699052,-762.805300301592,-8.614353710617348e-11,0.004736393113017261,-3.4507422527440297e-09,-0.00010726103245024734,-0.03395486651380246,-134.77891175699264,0.063099345655006,900.4670952095,-0.05318404616699052,-762.805300301592,0.0,0.0,-3.4507422527440297e-09,-0.00010726103245024734,0.0,0.0,-0.03395486651380246,-134.77891175699264,0.0,0.0,0.0,123.200771391392,123.200771391392
1223,0.611509144306183,1.99758681900791e-08,-325.38725614927364,-0.000227772230358031,-324.4269708348253,-0.05322743586877567,-763.430401357718,-1.3809256783980414e-10,0.0047409007263052375,-5.158142451062473e-09,-0.00012021697696068599,-0.03398488718361104,-134.87172363451884,0.0631520733328427,901.191481010144,-0.05322743586877567,-763.430401357718,0.0,0.0,-5.158142451062473e-09,-0.00012021697696068599,0.0,0.0,-0.03398488718361104,-134.87172363451884,0.0,0.0,0.0,123.195376932621,123.195376932621
1224,0.612005889415741,2.1016669462703364e-08,-325.6391027517378,-0.00022817810341688361,-324.67624990474417,-0.05327076836077879,-764.0546628661407,-2.1972072405215893e-10,0.00473958701844749,-8.396403549775493e-09,-0.00013296758523127675,-0.034014871052323654,-134.9644281780186,0.0632047330482563,901.914861412405,-0.05327076836077879,-764.0546628661407,0.0,0.0,-8.396403549775493e-09,-0.00013296758523127675,0.0,0.0,-0.034014871052323654,-134.9644281780186,0.0,0.0,0.0,123.189988434315,123.189988434315
1225,0.612502872943878,2.2094607850369676e-08,-325.89110956122664,-0.00022858459121599155,-324.9256780563687,-0.05331412228282654,-764.6792726849089,-1.3449264198878765e-10,0.004725318631398287,-5.235297055309662e-09,-9.605094073635652e-05,-0.03404487330504413,-135.0570758366999,0.0632574207825497,902.63864053189,-0.05331412228282654,-764.6792726849089,0.0,0.0,-5.235297055309662e-09,-9.605094073635652e-05,0.0,0.0,-0.03404487330504413,-135.0570758366999,0.0,0.0,0.0,123.184597611427,123.184597611427
1226,0.612999975681305,2.3201298501727843e-08,-326.1432066108834,-0.00022899172132668076,-325.17519939604364,-0.053357494527349614,-765.3041177650847,-1.3453787021167185e-10,0.004739312681134374,-5.3084855335785015e-09,-0.00011870606619053536,-0.03407489725274029,-135.14975105353298,0.0633101356990328,903.362689854517,-0.053357494527349614,-765.3041177650847,0.0,0.0,-5.3084855335785015e-09,-0.00011870606619053536,0.0,0.0,-0.03407489725274029,-135.14975105353298,0.0,0.0,0.0,123.179205328226,123.179205328226
1227,0.613512873649597,2.4370369442451062e-08,-326.4032016538687,-0.00022941214845800516,-325.4325295929918,-0.05340223277501184,-765.9486695729323,-1.6475718908145796e-10,0.004741721088725025,-6.3121637409275846e-09,-0.0001282221468138715,-0.03410586830687495,-135.24532960033943,0.063364511741644,904.109531522005,-0.05340223277501184,-765.9486695729323,0.0,0.0,-6.3121637409275846e-09,-0.0001282221468138715,0.0,0.0,-0.03410586830687495,-135.24532960033943,0.0,0.0,0.0,123.173642843962,123.173642843962
1228,0.614009857177734,2.552941127299283e-08,-326.6551867287202,-0.00022981993250172536,-325.68192728119385,-0.053445594926979506,-766.5734206093338,-1.7250846898842125e-10,0.004734804687094092,-6.691483543684821e-09,-0.00011750147980795541,-0.03413588873966404,-135.33793989324144,0.0634172163875676,904.833407847014,-0.053445594926979506,-766.5734206093338,0.0,0.0,-6.691483543684821e-09,-0.00011750147980795541,0.0,0.0,-0.03413588873966404,-135.33793989324144,0.0,0.0,0.0,123.168252140284,123.168252140284
1229,0.614507138729095,2.6728325447137348e-08,-326.90730197049015,-0.00023022838566132405,-325.9314398037439,-0.053488971998944965,-767.1983888498277,-1.3337945503913263e-10,0.004726912672884068,-5.354636884067306e-09,-0.0001006545952453421,-0.03416592617814789,-135.43050559069042,0.0634699428251269,905.557550492978,-0.053488971998944965,-767.1983888498277,0.0,0.0,-5.354636884067306e-09,-0.0001006545952453421,0.0,0.0,-0.03416592617814789,-135.43050559069042,0.0,0.0,0.0,123.162859112024,123.162859112024
1230,0.615004122257233,2.794869477775784e-08,-327.1592298697878,-0.00023063723851410537,-326.1807695038038,-0.05353232525550833,-767.8230248241412,-2.0945612612892516e-10,0.004742230112743308,-7.962830427886656e-09,-0.00013318731377040993,-0.03419595745346379,-135.5230322585456,0.0635226459379431,906.28127302082,-0.05353232525550833,-767.8230248241412,0.0,0.0,-7.962830427886656e-09,-0.00013318731377040993,0.0,0.0,-0.03419595745346379,-135.5230322585456,0.0,0.0,0.0,123.157468944788,123.157468944788
1231,0.615501284599304,2.9202515362968746e-08,-327.4112696619788,-0.00023104637857732517,-326.4302091496158,-0.05357570117714817,-768.4479787386261,-5.4112035171548573e-11,0.004737643165210893,-2.3848485734577785e-09,-0.00010585045612859821,-0.03422599741187242,-135.615536059916,0.0635753728883322,907.005342110996,-0.05357570117714817,-768.4479787386261,0.0,0.0,-2.3848485734577785e-09,-0.00010585045612859821,0.0,0.0,-0.03422599741187242,-135.615536059916,0.0,0.0,0.0,123.152077436447,123.152077436447
1232,0.616013705730438,3.052193411885344e-08,-327.6709861210037,-0.00023146870123209642,-326.687231028495,-0.053620399823867286,-769.0919779565744,-1.869745640135956e-10,0.0047360624209666635,-7.034705520801382e-09,-0.00012089262625722364,-0.03425696569604504,-135.7108683618175,0.0636297143929786,907.751470631525,-0.053620399823867286,-769.0919779565744,0.0,0.0,-7.034705520801382e-09,-0.00012089262625722364,0.0,0.0,-0.03425696569604504,-135.7108683618175,0.0,0.0,0.0,123.146520972252,123.146520972252
1233,0.616510808467865,3.183602065151211e-08,-327.92297613542934,-0.00023187880694910617,-326.93660742871555,-0.053663770309249285,-769.716874413755,-2.1465115444983075e-10,0.004730028610595106,-8.407756752502131e-09,-0.00011710145311919092,-0.0342870152478435,-135.8033029179019,0.0636824420558125,908.47544128479,-0.053663770309249285,-769.716874413755,0.0,0.0,-8.407756752502131e-09,-0.00011710145311919092,0.0,0.0,-0.0342870152478435,-135.8033029179019,0.0,0.0,0.0,123.141129940748,123.141129940748
1234,0.617008030414581,3.318233773092622e-08,-328.1750037339125,-0.00023228942882007068,-327.18601113725094,-0.05370714633484806,-770.3418574402273,-1.0077332782863311e-10,0.004737814116983832,-3.843089165819083e-09,-0.00011221532810773123,-0.034317073633397706,-135.89571168537174,0.0637351792071904,909.199505477786,-0.05370714633484806,-770.3418574402273,0.0,0.0,-3.843089165819083e-09,-0.00011221532810773123,0.0,0.0,-0.034317073633397706,-135.89571168537174,0.0,0.0,0.0,123.135738193989,123.135738193989
1235,0.617505192756653,3.4558508726600374e-08,-328.4269721646633,-0.00023270051206712882,-327.4353575557386,-0.053750515460905465,-770.9667411336837,-1.1799903359432044e-10,0.0047389143498186015,-4.605833174918244e-09,-0.00011501334784911254,-0.03434713476239054,-135.9880848139536,0.0637879120855071,909.923438862322,-0.053750515460905465,-770.9667411336837,0.0,0.0,-4.605833174918244e-09,-0.00011501334784911254,0.0,0.0,-0.03434713476239054,-135.9880848139536,0.0,0.0,0.0,123.130347520113,123.130347520113
1236,0.61800229549408,3.595596659093472e-08,-328.6789036226525,-0.000233111886449791,-327.68465780890193,-0.053793884719836295,-771.5916522226166,-2.2391711403509202e-10,0.004738765516484396,-8.508416384015131e-09,-0.00013265541299038795,-0.034377195770996315,-136.08045616225536,0.0638406450741329,910.647365889428,-0.053793884719836295,-771.5916522226166,0.0,0.0,-8.508416384015131e-09,-0.00013265541299038795,0.0,0.0,-0.034377195770996315,-136.08045616225536,0.0,0.0,0.0,123.124956995249,123.124956995249
1237,0.618514895439148,3.7440579419532897e-08,-328.93867033300273,-0.0002335364564133151,-327.94170060091056,-0.05383859837130699,-772.2359334143672,-1.709835848365817e-10,0.00472555085083546,-6.715362362380925e-09,-0.00010398207677718256,-0.03440819209655157,-136.1755986274875,0.0638950146507379,911.39373399959,-0.05383859837130699,-772.2359334143672,0.0,0.0,-6.715362362380925e-09,-0.00010398207677718256,0.0,0.0,-0.03440819209655157,-136.1755986274875,0.0,0.0,0.0,123.119399726391,123.119399726391
1238,0.619012057781219,3.891234453826834e-08,-329.1906365481783,-0.00023394892769083408,-328.1910256431621,-0.05388197145057363,-772.8608923046844,-1.1129332697423668e-10,0.0047387126903139926,-4.3063027753016405e-09,-0.00011475534735061075,-0.03443827065201926,-136.26787021783827,0.0639477604377547,912.117709417964,-0.05388197145057363,-772.8608923046844,0.0,0.0,-4.3063027753016405e-09,-0.00011475534735061075,0.0,0.0,-0.03443827065201926,-136.26787021783827,0.0,0.0,0.0,123.11400911212,123.11400911212
1239,0.619509160518646,4.040693734669239e-08,-329.442536460353,-0.00023436164027356712,-328.4402794066582,-0.05392533949301277,-773.4857856461832,-1.3457138840235862e-10,0.004741073687410169,-5.142881207735439e-09,-0.0001237018055330805,-0.03446834531798096,-136.36011681897898,0.064000499949425,912.84157664089,-0.05392533949301277,-773.4857856461832,0.0,0.0,-5.142881207735439e-09,-0.0001237018055330805,0.0,0.0,-0.03446834531798096,-136.36011681897898,0.0,0.0,0.0,123.10861954093,123.10861954093
1240,0.620006322860718,4.1931182781744685e-08,-329.69444075069026,-0.00023477475519843527,-328.6895377035093,-0.05396871252485983,-774.1107629143685,-2.2423325260453528e-10,0.004732648485924827,-8.696729130037039e-09,-0.00012541545135629373,-0.03449842461981685,-136.45234619900333,0.0640532462255244,913.565516272998,-0.05396871252485983,-774.1107629143685,0.0,0.0,-8.696729130037039e-09,-0.00012541545135629373,0.0,0.0,-0.03449842461981685,-136.45234619900333,0.0,0.0,0.0,123.103229314089,123.103229314089
1241,0.62050324678421,4.3498323717958775e-08,-329.94625603287017,-0.000235188193373152,-328.9386960930069,-0.05401206480154729,-774.735467545694,-1.3532479909771654e-10,0.004724719852167825,-5.340192320291614e-09,-9.945224964527004e-05,-0.03452849642782525,-136.54445112718457,0.0641059710415583,914.28913888697,-0.05401206480154729,-774.735467545694,0.0,0.0,-5.340192320291614e-09,-9.945224964527004e-05,0.0,0.0,-0.03452849642782525,-136.54445112718457,0.0,0.0,0.0,123.09784168005,123.09784168005
1242,0.621000230312347,4.508932211671553e-08,-330.19806267153143,-0.0002356022465861523,-329.1878472358197,-0.054055418437373715,-775.3601801186462,-1.5663691218364357e-10,0.0047422926962201045,-5.839000962917249e-09,-0.00012612344242893953,-0.034558581649343834,-136.63657444477155,0.0641587042923608,915.012765906527,-0.054055418437373715,-775.3601801186462,0.0,0.0,-5.839000962917249e-09,-0.00012612344242893953,0.0,0.0,-0.034558581649343834,-136.63657444477155,0.0,0.0,0.0,123.092454046011,123.092454046011
1243,0.62151300907135,4.6762261197662794e-08,-330.45783926329415,-0.00023602963803607462,-329.4448777125687,-0.054100151124629174,-776.00478813024,-1.4599772210170121e-10,0.0047389328885632034,-5.5597531729501606e-09,-0.00011998968855202836,-0.03458961668172437,-136.7315748868616,0.064213111152541,915.759392950019,-0.054100151124629174,-776.00478813024,0.0,0.0,-5.5597531729501606e-09,-0.00011998968855202836,0.0,0.0,-0.03458961668172437,-136.7315748868616,0.0,0.0,0.0,123.086895614862,123.086895614862
1244,0.622009932994843,4.841558638071033e-08,-330.7095921346575,-0.00023644434095368265,-329.69396924157786,-0.054143505863293445,-776.6295073984321,-1.8433294429274456e-10,0.004732635950124416,-7.130808313748684e-09,-0.00011659590917635979,-0.03461970155821062,-136.823612340645,0.0642658452762961,916.482973307428,-0.054143505863293445,-776.6295073984321,0.0,0.0,-7.130808313748684e-09,-0.00011659590917635979,0.0,0.0,-0.03461970155821062,-136.823612340645,0.0,0.0,0.0,123.081508755684,123.081508755684
1245,0.622506976127625,5.0105678685754514e-08,-330.9614181644515,-0.00023685970780002165,-329.943123271081,-0.05418686920256742,-777.2543929617618,-1.826601244078184e-10,0.004728749208895593,-7.158882840001767e-09,-0.00011359232564807321,-0.034649802482246125,-136.91563977241344,0.0643185953559199,917.20674262803,-0.05418686920256742,-777.2543929617618,0.0,0.0,-7.158882840001767e-09,-0.00011359232564807321,0.0,0.0,-0.034649802482246125,-136.91563977241344,0.0,0.0,0.0,123.076120525599,123.076120525599
1246,0.623004019260406,5.1825134356432436e-08,-331.2131980458836,-0.00023727537593284947,-330.1922290452579,-0.05423022873112016,-777.8792313444287,-1.3046560861639769e-10,0.004738264619957355,-5.04722275459872e-09,-0.00011803397549470587,-0.034679901148273705,-137.0076156576015,0.0643713410726418,917.930430920178,-0.05423022873112016,-777.8792313444287,0.0,0.0,-5.04722275459872e-09,-0.00011803397549470587,0.0,0.0,-0.034679901148273705,-137.0076156576015,0.0,0.0,0.0,123.070733577013,123.070733577013
1247,0.623500764369965,5.357659841478932e-08,-331.46485590416296,-0.00023769125269579254,-330.4411970730767,-0.05427356843594832,-778.5037791903168,-1.1821945899768303e-10,0.004737113995183298,-4.54435240026359e-09,-0.00011355808470764383,-0.034709989130726156,-137.09951056476453,0.0644240643964753,918.653767997395,-0.05427356843594832,-778.5037791903168,0.0,0.0,-4.54435240026359e-09,-0.00011355808470764383,0.0,0.0,-0.034709989130726156,-137.09951056476453,0.0,0.0,0.0,123.065348803997,123.065348803997
1248,0.624013006687164,5.541002932078162e-08,-331.7243211874923,-0.0002381206324557903,-330.6978847848335,-0.054318256068668885,-779.1477678213251,-2.2725484710481358e-10,0.0047359449012657,-8.792010356008213e-09,-0.00013034061878429426,-0.03474102214705153,-137.19427626319347,0.0644784325461015,919.399602910098,-0.054318256068668885,-779.1477678213251,0.0,0.0,-8.792010356008213e-09,-0.00013034061878429426,0.0,0.0,-0.03474102214705153,-137.19427626319347,0.0,0.0,0.0,123.059796959162,123.059796959162
1249,0.624509930610657,5.722817343611328e-08,-331.97602164395914,-0.00023853744731712327,-330.9468965731143,-0.05436160834645186,-779.7725054652691,-1.529592889778614e-10,0.004726385307439275,-6.325650629371871e-09,-0.00010557817742068822,-0.03477112577059214,-137.28612609568242,0.0645311750201749,920.123126553299,-0.05436160834645186,-779.7725054652691,0.0,0.0,-6.325650629371871e-09,-0.00010557817742068822,0.0,0.0,-0.03477112577059214,-137.28612609568242,0.0,0.0,0.0,123.054411113262,123.054411113262
1250,0.625006377696991,5.908167795611051e-08,-332.2274924637492,-0.00023895443391649173,-331.19566261147446,-0.054404917308091945,-780.3966531561223,-1.1129343694745575e-10,0.004737023379119465,-4.5108269830766135e-09,-0.00011356411287960326,-0.034801209706634056,-137.37784607759923,0.0645838704598171,920.845960274602,-0.054404917308091945,-780.3966531561223,0.0,0.0,-4.5108269830766135e-09,-0.00011356411287960326,0.0,0.0,-0.034801209706634056,-137.37784607759923,0.0,0.0,0.0,123.049030452967,123.049030452967
1251,0.62550288438797,6.095965068105762e-08,-332.47896605147406,-0.0002393719526326072,-331.4444338345108,-0.054448234575314385,-781.020902984698,-1.701172282879542e-10,0.004740437250494535,-6.692546217013798e-09,-0.00012812562339291778,-0.03483130415629108,-137.4695933633296,0.0646365786264402,921.568888150819,-0.054448234575314385,-781.020902984698,0.0,0.0,-6.692546217013798e-09,-0.00012812562339291778,0.0,0.0,-0.03483130415629108,-137.4695933633296,0.0,0.0,0.0,123.043649613857,123.043649613857
1252,0.62601500749588,6.29262813437595e-08,-332.7383036952829,-0.000239802858454241,-331.70097989835773,-0.054492910442654384,-781.6647493052267,-1.833288567176848e-10,0.004733203682082153,-6.975032249578845e-09,-0.00011961317258012746,-0.034862340178682616,-137.56417513381692,0.0646909387523498,922.314480760555,-0.054492910442654384,-781.6647493052267,0.0,0.0,-6.975032249578845e-09,-0.00011961317258012746,0.0,0.0,-0.034862340178682616,-137.56417513381692,0.0,0.0,0.0,123.038099169731,123.038099169731
1253,0.626511812210083,6.488173189096748e-08,-332.9899201890272,-0.00024022139861182474,-331.949880485994,-0.0545362514677862,-782.289353043974,-1.6590159954203115e-10,0.004724448782983524,-6.675358629720133e-09,-0.00010377320378027015,-0.034892456877988136,-137.65585332265405,0.0647436790541322,923.037797690018,-0.0545362514677862,-782.289353043974,0.0,0.0,-6.675358629720133e-09,-0.00010377320378027015,0.0,0.0,-0.034892456877988136,-137.65585332265405,0.0,0.0,0.0,123.032716035843,123.032716035843
1254,0.627008318901062,6.686793657957743e-08,-333.2413704492449,-0.0002406402623464362,-332.19860471532337,-0.05457956846847334,-782.9136215541521,-1.4529944129394653e-10,0.004740611173285864,-5.694307915678403e-09,-0.00012416309496411431,-0.03492256486901636,-137.74747341148904,0.0647963944905563,923.760699111233,-0.05457956846847334,-782.9136215541521,0.0,0.0,-5.694307915678403e-09,-0.00012416309496411431,0.0,0.0,-0.03492256486901636,-137.74747341148904,0.0,0.0,0.0,123.027335554361,123.027335554361
1255,0.627505004405975,6.887770488156732e-08,-333.49285493676416,-0.00024105952815974322,-332.447367612954,-0.054622894506693484,-783.5380393830408,-1.3288312377656495e-10,0.004739553502812251,-5.049728998777551e-09,-0.0001203899861711333,-0.03495267912959867,-137.83910103522203,0.0648491209834562,924.483755121501,-0.054622894506693484,-783.5380393830408,0.0,0.0,-5.049728998777551e-09,-0.0001203899861711333,0.0,0.0,-0.03495267912959867,-137.83910103522203,0.0,0.0,0.0,123.021953672171,123.021953672171
1256,0.628001987934113,7.092667163576448e-08,-333.7445194276425,-0.00024147950680600074,-332.69629673351966,-0.05466625334030437,-784.1629387942024,-1.8971415864944824e-10,0.004730826639566532,-7.462642528067382e-09,-0.00011626552893018605,-0.03498281966300001,-137.9307399267631,0.0649018893268725,925.207346342259,-0.05466625334030437,-784.1629387942024,0.0,0.0,-7.462642528067382e-09,-0.00011626552893018605,0.0,0.0,-0.03498281966300001,-137.9307399267631,0.0,0.0,0.0,123.016568601131,123.016568601131
1257,0.628513932228088,7.307769629210087e-08,-334.0037641840569,-0.000241912684656914,-332.95271994736555,-0.054710917641057184,-784.8066580567322,-1.7996148733196542e-10,0.004729102651112836,-6.871247145155485e-09,-0.00011294209864570227,-0.03501387481769034,-138.02509672644715,0.064956250358436,925.952723462903,-0.054710917641057184,-784.8066580567322,0.0,0.0,-6.871247145155485e-09,-0.00011294209864570227,0.0,0.0,-0.03501387481769034,-138.02509672644715,0.0,0.0,0.0,123.011021375656,123.011021375656
1258,0.629010558128357,7.519633531839985e-08,-334.25523471039077,-0.00024233337388923762,-333.20145293127024,-0.05475424425836541,-785.4311023531524,-1.5733538424923414e-10,0.004737488381280554,-6.208523789864513e-09,-0.00012232802788896512,-0.03504400697797262,-138.116609758414,0.0650089871852095,926.675771035432,-0.05475424425836541,-785.4311023531524,0.0,0.0,-6.208523789864513e-09,-0.00012232802788896512,0.0,0.0,-0.03504400697797262,-138.116609758414,0.0,0.0,0.0,123.005639970303,123.005639970303
1259,0.629507124423981,7.734876454514976e-08,-334.5066430057682,-0.00024275429963395803,-333.45011060200085,-0.05479756568674098,-786.0554812516393,-8.996270645424796e-11,0.004736000338998861,-3.791523157382879e-09,-0.00011149656674867186,-0.03507413330483122,-138.20806102079075,0.0650617165615368,927.39870510735,-0.05479756568674098,-786.0554812516393,0.0,0.0,-3.791523157382879e-09,-0.00011149656674867186,0.0,0.0,-0.03507413330483122,-138.20806102079075,0.0,0.0,0.0,123.000260084867,123.000260084867
1260,0.630004048347473,7.953290799675294e-08,-334.75821165323043,-0.00024317607448693057,-333.6989280017411,-0.0548409157771505,-786.6802733849363,-2.339616844182433e-10,0.004734611081390429,-8.89014132850728e-09,-0.00012759105612198188,-0.03510428811345737,-138.29956634976867,0.0651144854993015,928.122113424061,-0.0548409157771505,-786.6802733849363,0.0,0.0,-8.89014132850728e-09,-0.00012759105612198188,0.0,0.0,-0.03510428811345737,-138.29956634976867,0.0,0.0,0.0,122.994876295328,122.994876295328
1261,0.630500674247742,8.175455181396377e-08,-335.00967434207126,-0.0002435979780327642,-333.9476307214071,-0.05488424641428599,-787.3048001993421,-2.037515194751783e-10,0.004726734030126717,-8.01380336443821e-09,-0.00011392092965085282,-0.03513443260986345,-138.39098024232908,0.0651672325579562,928.845204444172,-0.05488424641428599,-787.3048001993421,0.0,0.0,-8.01380336443821e-09,-0.00011392092965085282,0.0,0.0,-0.03513443260986345,-138.39098024232908,0.0,0.0,0.0,122.989495873451,122.989495873451
1262,0.631012856960297,8.408920038313741e-08,-335.26894830257174,-0.00024403355841738097,-334.20405402138476,-0.05492892439011332,-787.9487531698276,-5.378188070453319e-11,0.0047338349874703825,-2.4173403451400686e-09,-0.00010391252434681147,-0.03516551911710042,-138.48516923728786,0.0652216223488396,929.590768652114,-0.05492892439011332,-787.9487531698276,0.0,0.0,-2.4173403451400686e-09,-0.00010391252434681147,0.0,0.0,-0.03516551911710042,-138.48516923728786,0.0,0.0,0.0,122.983947008848,122.983947008848
1263,0.631509721279144,8.637863781222447e-08,-335.5204785362192,-0.00024445668134251235,-334.45282319915765,-0.05497227464241873,-788.5735616550403,-1.9315884420312057e-10,0.004738340069265913,-7.318558902441077e-09,-0.00013085505596886716,-0.03519568932183372,-138.57657695286304,0.0652743999227654,930.314147106674,-0.05497227464241873,-788.5735616550403,0.0,0.0,-7.318558902441077e-09,-0.00013085505596886716,0.0,0.0,-0.03519568932183372,-138.57657695286304,0.0,0.0,0.0,122.978564709425,122.978564709425
1264,0.632006466388702,8.869903025514461e-08,-335.7719441395055,-0.0002448799434893076,-334.7015055554501,-0.05501561307255005,-789.1982367001758,-2.2056293234324544e-10,0.0047320957539594005,-8.304252626490933e-09,-0.00012322193390858433,-0.03522584956148193,-138.66792007739355,0.0653271622318876,931.037348973699,-0.05501561307255005,-789.1982367001758,0.0,0.0,-8.304252626490933e-09,-0.00012322193390858433,0.0,0.0,-0.03522584956148193,-138.66792007739355,0.0,0.0,0.0,122.973183244467,122.973183244467
1265,0.63250333070755,9.106929092251039e-08,-336.02343914068103,-0.0002453038456198277,-334.9502155939856,-0.055058956938975424,-789.8229871079101,-1.3101910415300993e-10,0.004725303436918196,-5.296591587541436e-09,-0.00010036387372819875,-0.03525602056242071,-138.75919926257527,0.0653799349884258,931.760626419028,-0.055058956938975424,-789.8229871079101,0.0,0.0,-5.296591587541436e-09,-0.00010036387372819875,0.0,0.0,-0.03525602056242071,-138.75919926257527,0.0,0.0,0.0,122.96780076623,122.96780076623
1266,0.633015513420105,9.354899777920775e-08,-336.28272958138336,-0.00024574140076583816,-335.2066395599773,-0.05510364630062408,-790.4671188247476,-1.4270910746687495e-10,0.004736848025238029,-5.541571804154144e-09,-0.00012099412930472418,-0.035287137248734605,-138.85329660260373,0.0654343509150977,932.506337438389,-0.05510364630062408,-790.4671188247476,0.0,0.0,-5.541571804154144e-09,-0.00012099412930472418,0.0,0.0,-0.035287137248734605,-138.85329660260373,0.0,0.0,0.0,122.962252497673,122.962252497673
1267,0.633512318134308,9.597590745901719e-08,-336.534151356258,-0.00024616604494069963,-335.455266406718,-0.055146982355672614,-791.0917787735102,-1.7598517724011516e-10,0.004739464228297366,-6.712986081476487e-09,-0.00012823690029489538,-0.03531731100241781,-138.94453771950606,0.0654871187113108,933.229477575951,-0.055146982355672614,-791.0917787735102,0.0,0.0,-6.712986081476487e-09,-0.00012823690029489538,0.0,0.0,-0.03531731100241781,-138.94453771950606,0.0,0.0,0.0,122.956871718168,122.956871718168
1268,0.634008824825287,9.844382153236966e-08,-336.7854598469212,-0.000246590928033681,-335.7037830068961,-0.0551903052394451,-791.7162117107323,-1.7241335256341458e-10,0.004728683992527169,-6.798986493623494e-09,-0.00011181314727269761,-0.03534747713842455,-139.03568734957312,0.0655398713728528,933.952331842572,-0.0551903052394451,-791.7162117107323,0.0,0.0,-6.798986493623494e-09,-0.00011181314727269761,0.0,0.0,-0.03534747713842455,-139.03568734957312,0.0,0.0,0.0,122.951493531466,122.951493531466
1269,0.634505569934845,1.0095482714935765e-07,-337.03687169157445,-0.00024701655740973064,-335.952396260485,-0.05523363976485722,-792.3408911211252,-1.7221384546685105e-10,0.004729377623607062,-6.733022642494196e-09,-0.00011311181486434131,-0.03537766355913072,-139.12683404336147,0.0655926448450353,934.6754672873,-0.05523363976485722,-792.3408911211252,0.0,0.0,-6.733022642494196e-09,-0.00011311181486434131,0.0,0.0,-0.03537766355913072,-139.12683404336147,0.0,0.0,0.0,122.946113049984,122.946113049984
1270,0.635002315044403,1.0350038415664425e-07,-337.2882684164601,-0.0002474425558558998,-336.20098038095415,-0.05527697462305792,-792.9655079425137,-1.7286562956941839e-10,0.004734452607859242,-6.509594237325853e-09,-0.00012111004522556267,-0.035407850879128906,-139.21794195774203,0.0656454191485287,935.398528645623,-0.05527697462305792,-792.9655079425137,0.0,0.0,-6.509594237325853e-09,-0.00012111004522556267,0.0,0.0,-0.035407850879128906,-139.21794195774203,0.0,0.0,0.0,122.940733462572,122.940733462572
1271,0.635514259338379,1.0615481819677842e-07,-337.5473289186872,-0.000247881988820332,-336.4571464529353,-0.05532163709128099,-793.6093214091409,-1.3071578344030244e-10,0.0047364401313102975,-5.180594037943775e-09,-0.00011846008983226828,-0.035438966524349684,-139.31181695910232,0.0656998122087503,936.143764629004,-0.05532163709128099,-793.6093214091409,0.0,0.0,-5.180594037943775e-09,-0.00011846008983226828,0.0,0.0,-0.035438966524349684,-139.31181695910232,0.0,0.0,0.0,122.935188919306,122.935188919306
1272,0.636010706424713,1.087672794794328e-07,-337.7985672601305,-0.0002483086817277507,-336.7055670519636,-0.055364950263170336,-794.2336967395527,-1.7357785531373285e-10,0.004733156234861882,-6.753773179353727e-09,-0.00011759948306549637,-0.0354691477962129,-139.40282486053215,0.0657525651229381,936.866491857228,-0.055364950263170336,-794.2336967395527,0.0,0.0,-6.753773179353727e-09,-0.00011759948306549637,0.0,0.0,-0.0354691477962129,-139.40282486053215,0.0,0.0,0.0,122.929812014103,122.929812014103
1273,0.636507451534271,1.1141915365675746e-07,-338.049945278783,-0.000248735985693643,-336.95412382408813,-0.05540829024373657,-794.8584331392999,-2.3432345317914496e-10,0.004728060136553781,-9.015370344525884e-09,-0.000120120963731801,-0.035499350924891745,-139.49385253918544,0.0658053524679098,937.589628097657,-0.05540829024373657,-794.8584331392999,0.0,0.0,-9.015370344525884e-09,-0.000120120963731801,0.0,0.0,-0.035499350924891745,-139.49385253918544,0.0,0.0,0.0,122.924432635307,122.924432635307
1274,0.63700407743454,1.1411764711582536e-07,-338.3012423604698,-0.00024916365931351063,-337.2025907866828,-0.0554516146675285,-795.4829615236092,-9.900950987087312e-11,0.004731469571917078,-4.078897792677457e-09,-0.00010684695428677055,-0.03552954812473369,-139.58477671490076,0.0658581235818786,938.312511801483,-0.0554516146675285,-795.4829615236092,0.0,0.0,-4.078897792677457e-09,-0.00010684695428677055,0.0,0.0,-0.03552954812473369,-139.58477671490076,0.0,0.0,0.0,122.919054359198,122.919054359198
1275,0.637500643730164,1.1684016401988511e-07,-338.55247803471326,-0.00024959179574734087,-337.45099594835506,-0.05549493286653192,-796.1074073839869,-1.4334022812712127e-10,0.004739289619796784,-5.429485808870832e-09,-0.00012538164938220766,-0.03555974917557611,-139.67570424709945,0.0659108915989532,939.035282362188,-0.05549493286653192,-796.1074073839869,0.0,0.0,-5.429485808870832e-09,-0.00012538164938220766,0.0,0.0,-0.03555974917557611,-139.67570424709945,0.0,0.0,0.0,122.913677603006,122.913677603006
1276,0.63801234960556,1.1967794807282555e-07,-338.8114042265373,-0.00025003331311111867,-337.70699828852094,-0.055539582058431645,-796.7510609458384,-2.408963550021377e-10,0.004732427928556396,-9.23590160588177e-09,-0.0001260423868952791,-0.035590876618209186,-139.7693916022725,0.0659652801885198,939.780251067557,-0.055539582058431645,-796.7510609458384,0.0,0.0,-9.23590160588177e-09,-0.0001260423868952791,0.0,0.0,-0.035590876618209186,-139.7693916022725,0.0,0.0,0.0,122.908136218786,122.908136218786
1277,0.638508975505829,1.2248625611293411e-07,-339.06265231092004,-0.00025046225976041453,-337.9554044173182,-0.05558290488549937,-797.3755806092322,-1.6345802907598082e-10,0.004725450589254297,-6.471617361742275e-09,-0.00010556597497960807,-0.03562108419442443,-139.86021264944304,0.0660180557579164,940.503074542336,-0.05558290488549937,-797.3755806092322,0.0,0.0,-6.471617361742275e-09,-0.00010556597497960807,0.0,0.0,-0.03562108419442443,-139.86021264944304,0.0,0.0,0.0,122.902758955956,122.902758955956
1278,0.639005482196808,1.253333740370633e-07,-339.313882383375,-0.00025089174152199945,-338.20378428718703,-0.05562622431953405,-798.0000864126123,-1.1856883507477156e-10,0.0047351534200861314,-4.7471415029454444e-09,-0.00011492539261781726,-0.03565130013663558,-139.95101323857972,0.0660708330518186,941.22586796567,-0.05562622431953405,-798.0000864126123,0.0,0.0,-4.7471415029454444e-09,-0.00011492539261781726,0.0,0.0,-0.03565130013663558,-139.95101323857972,0.0,0.0,0.0,122.897382766008,122.897382766008
1279,0.639502167701721,1.2820132461852335e-07,-339.5651351941711,-0.0002513216775437146,-338.4521826125663,-0.05566955478687043,-798.6247335943729,-1.9675822736919365e-10,0.004739588992599381,-7.2753732757281175e-09,-0.00013150166402611362,-0.03568152420782846,-140.04183492873037,0.0661236240882509,941.948799890958,-0.05566955478687043,-798.6247335943729,0.0,0.0,-7.2753732757281175e-09,-0.00013150166402611362,0.0,0.0,-0.03568152420782846,-140.04183492873037,0.0,0.0,0.0,122.892005234957,122.892005234957
1280,0.640014052391052,1.3120501010355242e-07,-339.8240735000331,-0.00025176506149567247,-338.70817254885014,-0.05571421101072669,-799.2685096924956,-1.6884172261270644e-10,0.00472806558377644,-6.310952128221486e-09,-0.00010880625037622011,-0.035712671794185136,-140.13536370909577,0.0661780297447001,942.693851603927,-0.05571421101072669,-799.2685096924956,0.0,0.0,-6.310952128221486e-09,-0.00010880625037622011,0.0,0.0,-0.035712671794185136,-140.13536370909577,0.0,0.0,0.0,122.886463195086,122.886463195086
1281,0.640510618686676,1.3416281036649893e-07,-340.07529761140046,-0.0002521959356566521,-338.95653221012554,-0.0557575362985323,-799.8931096930692,-1.9636111652523382e-10,0.004729774332331654,-7.554461063368673e-09,-0.00011705629490220502,-0.035742904520462075,-140.22607705460925,0.0662308212273488,943.416704545957,-0.0557575362985323,-799.8931096930692,0.0,0.0,-7.554461063368673e-09,-0.00011705629490220502,0.0,0.0,-0.035742904520462075,-140.22607705460925,0.0,0.0,0.0,122.881086826324,122.881086826324
1282,0.641007363796234,1.371579946334719e-07,-340.32655974475074,-0.0002526272771288222,-339.20492452471973,-0.0558008699490632,-800.5178428212377,-1.537611326176945e-10,0.004731457962805712,-6.256328745850652e-09,-0.00011713512261542821,-0.03577314521424954,-140.31677382842696,0.0662836241175153,944.139694009686,-0.0558008699490632,-800.5178428212377,0.0,0.0,-6.256328745850652e-09,-0.00011713512261542821,0.0,0.0,-0.03577314521424954,-140.31677382842696,0.0,0.0,0.0,122.875709325075,122.875709325075
1283,0.641503930091858,1.4018414826439857e-07,-340.57776710802585,-0.00025305889443567723,-339.4532518681838,-0.055844197365273004,-801.1424833018817,-1.2303932539693442e-10,0.004737392919254804,-4.770570079055609e-09,-0.00011843091305638277,-0.03580338245141773,-140.40742409548267,0.066336419960364,944.862555595715,-0.055844197365273004,-801.1424833018817,0.0,0.0,-4.770570079055609e-09,-0.00011843091305638277,0.0,0.0,-0.03580338245141773,-140.40742409548267,0.0,0.0,0.0,122.870332717896,122.870332717896
1284,0.642000555992126,1.4325068715083642e-07,-340.8289542017921,-0.00025349098954631266,-339.7015541982193,-0.055887522016038964,-801.767098875156,-2.2390203013481614e-10,0.004730025093904029,-8.358867658821137e-09,-0.00012215110485616978,-0.03583362512604498,-140.49804762333656,0.066389216477298,945.585376470054,-0.055887522016038964,-801.767098875156,0.0,0.0,-8.358867658821137e-09,-0.00012215110485616978,0.0,0.0,-0.03583362512604498,-140.49804762333656,0.0,0.0,0.0,122.864956825972,122.864956825972
1285,0.642512440681458,1.4645308935559446e-07,-341.087867836839,-0.0002539368636739739,-339.95748918181266,-0.05593218433090765,-802.4109948590361,-2.0655047513856436e-10,0.004729921308217262,-7.732074614544886e-09,-0.00011831288980295156,-0.0358648037350958,-140.59142782333316,0.0664436443532097,946.330482604645,-0.05593218433090765,-802.4109948590361,0.0,0.0,-7.732074614544886e-09,-0.00011831288980295156,0.0,0.0,-0.0358648037350958,-140.59142782333316,0.0,0.0,0.0,122.859415024519,122.859415024519
1286,0.643008887767792,1.496088863266069e-07,-341.33896456866444,-0.000254369693111323,-340.20569242984647,-0.05597549332016951,-803.0353957158953,-1.2080629397208443e-10,0.004730820113669508,-4.8598472633187e-09,-0.00010580550715301711,-0.03589504425509084,-140.68191161762527,0.0664964266594413,947.053033861275,-0.05597549332016951,-803.0353957158953,0.0,0.0,-4.8598472633187e-09,-0.00010580550715301711,0.0,0.0,-0.03589504425509084,-140.68191161762527,0.0,0.0,0.0,122.854041785002,122.854041785002
1287,0.643505334854126,1.5279216603339123e-07,-341.5900313968689,-0.0002548030035705947,-340.4538714541646,-0.05601880355436466,-803.6598203950944,-1.423722771703843e-10,0.004740434733238409,-5.83104996351934e-09,-0.0001282352087998758,-0.035925290896120635,-140.7724012905504,0.0665492133854893,947.775587384964,-0.05601880355436466,-803.6598203950944,0.0,0.0,-5.83104996351934e-09,-0.0001282352087998758,0.0,0.0,-0.035925290896120635,-140.7724012905504,0.0,0.0,0.0,122.848668187857,122.848668187857
1288,0.644001543521881,1.5600431793243815e-07,-341.8409751180512,-0.0002552365167227611,-340.70191811109686,-0.05606209800339201,-804.2840266232797,-2.1695536394573512e-10,0.004729761974001531,-8.572729909845393e-09,-0.00012292882806276204,-0.03595552684540663,-140.86283685801308,0.066601981119007,948.497856394873,-0.05606209800339201,-804.2840266232797,0.0,0.0,-8.572729909845393e-09,-0.00012292882806276204,0.0,0.0,-0.03595552684540663,-140.86283685801308,0.0,0.0,0.0,122.84329688549,122.84329688549
1289,0.644513726234436,1.5937549600994886e-07,-342.09998657795944,-0.000255684433832889,-340.9579323113976,-0.05610678101660549,-804.9282505179294,-1.8546730169870777e-10,0.0047260702791753345,-7.228750658883647e-09,-0.00011060548734479663,-0.03598673950417315,-140.9560989948506,0.0666564450802898,949.243289557926,-0.05610678101660549,-804.9282505179294,0.0,0.0,-7.228750658883647e-09,-0.00011060548734479663,0.0,0.0,-0.03598673950417315,-140.9560989948506,0.0,0.0,0.0,122.837753564119,122.837753564119
1290,0.645010113716125,1.626892106969841e-07,-342.35105437377337,-0.0002561190310637219,-341.2060806239535,-0.05615008974915797,-805.5526892110923,-1.0987951051994932e-10,0.0047328797912201195,-4.366299877928633e-09,-0.00010948999161113906,-0.0360169971382422,-141.04644864577992,0.0667092366818809,949.965825532064,-0.05615008974915797,-805.5526892110923,0.0,0.0,-4.366299877928633e-09,-0.00010948999161113906,0.0,0.0,-0.0360169971382422,-141.04644864577992,0.0,0.0,0.0,122.832380384207,122.832380384207
1291,0.645506680011749,1.6602511781103493e-07,-342.60211990681125,-0.00025655427889486097,-341.4542302508238,-0.056193409581825775,-806.1772804919817,-2.1995953534573526e-10,0.004738895787260264,-8.349578287940006e-09,-0.0001360315770239178,-0.036047269385713204,-141.13684375603935,0.0667620455852175,950.688497979314,-0.056193409581825775,-806.1772804919817,0.0,0.0,-8.349578287940006e-09,-0.0001360315770239178,0.0,0.0,-0.036047269385713204,-141.13684375603935,0.0,0.0,0.0,122.827006399632,122.827006399632
1292,0.646003007888794,1.6940393916559925e-07,-342.85310715707965,-0.0002569895809556598,-341.70229069466154,-0.05623671513104793,-806.8016830630348,-1.2951053348552154e-10,0.00472845346129161,-5.290224967317007e-09,-0.0001070448870582729,-0.03607752784290627,-141.22713165998778,0.0668148350866763,951.410934920272,-0.05623671513104793,-806.8016830630348,0.0,0.0,-5.290224967317007e-09,-0.0001070448870582729,0.0,0.0,-0.03607752784290627,-141.22713165998778,0.0,0.0,0.0,122.821634292603,122.821634292603
1293,0.646515071392059,1.729397241046987e-07,-343.11202585946813,-0.00025743924525329466,-341.9581876076619,-0.05628138770977002,-807.445795781791,-1.8932496058624368e-10,0.004729380952580665,-7.130017250771562e-09,-0.00011654289827259245,-0.03610875278200064,-141.32024091691795,0.0668692971774345,952.156178366864,-0.05628138770977002,-807.445795781791,0.0,0.0,-7.130017250771562e-09,-0.00011654289827259245,0.0,0.0,-0.03610875278200064,-141.32024091691795,0.0,0.0,0.0,122.816092997789,122.816092997789
1294,0.64701110124588,1.7640199705915422e-07,-343.36282941185686,-0.0002578753479888129,-342.2060603081914,-0.05632466174635812,-808.0697500917856,-2.0652003131854922e-10,0.004729755800744098,-7.884513602241274e-09,-0.00011998103983214443,-0.03613900563668363,-141.41040424520043,0.0669220572679605,952.878084435751,-0.05632466174635812,-808.0697500917856,0.0,0.0,-7.884513602241274e-09,-0.00011998103983214443,0.0,0.0,-0.03613900563668363,-141.41040424520043,0.0,0.0,0.0,122.810725241899,122.810725241899
1295,0.647507190704346,1.7990638451821387e-07,-343.6136751034245,-0.00025831191029228936,-342.45396759326866,-0.0563679486788071,-808.6938818971331,-9.368623470432614e-11,0.004736269061278636,-3.788321851139529e-09,-0.00011627606519231792,-0.036169267384607705,-141.50055355301103,0.0669748330828174,953.60016722658,-0.0563679486788071,-808.6938818971331,0.0,0.0,-3.788321851139529e-09,-0.00011627606519231792,0.0,0.0,-0.036169267384607705,-141.50055355301103,0.0,0.0,0.0,122.805356115103,122.805356115103
1296,0.648002803325653,1.8343927308798927e-07,-343.86423234550267,-0.0002587484294647541,-342.7015818365207,-0.05641118490179768,-809.317315069597,-2.009194938879513e-10,0.004730962341345887,-7.626723069447166e-09,-0.00012042030228015315,-0.03619950060059549,-141.59058141070236,0.0670275508767908,954.321431027248,-0.05641118490179768,-809.317315069597,0.0,0.0,-7.626723069447166e-09,-0.00012042030228015315,0.0,0.0,-0.03619950060059549,-141.59058141070236,0.0,0.0,0.0,122.799992948771,122.799992948771
1297,0.648514330387115,1.8713066192993029e-07,-344.1228434763798,-0.000259199465820674,-342.9571530415787,-0.05645581342357623,-809.9608328565379,-2.560982777680146e-10,0.004727791630928818,-9.675899136346488e-09,-0.0001254915440639633,-0.03623071137242854,-141.68347281046127,0.0670819685181351,955.065912634469,-0.05645581342357623,-809.9608328565379,0.0,0.0,-9.675899136346488e-09,-0.0001254915440639633,0.0,0.0,-0.03623071137242854,-141.68347281046127,0.0,0.0,0.0,122.79445797205,122.79445797205
1298,0.649010479450226,1.9076971571827968e-07,-344.373691828953,-0.0002596374053436511,-343.2050445296539,-0.05649910052727807,-810.5850186889502,-1.1224879180484491e-10,0.004725721267785102,-4.669275909120216e-09,-0.00010175900598451311,-0.036260988890099675,-141.7734956417176,0.0671347532005449,955.788019817305,-0.05649910052727807,-810.5850186889502,0.0,0.0,-4.669275909120216e-09,-0.00010175900598451311,0.0,0.0,-0.036260988890099675,-141.7734956417176,0.0,0.0,0.0,122.789089173079,122.789089173079
1299,0.649506866931915,1.9443678619038654e-07,-344.6246320200094,-0.00026007608192187514,-343.45302116770307,-0.056542407350437175,-811.2094879050062,-1.3875864353323642e-10,0.004742566737750392,-5.419514265279961e-09,-0.00012798504339535909,-0.03629128659349939,-141.86356431586674,0.0671875654507626,956.51043847632,-0.056542407350437175,-811.2094879050062,0.0,0.0,-5.419514265279961e-09,-0.00012798504339535909,0.0,0.0,-0.03629128659349939,-141.86356431586674,0.0,0.0,0.0,122.783718496561,122.783718496561
1300,0.650002837181091,1.981309528940573e-07,-344.8753287525657,-0.0002605146376776118,-343.7007602627182,-0.05658567950544964,-811.8334524874745,-2.2389570220568444e-10,0.004729367006241353,-8.666580949481495e-09,-0.0001231413972630586,-0.03632155909378016,-141.95353490647744,0.0672403349784354,957.232242279751,-0.05658567950544964,-811.8334524874745,0.0,0.0,-8.666580949481495e-09,-0.0001231413972630586,0.0,0.0,-0.03632155909378016,-141.95353490647744,0.0,0.0,0.0,122.778352230787,122.778352230787
1301,0.650514304637909,2.0200102451462516e-07,-345.1338926821964,-0.0002609675044703181,-343.9562577982479,-0.05663030239175,-812.4769254319414,-2.0756151214472709e-10,0.004726395614696184,-8.036774496029226e-09,-0.00011393658803616688,-0.0363527853737809,-142.04625363548448,0.0672947565378796,957.976619605149,-0.05663030239175,-812.4769254319414,0.0,0.0,-8.036774496029226e-09,-0.00011393658803616688,0.0,0.0,-0.0363527853737809,-142.04625363548448,0.0,0.0,0.0,122.772818118334,122.772818118334
1302,0.651010572910309,2.058082363141425e-07,-345.38475942458257,-0.0002614073542847699,-344.20415079051816,-0.056673602609899086,-813.1013065185281,-1.0400659286281197e-10,0.00473059676271171,-4.34987498151592e-09,-0.0001064801121328186,-0.03638308910527464,-142.1361677857046,0.0673475666930466,958.698886168922,-0.056673602609899086,-813.1013065185281,0.0,0.0,-4.34987498151592e-09,-0.0001064801121328186,0.0,0.0,-0.03638308910527464,-142.1361677857046,0.0,0.0,0.0,122.767449259758,122.767449259758
1303,0.651506543159485,2.0963157139666978e-07,-345.63542156226436,-0.000261847421142241,-344.4518313086218,-0.05671686923385848,-813.7252223626751,-2.0083155919275396e-10,0.004738410516225797,-7.54903364803931e-09,-0.00013354874599153486,-0.03641337696799789,-142.22603096074167,0.067400340073475,959.420601271876,-0.05671686923385848,-813.7252223626751,0.0,0.0,-7.54903364803931e-09,-0.00013354874599153486,0.0,0.0,-0.03641337696799789,-142.22603096074167,0.0,0.0,0.0,122.762083828449,122.762083828449
1304,0.652002692222595,2.1350711412397717e-07,-345.8860140728571,-0.00026228795491939556,-344.69954302326335,-0.05676015791479707,-814.3490015115195,-1.6838706973555372e-10,0.004611385682587954,-6.766627546361497e-09,-0.00012503570373486672,-0.036443677777878165,-142.31579716788255,0.067453139078233,960.142172857371,-0.05676015791479707,-814.3490015115195,0.0,0.0,-6.766627546361497e-09,-0.00012503570373486672,0.0,0.0,-0.036443677777878165,-142.31579716788255,0.0,0.0,0.0,122.756715983152,122.756715983152
1305,0.652503490447998,2.466302470493645e-07,-340.3917920611433,-0.0002645104840948201,-340.7105451356335,-0.057107570231115186,-809.4057866818744,1.7830411298684647e-07,-1.2660135159960872,7.018139943516811e-06,-0.1522155342351611,-0.036544791175081456,-141.53561725443046,0.0678001943572079,952.429489303384,-0.057107570231115186,-809.4057866818744,0.0,0.0,7.018139943516811e-06,-0.1522155342351611,0.0,0.0,-0.036544791175081456,-141.53561725443046,0.0,0.0,0.0,122.713798969984,122.713798969984
1306,0.653004765510559,1.1997919369717075e-05,-253.49240515152798,-0.0002842759355036054,-298.2852225199666,-0.07231259836282086,-617.9451606048451,-4.23702261116804e-05,-122.76483820571961,0.0006582712727424866,-10.515881340686331,-0.04055601106902803,-92.26989644546572,0.0829121100254717,747.518707463797,-0.07231259836282086,-617.9451606048451,0.0,0.0,0.0006582712727424866,-10.515881340686331,0.0,0.0,-0.04055601106902803,-92.26989644546572,0.0,0.0,0.0,120.748332321644,120.748332321644
1307,0.653503477573395,7.243327231201428e-05,-263.10069205767286,-0.000315774912082644,-293.95150350542156,-0.07406894808875959,-595.4231283249113,-0.00011053743049744771,-131.70361744920368,0.001347656772115294,-22.449070408033467,-0.041843300765796065,-74.98838427121638,0.0850823380474775,730.50066646482,-0.07406894808875959,-595.4231283249113,0.0,0.0,0.001347656772115294,-22.449070408033467,0.0,0.0,-0.041843300765796065,-74.98838427121638,0.0,0.0,0.0,120.557660132647,120.557660132647
1308,0.65400242805481,9.593917541582182e-05,-261.9191253749371,-0.0002839230143230432,-304.09536534416117,-0.07338474319149764,-595.7853155184702,-0.00012396804436448885,-111.43551227020453,0.0019373643533635643,-24.121304834546297,-0.04179735233475311,-63.36428577845811,0.0844760188502909,730.103078409119,-0.07338474319149764,-595.7853155184702,0.0,0.0,0.0019373643533635643,-24.121304834546297,0.0,0.0,-0.04179735233475311,-63.36428577845811,0.0,0.0,0.0,120.673410534859,120.673410534859
1309,0.654511988162994,8.027838059052263e-05,-266.1076322933903,-0.00028887700763397824,-298.30299507204853,-0.07283016632294341,-592.7896041222915,-8.51934669134906e-05,-105.98321767440382,0.0017187153467812391,-21.678774186096106,-0.04229951028686161,-60.68957564166324,0.0842409213627789,725.660457693272,-0.07283016632294341,-592.7896041222915,0.0,0.0,0.0017187153467812391,-21.678774186096106,0.0,0.0,-0.04229951028686161,-60.68957564166324,0.0,0.0,0.0,120.750791877508,120.750791877508
1310,0.655010163784027,3.779758619942215e-05,-264.05319880546097,-0.00036912378974104834,-280.62155124292053,-0.07390277976302266,-580.6539059727377,-6.646666781721277e-05,-103.55821585963874,0.0015477775123780868,-22.624086491031278,-0.043204185007092666,-56.82604461643796,0.0856198585195301,707.175266854767,-0.07390277976302266,-580.6539059727377,0.0,0.0,0.0015477775123780868,-22.624086491031278,0.0,0.0,-0.043204185007092666,-56.82604461643796,0.0,0.0,0.0,120.593949347734,120.593949347734
1311,0.655502378940582,0.00012331661377377724,-266.8703789904323,-0.0004067638946013831,-297.22485692763735,-0.0738507691541262,-575.0175891013084,-0.0001906179014505177,-80.64065466216894,0.0016874908132807605,-25.358780234646012,-0.04361322569123906,-40.19148583351281,0.0857852795305432,706.377364435519,-0.0738507691541262,-575.0175891013084,0.0,0.0,0.0016874908132807605,-25.358780234646012,0.0,0.0,-0.04361322569123906,-40.19148583351281,0.0,0.0,0.0,120.612796604633,120.612796604633
1312,0.656005501747131,7.917321527907641e-05,-268.82514558995797,-0.0006277318993203071,-284.9875950661729,-0.07446479630792151,-569.87949511276,-0.00012296625205222443,-91.71195414441544,0.0012914799810668288,-13.884416213785848,-0.04384297852467525,-38.146501117046505,0.0864250890197485,698.789340421772,-0.07446479630792151,-569.87949511276,0.0,0.0,0.0012914799810668288,-13.884416213785848,0.0,0.0,-0.04384297852467525,-38.146501117046505,0.0,0.0,0.0,120.501483857632,120.501483857632
1313,0.656505584716797,8.091057336180662e-05,-274.0955308033049,-0.0008430401194969406,-285.69794525511617,-0.07444836164058562,-560.324200169049,-0.00027188163603256274,-79.91336525964529,0.0010021595480423089,-17.226541303489977,-0.044629046549274916,-32.101566096328156,0.0868107473381751,691.68511292543,-0.07444836164058562,-560.324200169049,0.0,0.0,0.0010021595480423089,-17.226541303489977,0.0,0.0,-0.044629046549274916,-32.101566096328156,0.0,0.0,0.0,120.473736286163,120.473736286163
1314,0.657005608081818,0.0001017944446780902,-274.0043406886851,-0.00120630220769642,-289.3511741902202,-0.07361636829412983,-545.5714542872142,-0.0004148693357851831,-66.89807118493333,0.0011025894447284643,-17.854942722525074,-0.04605696832179952,-16.66041305194445,0.0868531367250882,679.354408777566,-0.07361636829412983,-545.5714542872142,0.0,0.0,0.0011025894447284643,-17.854942722525074,0.0,0.0,-0.04605696832179952,-16.66041305194445,0.0,0.0,0.0,120.538444250822,120.538444250822
1315,0.657505631446838,0.0001789393434796188,-292.14806619728967,-0.0016936572020193393,-298.08032556712647,-0.07426044144111656,-535.807810313252,-0.0005370635855876571,-69.71681307944864,0.0006348610116289412,-8.078377929581045,-0.04629159146281161,-6.630145479853381,0.0875278046279866,682.833827304062,-0.07426044144111656,-535.807810313252,0.0,0.0,0.0006348610116289412,-8.078377929581045,0.0,0.0,-0.04629159146281161,-6.630145479853381,0.0,0.0,0.0,120.406602293253,120.406602293253
1316,0.658005595207214,0.00014307095427119055,-307.62147021498316,-0.0022656628026982827,-317.2888710081862,-0.07324023278770588,-520.6926070381071,-0.0006827008285488493,-70.67773132221316,0.0005845643211960658,-6.525979449463593,-0.047413639798788806,-2.4171471183349538,0.0872819937379242,686.6350998455,-0.07324023278770588,-520.6926070381071,0.0,0.0,0.0005845643211960658,-6.525979449463593,0.0,0.0,-0.047413639798788806,-2.4171471183349538,0.0,0.0,0.0,120.466196268797,120.466196268797
1317,0.658505618572235,0.00021681378881484499,-323.2043011427304,-0.0029233287200978934,-324.8018281877742,-0.07232948948445293,-503.48855365939244,-0.0009202993522558763,-60.45721585733014,0.00034322626581312723,-4.420070057785997,-0.04791398887737034,5.795464450081054,0.0868151080942392,683.495552958493,-0.07232948948445293,-503.48855365939244,0.0,0.0,0.00034322626581312723,-4.420070057785997,0.0,0.0,-0.04791398887737034,5.795464450081054,0.0,0.0,0.0,120.509253144264,120.509253144264
1318,0.659005641937256,0.0002058463959449567,-329.1296045580139,-0.003565616207758412,-326.27677263785404,-0.07215501237520988,-482.7017710939147,-0.0012829505865743628,-57.42182955682171,-0.000494718396049334,0.8360858005846048,-0.04868519467694077,11.962062932709227,0.0871277263090059,671.732748401785,-0.07214617475520375,-482.70101471210637,-8.837620006127422e-06,-0.000756381808344031,-0.0004952684778670417,0.8358061276855178,5.5008181770776e-07,0.00027967289908703563,-0.048684950848481436,11.962093022746203,-2.43828459332851e-07,-3.0090036975849443e-05,0.000247897747613024,120.44760030508,120.447848202828
1319,0.659505605697632,5.537700747126839e-05,-312.47676201752546,-0.004370776664050307,-307.57110043390446,-0.06960103568508262,-473.6459521500743,-0.0014761467071683408,-51.917280676656375,-0.00033102285323028166,1.795076161854036,-0.04889709079356049,10.997586820634464,0.0851858262682252,647.612360798027,-0.06960103568508262,-473.6459521500743,0.0,0.0,-0.00033102285323028166,1.795076161854036,0.0,0.0,-0.04889709079356049,10.997586820634464,0.0,0.0,0.0,120.6505613029,120.6505613029
1320,0.660005629062653,-6.226446991315732e-05,-315.796181912804,-0.005080298034424603,-306.562736187484,-0.06854046903209328,-454.2050276587643,-0.001716104457345318,-22.904730618941596,-0.00018097086575732054,0.42599231033873636,-0.04959597083211291,16.17088872794335,0.0847723261911852,633.08487004223,-0.06848488543557965,-454.20091856576335,-5.55835965136281e-05,-0.004109093000977282,-0.00018649789299876823,0.42351376552725883,5.527027241447694e-06,0.0024785448114775233,-0.04959553875523553,16.170729230660775,-4.3207687738106015e-07,0.00015949728257425022,0.00217680248897523,120.684976816177,120.687153618666
1321,0.660505592823029,-0.0003848114778209313,-319.86916321592764,-0.00586670007477855,-305.6789504132357,-0.06645291367488976,-441.1309855891505,-0.002052872133100395,-18.248599388299166,-0.0002594585586748727,-1.3756109856528054,-0.05008683530799613,18.127976953477663,0.0834477600624012,625.312702559843,-0.06636274591115095,-441.1244941202427,-9.016776373881041e-05,-0.006491468907825038,-0.00028528939252803534,-1.3803071211743803,2.583083385316264e-05,0.0046961355215748846,-0.0500937638970022,18.12663369897372,6.928589006069408e-06,0.0013432545039435695,0.0035830726774293,120.799751341343,120.80333441402
1322,0.661005616188049,-0.0008081975862333371,-321.1487682550989,-0.006548507849167054,-302.1394217652488,-0.0639283823399159,-436.39766140702443,-0.0017789718535368042,-9.205120622670629,5.463538546519758e-05,-4.538583344823836,-0.050571004787992466,20.518403729960763,0.0817983401918135,620.801110094052,-0.06379558790671534,-436.3870966094099,-0.00013279443320056428,-0.01056479761450646,2.822441790013868e-05,-4.543486004754808,2.6410967565058896e-05,0.004902659930971609,-0.050581184212763246,20.516630138342155,1.0179424770780099e-05,0.00177359161860835,0.00523694368894212,120.978234022856,120.983470966545
1323,0.66150563955307,-0.001323665057743077,-320.93967168542645,-0.007038015458191688,-297.5353867845222,-0.061642399592518,-429.9633905457472,-0.0017660772367981878,-0.3857447044096294,-0.0008815305796920059,-7.430432343872389,-0.05191851180129847,22.9534069625384,0.0809351541107406,613.987227452771,-0.06142400564893963,-429.9348955530672,-0.00021839394357837244,-0.028494992680009545,-0.0009370728524674048,-7.442867854211445,5.5542272775398844e-05,0.012435510339056322,-0.05206943264437562,22.952985410856797,0.0001509208430771486,0.00042155168160107337,0.0142188411555253,121.143751114607,121.157969955762
1324,0.662005603313446,-0.0014712162818860044,-346.25191151246014,-0.007373162794689476,-322.0511909045702,-0.06014929140872125,-424.22264786456105,-0.001484252618339345,-8.31339875240511,-0.0011135436356618312,-8.978133857977198,-0.05315608998180893,28.11060487820751,0.0806441451770312,636.012685677975,-0.059913781122460846,-424.172612567001,-0.00023551028626040554,-0.050035297560043546,-0.0010727731974784177,-8.99512078709396,-4.077043818341347e-05,0.016986929116761473,-0.053335363227478096,28.124312169836326,0.0001792732456691662,-0.013707291628815454,0.0251256268675206,121.267084032297,121.292209659165
1325,0.662505626678467,-0.0018600650425415026,-313.86181155976504,-0.007836464191260344,-287.418363491771,-0.05786730894301225,-414.01526858969214,-0.0012709534583058878,-3.019953679265926,-0.0008700769330206188,-17.695730297738457,-0.05354923383377121,26.64769785318524,0.0792678261215474,594.608740135166,-0.057353471571267474,-413.9161090867218,-0.000513837371744777,-0.0991595029703376,-0.0006204019438187343,-17.730228433713418,-0.00024967498920188444,0.03449813597496032,-0.05412045642391276,26.662757981402454,0.0005712225901415499,-0.015060128217214697,0.0363472606986761,121.45861530304,121.494962563738
1326,0.663005650043488,-0.0021555200791223204,-289.54331057086796,-0.008289423339719774,-265.54829598760983,-0.05389141554797465,-404.19287197429753,-0.0007723217823766037,10.923409813201111,0.00028705263319443925,-20.277788133095495,-0.05413163113571017,32.08647742949749,0.076867144121812,565.051462754008,-0.05369854888643497,-404.16408283699155,-0.00019286666153967708,-0.028789137305977874,0.00034549970571654974,-20.279712387665754,-5.844707252211049e-05,0.0019242545702589098,-0.054853284427765894,32.080320091049636,0.0007216532920557225,0.006157338447856375,0.0158253232766583,121.810409635305,121.826234958582
1327,0.663505613803864,-0.002387376540663025,-267.4997515854471,-0.008774661733204639,-246.15501955460138,-0.05128536286597776,-402.9180095997224,-0.0006441152232048147,5.263949221932339,0.0016862953714166225,-21.22925600324948,-0.055428726057168434,34.647715712642494,0.0760820928234439,544.215203651984,-0.05132678579611082,-402.90027752214905,4.142293013306014e-05,-0.017732077573327842,0.0017792959525687528,-21.22875004443453,-9.300058115213031e-05,-0.00050595881494786,-0.05662024241189665,34.64516658405432,0.0011915163547282157,0.0025491285881713566,0.0129780899765137,122.006592750549,122.019570840526
1328,0.664005637168884,-0.0022993409334492723,-231.55067679027596,-0.00921288182866654,-207.21935376249036,-0.049366910311492464,-399.4638507838232,-0.0008031823645135463,1.4294440278976113,0.0009386025308144252,-25.195165190402452,-0.0554457928207669,24.516874439807832,0.0748533099613175,507.311404731174,-0.048768243464725115,-399.38448878348066,-0.0005986668467673484,-0.0793620003425417,0.002291079609628635,-25.185265127777843,-0.0013524770788142099,-0.009900062624609518,-0.057347768169447186,24.510954343258955,0.0019019753486802862,0.005920096548877041,0.0364348482617061,122.257958889008,122.294393737269
1329,0.664505660533905,-0.001952041170665988,-231.96806500587815,-0.009341020709562844,-198.2009159430375,-0.045079121718234534,-383.2966000857728,-0.0015140811048390446,2.6950872652258204,0.0014225356040443804,-3.0672463550993574,-0.055042192178030414,25.330076292811164,0.0718133087694468,490.578591217669,-0.0443500199131817,-383.1733653804219,-0.0007291018050528328,-0.12323470535091019,0.005602571387631547,-3.061410540488883,-0.004180035783587167,-0.0058358146104744435,-0.05816517480493814,25.336421335968815,0.0031229826269077235,-0.006345043157651276,0.0641739456914365,122.788451761007,122.852625706699
1330,0.665005624294281,-0.0024191895261335542,-200.36033836455078,-0.009625056265722704,-174.81002631193755,-0.04267215346630375,-387.801460246386,-0.001308118536493842,-10.034403530149861,0.0033013049702226016,-7.815556702786966,-0.05270129384019483,13.044378687122634,0.0686253818100559,470.557872162479,-0.04097027064025789,-387.58692381036303,-0.0017018828260458585,-0.2145364360229678,0.007216322165984396,-7.8124044520708615,-0.003915017195761795,-0.0031522507161048097,-0.05770867937440692,13.053573561368042,0.005007385534212094,-0.009194874245407547,0.0816495433846285,123.103809356689,123.185458900074
1331,0.665505647659302,-0.0022433980121521146,-176.8823190294618,-0.010252763641319515,-163.4560269752225,-0.03907683738085291,-387.29648315204827,-0.002489179533009925,-3.0415402513064955,-0.0014679427694472618,-4.171370562504983,-0.04889613896096473,10.831560838048718,0.0635321532188798,456.232142019135,-0.03839924115823937,-387.0230242311133,-0.0006775962226135412,-0.2734589209349565,0.009738328477839911,-4.148256463622078,-0.011206271247287174,-0.023114098882905054,-0.05978377691072596,10.847626187206599,0.010887637949761227,-0.016065349157880604,0.111899910015381,123.363883167505,123.475783077521
1332,0.6660076379776,-0.002166518496341088,-157.35944680790266,-0.010559774234271565,-148.6607621944302,-0.03443007494532076,-381.20380744127516,-0.0035903086775941873,-24.647361832620046,-0.005072967290913147,5.244029856415464,-0.042408728378792504,-8.265457440623274,0.0560246218305439,439.18295800815,-0.0343878425345396,-380.81662908500596,-4.2232410781155305e-05,-0.38717835626920305,0.012731426303231048,5.3009218256924235,-0.017804393594144194,-0.05689196927695939,-0.05881290062240279,-8.220870325105205,0.016404172243610286,-0.04458711551806971,0.161790823913179,123.819781720638,123.981572544551
1333,0.666507661342621,-0.0019640903271179767,-110.17908228717695,-0.010549333408496845,-117.0545952510759,-0.03286721472153149,-382.3211354462591,-0.004688503903433252,5.750984906045211,-0.006781249104863057,-0.17083942384321404,-0.039639342375851136,-9.02730697330235,0.0532413820443518,414.879807096758,-0.03186951378543983,-381.693541820608,-0.0009977009360916597,-0.6275936256511159,0.013441125460502943,-0.10684792898439582,-0.020222374565366,-0.06399149485881822,-0.05863405814186344,-8.978185838944349,0.018994715766012304,-0.049121134358001584,0.249630378833899,124.115108579397,124.364738958231
1334,0.667007684707642,-0.0013488483049801784,-80.25084227976554,-0.010790506438915078,-84.4101085097214,-0.029561104946792906,-387.7209523173195,-0.005922704246372592,26.07874552315164,-0.009007748701096384,-4.0090276105173315,-0.04177723686982764,-15.565806370761047,0.0534197419439968,405.994173073332,-0.029377055368518083,-387.1098224989885,-0.0001840495782748225,-0.6111298183309941,0.015024119467175827,-3.978071214935871,-0.02403186816827221,-0.030956395581460683,-0.060058179059678286,-15.492821102324532,0.018280942189850644,-0.07298526843651487,0.261260774853326,124.465457230806,124.72671800566
1335,0.667507648468018,-0.0016048537815486496,-76.35374544367444,-0.010965524088531452,-77.6804381749066,-0.028185005392519554,-389.968943301993,-0.007533581369596142,-15.437555157948923,-0.020635003777513632,9.975036926998479,-0.03170756347993859,-11.34284010864834,0.049042232964633,405.470592214868,-0.02714539720889295,-389.11259301150903,-0.0010396081836266044,-0.8563502904839879,0.013778213418126638,10.08210279548283,-0.03441321719564027,-0.10706586848435151,-0.062172782982768154,-11.240334670277441,0.030465219502829564,-0.10250543837089943,0.332162343551317,124.680458933115,125.012621276666
1336,0.668007671833038,-0.0019455094325999708,-57.422716886754955,-0.011172682550846096,-45.53740246562741,-0.018988855637036322,-383.5747682818066,-0.010195591165874502,-2.780816629259831,-0.024944141822615336,12.144073842294084,-0.030292232319309838,-9.928023004658352,0.0461840893610989,390.838078252117,-0.020927038120551134,-382.6371655064881,0.0019381824835148116,-0.9376027753185099,0.011053659226406162,12.17015100687321,-0.0359978010490215,-0.026077164579126233,-0.06265486853537668,-9.785440628357149,0.03236263621606684,-0.14258237630120263,0.367037908793009,125.372896105051,125.739934013844
1337,0.668507695198059,-0.0016336756848554803,-46.77968754704039,-0.01035164953560701,-18.505473381783826,-0.01619745110998127,-385.57984929226626,-0.010188752627343187,-7.1456944727117495,-0.030376610084711562,19.019710812740954,-0.030487190710301152,-11.655764004039414,0.0482514340155567,389.552665342884,-0.01734308072841162,-384.22977039271495,0.0011456296184303508,-1.3500788995513062,0.006857243352058151,18.994944722088945,-0.037233853436769715,0.024766090652008188,-0.06233893051499396,-11.54917568339728,0.0318517398046928,-0.10658832064213364,0.442486025585822,125.947406172752,126.389892198338
1338,0.669007658958435,-0.0031644267182910323,-59.665907202636696,-0.01095110137036139,-26.02058422242666,-0.008194022522749101,-381.57812919964493,-0.011284038725505962,-3.0429948591461624,-0.039384528214894125,11.547872517234325,-0.027987817145530457,-10.53375744445994,0.051564238809691,387.417776040771,-0.011816226675267785,-380.2983755165714,0.003622204152518684,-1.2797536830735226,0.003467460021206189,11.524174955106297,-0.042851988236100313,0.023697562128027982,-0.05908769167898747,-10.480043064933634,0.03109987453345701,-0.053714379526306644,0.440893445600523,126.374641895294,126.815535340895
1339,0.669507741928101,-0.003266988775256378,-66.10741343660385,-0.01051130893647243,-29.905670057080975,-0.0083835064780943,-383.22387738301256,-0.013208203767223954,24.498001569393647,-0.04766291296823873,21.956641576217958,-0.026969556987846213,-26.983831554504995,0.0580087143072397,392.346087994864,-0.010225946163687284,-381.6981460707123,0.0018424396855929847,-1.5257313123002518,0.00360637564894159,21.977967998657242,-0.05126928861718032,-0.021326422439283732,-0.06218132337296663,-26.957548686600813,0.03521176638512042,-0.02628286790418244,0.500543127260244,126.614698022604,127.115241149864
1340,0.670007765293121,-0.004072930708200039,-54.8175614296246,-0.010039191075988056,-11.490944344992421,-0.006899285904076217,-394.6357814954207,-0.01298741335955226,18.388063969517873,-0.04186318828076478,-0.5159492690054572,-0.04045986321931013,-21.17426120358633,0.0610178190246759,399.576204643426,-0.00783992129327362,-393.1126636448254,0.000940635389197403,-1.5231178505953267,-0.0038807617382745556,-0.6719903051183679,-0.037982426542490226,0.15604103611291065,-0.05997207139793722,-21.181351931487665,0.01951220817862709,0.00709072790133547,0.478223511007855,126.821123421192,127.2993469322
1341,0.67050838470459,-0.004089724451878914,-42.894827281932095,-0.009523379914427756,-0.2989883515803089,-0.004374117504889015,-384.37866526729727,-0.012591776056104849,24.71118696967138,-0.0395838802601016,-1.138015160362551,-0.03409783704397406,-19.070338622868665,0.054905850387768,388.024006434391,-0.003310073147246596,-382.32557550116513,-0.0010640443576424193,-2.053089766132132,-0.00578981860782377,-1.4476350021674804,-0.03379406165227783,0.3096198418049294,-0.0599664218929542,-19.148721722288265,0.025868584848980143,0.0783830994196002,0.532921090698437,127.43547616899,127.968397259689
1342,0.671008467674255,-0.004845185353943261,-30.075210954541564,-0.009506571074485926,13.781369348916893,-0.005823366848640219,-402.2059866901551,-0.014251332268317998,50.59805976547867,-0.02908215521251481,-4.150874540826959,-0.036557796267409265,-14.610499178560993,0.0503299811972781,407.00732214817,-0.0007298516159183056,-400.17768583885453,-0.005093515232721913,-2.028300851300571,-0.009287042944160929,-4.473186932241507,-0.01979511226835388,0.32231239141454804,-0.06017661901949437,-14.70201800981466,0.023618822752085107,0.09151883125366744,0.482436526710444,127.694110691547,128.176547218258
1343,0.671508491039276,-0.004537394140734905,-25.17829373325483,-0.007736315868928183,38.745109198587706,-0.006518374199764613,-390.32140163261266,-0.0124303671232425,45.38674075642981,-0.02812701357082354,-5.25620649667732,-0.03735939137451173,-2.899466075339789,0.0496416636921667,395.70433075887,0.0015645863138628,-388.38484325901123,-0.008082960513627413,-1.9365583736014287,-0.013545816724888892,-5.385699962527011,-0.014581196845934648,0.12949346584969046,-0.06081937881867138,-2.9564804247070953,0.023459987444159648,0.057014349367306316,0.489109263304272,128.219772577286,128.70888184059
1344,0.672008812427521,-0.004811498390797978,-32.52437705286709,-0.008039739267321702,28.298295584289946,-0.005807099711850247,-391.104817802158,-0.013866354058082696,29.298573046908484,-0.04031293500673256,-2.2903281154219575,-0.024181507830965426,-16.97006520947565,0.0502360842026399,394.934478416847,0.00251810734786666,-388.8209864812599,-0.008325207059716906,-2.2838313208980594,-0.016729232598619793,-2.4772957832085227,-0.023583702408112767,0.18696766778656526,-0.0634636779019182,-16.99717998988456,0.03928217007095278,0.0271147804089118,0.602903582186627,128.225613832474,128.82851741466
1345,0.672508776187897,-0.005475178647345498,-20.738775378437314,-0.00628457567521689,73.55756585598176,0.0009589944316074844,-387.4721307484989,-0.01352838900746205,17.826264332905197,-0.04966123819959926,-19.98101840265119,-0.008907310337925039,-4.323408472521344,0.0529054742826146,395.867620629586,0.004964054707879202,-385.38460072422987,-0.004005060276271718,-2.0875300242690287,-0.021904894074600965,-20.03156000290361,-0.02775634412499829,0.05054160025241927,-0.06152899940106435,-4.356519985369142,0.05262168906313931,0.0331115128477979,0.556332604654017,128.679217323661,129.235549928315
1346,0.673008799552917,-0.006776926256241737,-68.58144881909892,-0.005919252384760724,38.41878114604052,0.002078315049016216,-384.13339617183374,-0.013688023549946809,26.33918292857335,-0.040073317933607196,-25.555714801063033,-0.019426954902123855,-1.7731166204567252,0.0474965582690053,393.81197922393,0.005964871546469694,-381.2145462667585,-0.0038865564974534784,-2.9188499050752625,-0.026611208805616283,-25.58175827062245,-0.013462109127990913,0.026043469559418497,-0.060664613213826074,-1.6576796312148174,0.041237658311702216,-0.11543698924190782,0.719224226621009,128.688416719437,129.407640946058
1347,0.673508882522583,-0.005272889832539663,-65.373863482874,-0.0038448089268187393,38.32663062467092,0.006737997547158749,-379.7314930368557,-0.015678846695413806,0.7247872401771973,-0.04390023298977061,-4.040099646058371,-0.010867316858812051,-20.0257434587156,0.0487764471828322,387.758375239639,0.005782756012993817,-377.5515741990205,0.0009552415341649318,-2.179918837835203,-0.02692156947506529,-4.058354937159172,-0.01697866351470532,0.018255291100801152,-0.05896469345469964,-20.069575418602867,0.048097376595887587,0.0438319598872674,0.618082451870578,129.120175167918,129.738257619789
1348,0.674001157283783,-0.006798518066313444,-127.74627315838984,-0.0025355093163204633,26.771885809576688,0.010106429324172382,-362.17298145945375,-0.014014842607536711,10.378294536769566,-0.04416209952377442,-4.335498734017774,-0.0066455683699145045,-22.778447548716954,0.0484320038373039,385.811451222463,0.00675052634175365,-359.3149851696671,0.0033559029824187315,-2.8579962897866267,-0.03363798827835492,-4.235984244275137,-0.0105241112454195,-0.09951448974263677,-0.05953794620724671,-22.73880316526143,0.0528923778373322,-0.039644383455524235,0.712453702879429,129.211685910821,129.9241396137
1349,0.674503266811371,-0.005655657837894979,-91.50637790765465,-0.0007830972421922151,48.63560596711063,0.00995028566975501,-379.7926226111529,-0.014446762684193792,-8.218668909850079,-0.03864764631926036,-6.406267998399403,-0.01658446431799367,-27.714127976714664,0.0459238703352261,394.788468971994,0.004755462255217864,-377.0509622167852,0.005194823414537146,-2.7416603943677273,-0.035205642082502195,-6.430279849332103,-0.003442004236758167,0.024011850932700085,-0.05657914466564251,-27.666732865491262,0.039994680347648845,-0.0473951112234019,0.744050704703568,129.331713244319,130.075763949023
1350,0.675004422664642,-0.005998295585942937,-93.43196617592179,0.0015485521711540672,49.825802108381545,0.008493770530751196,-394.35185017135007,-0.014466726365506912,-42.51733236005107,-0.021232213914334743,-4.256424683235978,-0.008539721180489152,-53.807353266810566,0.0290437879566561,414.061102448042,0.0034061328790132408,-391.1752900032512,0.005087637651737955,-3.176560168098888,-0.038410022749710816,-4.41793419046251,0.017177808835376073,0.16150950722653157,-0.0571389209703481,-53.8228590868618,0.04859919978985895,0.015505820051231467,0.791941506928197,129.39581528306,130.187756789988
1351,0.675510704517365,-0.006719482699634946,-92.30164199223032,0.002034144066553916,49.28510949845204,0.013969011629440541,-391.39485375230805,-0.013333839309699261,-73.67515576598103,-0.03259258771288389,-4.727897581312015,-0.007855883128412736,-59.83204269066413,0.0393218186255904,416.135556762151,0.002516899226634801,-388.3885095363385,0.01145211240280574,-3.006344215969534,-0.043775293986558314,-4.610427313277836,0.011182706273674424,-0.11747026803417882,-0.056484326923819404,-59.87307522955362,0.048628443795406665,0.04103253888948899,0.840693607337016,129.276636868715,130.117330476052
1352,0.676000893115997,-0.0066414386615857805,-99.58428014288167,0.005041547331976141,46.52922083202516,0.0045139303786723905,-404.8821682300598,-0.012947756889513495,-85.49278666251942,-0.034676691249674846,-1.2592462617807876,-0.003803028944929181,-85.975245036145,0.0383989821233695,436.708040256854,-0.0005540295422518898,-401.4028227018146,0.00506795992092428,-3.479345528245176,-0.04791042956066889,-1.0455353166002814,0.013233738310994045,-0.21371094518050615,-0.056322682752978644,-85.87043597733789,0.05251965380804946,-0.10480905880710623,0.915783114527585,129.282323375344,130.198106489872
1353,0.676500916481018,-0.0042820260704683685,-110.83673634615758,0.005186938764067718,33.76106618725779,0.003343178908006699,-411.7067194728325,-0.01413723156905512,-110.30269974917627,-0.027268299488713822,15.111753890952487,-0.025351323688404728,-64.09182776034933,0.0405281138522242,446.575668432943,-0.004625420278429446,-407.9162727755437,0.007968599186436144,-3.7904466972888144,-0.04844686368155436,15.346511353572007,0.02117856419284054,-0.23475746261951969,-0.053170779601394255,-64.08167226419357,0.027819455912989528,-0.010155496155761057,1.02752460434385,129.041575759649,130.069100363993
1354,0.677000939846039,-0.0048823360558330475,-133.98840523448754,0.007968823475654425,35.22202868246795,0.003971867635152032,-423.9083266661534,-0.011239921019587323,-117.87476626499326,-0.019865538808790092,-14.748146401071551,-0.04684820178711552,-62.398904743067945,0.0530927919103507,465.722390610669,-0.007857304602517786,-419.7059258884968,0.011829172237669818,-4.202400777656635,-0.05798856314615973,-14.429052743867214,0.03812302433736964,-0.3190936572043377,-0.05241543580435376,-62.28741596870813,0.005567234017238243,-0.11148877435981319,1.09913624858564,128.905615404248,130.004751652834
1355,0.677501559257507,-0.004031220807039889,-134.3552904439651,0.009858961472380431,24.556439819692105,0.0023860838970092804,-434.4227507729276,-0.011627218567209318,-93.15577416715574,-0.02276868010828824,6.312031289998739,-0.03748258356596488,-67.26262563260651,0.0466657512008038,469.701596764049,-0.011722725090606716,-429.3573312835335,0.014108808987615996,-5.065419489394117,-0.055715282154273967,6.8414239529339556,0.03294660204598573,-0.5293926629352166,-0.0524476329040186,-67.17982338162105,0.014965049338053718,-0.08280225098546623,1.27494402712182,128.758371323347,130.033315350469
1356,0.678001523017883,-0.0025149735796434584,-126.39176541862777,0.011387182036453324,44.549623640565514,0.011076731430887958,-424.8497216719649,-0.011797684436847268,-134.72531435455696,0.0009180701592873559,-8.101348579683352,-0.047821294049036844,-53.97171412783106,0.0518226915688765,468.600385658761,-0.016279926947687484,-419.0009106702806,0.02735665837857544,-5.848811001684339,-0.061339864538082454,-7.445769782706499,0.06225793469736981,-0.6555787969768527,-0.05060769400421836,-53.94269818267956,0.002786399955181519,-0.029015945151506628,1.37585590754588,128.492525845766,129.868381753312
1357,0.678501784801483,-0.0030009711831666262,-137.71739448129674,0.01566987781995899,38.94719651400051,0.02324852062237098,-449.899622619545,-0.01024950010607927,-134.73591278813095,-0.020835815750670894,-0.5687387017679355,-0.03273872185408049,-35.03211419339011,0.0490515238205983,492.213341931775,-0.023165210042368004,-443.70423490657504,0.046413730664738986,-6.195387712969989,-0.06182624292212287,0.09318644520885244,0.040990427171451974,-0.661925146976788,-0.04510377050089076,-35.04403696365499,0.012365048646810269,0.011922770264881422,1.54453667026974,128.077100619674,129.621637289943
1358,0.679001748561859,-0.0028047969844104794,-104.09178683807654,0.017268968838810312,87.29278532203357,0.04254299816335026,-430.27324980863784,-0.010134392602336935,-92.36505585201427,0.03373960311559382,-5.4728702401983025,-0.04471740178543682,-43.86863262749113,0.0731895048341131,462.683382819316,-0.025330753177288397,-423.7597538968431,0.06787375134063867,-6.513495911794735,-0.061318859788156856,-4.780536227972139,0.09505846290375067,-0.6923340122261639,-0.04532637401685666,-43.65806322107434,0.0006089722314198409,-0.21056940641678779,1.64229747570062,127.970605507493,129.612902983194
1359,0.679503381252289,-0.002698906590406654,-123.09905119761771,0.020318417042448283,93.12946249844678,0.0933493725101724,-436.3692350024109,-0.008414619613358796,-137.39632614166388,0.07645065466416447,-16.321544075503063,-0.06547680725299983,-25.72919721748701,0.139057355885264,483.787884589191,-0.02957427979237121,-428.856162457855,0.12292365230254361,-7.513072544555882,-0.06443335174769735,-15.496049984566527,0.14088400641186183,-0.8254940909365356,-0.042329809836205205,-25.75428856462265,-0.023146997416794622,0.02509134713564265,1.82582921104768,127.796496272087,129.622325483135
1360,0.680003643035889,-0.002045300055478535,-109.93304245682232,0.024218210183843698,105.22520840078487,0.11558986366033965,-418.35874403623626,-0.008112734649563667,-106.75531097037425,0.13845159668335982,5.716095153231175,-0.08216486362848917,-5.266355804661714,0.199843557415784,457.863256536297,-0.03424443760788222,-410.6287584263782,0.14983430126822186,-7.7299856098580335,-0.06351212422456257,6.2403041245779995,0.2019637209079224,-0.524208971346825,-0.04223882111625964,-5.283951942567394,-0.03992604251222953,0.01759613790567993,1.84583671674045,127.694799259305,129.540635976045
1361,0.680503785610199,-0.00039178419689934226,-70.36101981713362,0.024774790818797014,118.83211643879338,0.12256528262140412,-421.02311459585167,-0.004413429624282533,-109.44583161673758,0.1446333173750981,-15.77213932144018,-0.08599119528651541,-24.488937580750154,0.209687750671838,457.339115462377,-0.036812450587555556,-412.77253166034916,0.15937773320895968,-8.250582935502507,-0.06473755883131352,-14.97098955828606,0.20937087620641162,-0.80114976315412,-0.042500795103704886,-24.460616438225344,-0.04349040018281053,-0.028321142524809773,1.99274056167633,127.60689792037,129.599638482046
1362,0.681011199951172,-0.0019355626992866135,-109.32503783598422,0.029215531398885733,123.96511274939046,0.13532333456012602,-394.60630970443935,-0.004035725975720689,-108.32250679184337,0.21405041335021946,-13.770211948439707,-0.08307065479537151,-8.896976709695625,0.268149769311921,441.628795647104,-0.03906005274945615,-385.83073069342396,0.17438338730958217,-8.775579011015395,-0.06493343198764953,-13.047317256716344,0.278983845337869,-0.7228946917233632,-0.0402908642920065,-9.088144823612607,-0.042779790503365014,0.19116811391698185,2.03027590762213,127.623983688653,129.654259596275
1363,0.681502461433411,-8.657714596480189e-05,-107.36879265984754,0.031202014112933663,129.90471398467974,0.11436594004167457,-392.3808351386397,-0.0032846338599576692,-81.84598747496098,0.20368915631844092,-8.322678171086809,-0.11682405425887092,-14.033989742683561,0.263060947874658,435.12181931335,-0.04372947536235134,-383.49618006818343,0.1580954154040259,-8.88465507045629,-0.06513899881537505,-7.605359083324252,0.26882815513381597,-0.7173190877625562,-0.04127377156704285,-14.098651065218517,-0.07555028269182806,0.06466132253495616,2.09640257704405,127.453194126487,129.549596703531
1364,0.682004451751709,-0.00011465862792575698,-51.41284752044676,0.033468704618361905,199.05194022548395,0.09715962750555225,-376.9613183695754,-0.0037089575502424633,-81.69584038915104,0.24834199347937755,-9.384773772479877,-0.1377581026142684,-11.015255933121745,0.302034695821116,437.319575966525,-0.04561210981391562,-368.510471673445,0.14277173731946788,-8.450846696130384,-0.06673648373749912,-8.743521288128557,0.31507847721687665,-0.6412524843513197,-0.04046847243293633,-11.310331157808765,-0.09728963018133208,0.29507522468701985,1.94438532315871,127.417438775301,129.36182409846
1365,0.682504594326019,0.0016173466851260017,-49.99020831217045,0.03513308370319383,172.51324589943692,0.05477866624744137,-384.5529005745049,-0.0009580292915018852,-68.58027419876807,0.22993145931625808,-9.2828338090571,-0.1335825916070264,-7.725508928226014,0.273772449747087,430.10450216084,-0.05012816442153404,-375.73020577244637,0.10490683066897541,-8.82269480205855,-0.06438569234224888,-8.599608933288847,0.29431715165850697,-0.6832248757682535,-0.037550883471572254,-8.714253929442325,-0.09603170813545414,0.9887450012163113,2.00997378306056,127.294995337725,129.304969120785
1366,0.68300461769104,0.0016895488670797603,-33.90910427593443,0.03820582154557804,187.62939162842056,0.053888495287163496,-365.32321360811864,0.0007575710121982544,-90.86505694863054,0.20068230932686634,-4.6154324053916485,-0.12079367694500089,-27.92128617991543,0.243375399085769,422.933830958364,-0.053527940709464726,-357.703632739921,0.10741643599662823,-7.619580868197659,-0.07002201935080885,-3.763767490861358,0.2707043286776752,-0.8516649145302906,-0.0386062808717186,-28.523393611376854,-0.08218739607328229,0.6021074314614232,1.97834793875882,127.195883445442,129.174231384201
1367,0.683505296707153,0.0031121296016204517,-32.51607467703988,0.04124848882667845,177.53801860663268,0.03147987575844174,-350.47874480439424,0.000432202016120477,-68.55415087901328,0.15636480755205984,9.560763417765356,-0.12308461598523832,-17.598500297143808,0.205674666136882,400.640962378308,-0.05739871835890469,-342.93904647444424,0.08887859411734643,-7.539698329949999,-0.06859063174443136,10.84622269700725,0.2249554392964912,-1.285459279241893,-0.038076629640121505,-18.032678922844376,-0.0850079863451168,0.434178625700568,1.95043154585892,127.179505877197,129.129937423056
1368,0.684010326862335,0.0019104953002440951,-9.712745534368569,0.043103443843054895,227.00918383721483,0.00662217332846794,-314.727127143658,-1.292210527338339e-05,-91.49915060714802,0.12489588599011596,-24.712640983524366,-0.1691368289690739,-7.271616363797503,0.214736255581042,399.645289129131,-0.05880731307190196,-306.97041054965734,0.0654294864003699,-7.756716594000636,-0.07135869268635504,-23.117629889595573,0.196254578676471,-1.5950110939287931,-0.036994669173692,-7.782760852541108,-0.1321421597953819,0.5111444887436045,1.9434082151829,127.04866258055,128.992070795733
1369,0.684503197669983,0.004156715654744192,-29.93012770444868,0.044887113478015196,181.9423206714483,0.009312672754517658,-330.0822528166825,0.0006246700232460832,-76.04080294291897,0.07677095412975966,-0.29246447513285806,-0.16396468005303705,-8.123409935143236,0.186808573226128,385.747836360621,-0.06421175696846233,-322.5042056721322,0.07352442972297998,-7.5780471445503395,-0.07217994780046436,1.0353538201804868,0.14895090193022403,-1.3278182953133448,-0.038537870320578885,-8.438768085498792,-0.12542680973245818,0.31535815035555537,1.99574160094562,126.874721296132,128.870462897077
1370,0.685004472732544,0.004051291376012486,-13.829659142270721,0.04716036948765841,172.70257068820837,-0.0037933691673877894,-338.89368420698145,0.0006711312933917101,-81.54679037650536,0.019295066239582773,-27.510988179129562,-0.1888304516803238,-5.439397092862469,0.195664489731438,390.259768771679,-0.06805516622001825,-331.82828000768455,0.06426179705263046,-7.065404199296893,-0.07316508943616774,-26.039258795141706,0.09246015567575051,-1.4717293839878565,-0.036969114103315076,-5.727862326856738,-0.15186133757700873,0.2884652339942688,1.92951123480452,126.650057315826,128.579568550631
1371,0.685506701469421,0.003734974634447371,-34.06631989377799,0.04931818736981545,153.30897459232997,-0.010822515406457789,-334.74685163655323,0.0023744632298701046,-60.698561773420806,-0.04789749466842117,-26.60161528986441,-0.17733247681382486,0.7196303556762845,0.190551766942095,375.648891556307,-0.07199084865053502,-327.7858105082891,0.061168333244077236,-6.961041128264128,-0.07404583894681427,-25.051954890740532,0.026148344278393097,-1.5496603991238764,-0.035366976390910417,0.6902623736929772,-0.14196550042291445,0.029367981983307367,1.90291688665639,126.395786017179,128.298702903836
1372,0.686008393764496,0.008487826767175235,5.481365192796903,0.05088457875427108,167.76519225061475,-0.026739629196655765,-338.7608692839131,-0.0012905206764456396,-60.874620671523324,-0.026716877707476026,-25.877669572500306,-0.18829263963817147,12.270173249267721,0.198861425288482,384.005289064132,-0.07803794217839138,-331.81220006928567,0.05129831298173562,-6.948669214627444,-0.07568743584976964,-24.420987298019288,0.04897055814229362,-1.4566822744810182,-0.03685153596330838,12.294135429153666,-0.15144110367486308,-0.02396217988594529,1.98402276906927,126.345770061016,128.329792830085
1373,0.686503827571869,0.005861425191335251,-36.282245429700275,0.05144157590835554,122.10177616427805,-0.03245308713936099,-307.46689812589904,-0.0013809346943691903,-58.18583129973411,-0.045542305937147254,-37.20834010189587,-0.24552382275894338,-3.0268434558240846,0.257083159804277,339.912270795775,-0.07879443918468207,-300.16537898276266,0.04634135204532108,-7.301519143136375,-0.0773536699749093,-35.848026884632084,0.03181136403776205,-1.360313217263787,-0.03640030035678867,-2.806563956475711,-0.2091235224021547,-0.22027949934837343,2.08994096929746,126.026867315173,128.116808284471
1374,0.68700647354126,0.007158119653303468,-15.346494384924739,0.05622204724006767,135.40105873233497,-0.03735405285746162,-347.5709456320331,-0.00015433458563551236,-56.58870927819243,-0.01515298080180604,-21.89170584702748,-0.29262227741656166,11.248084647324761,0.300773862601977,378.394730478884,-0.0872906312473908,-340.0149916654777,0.049936578389929175,-7.555953966555421,-0.07834333034918103,-20.79709987688942,0.063190349547375,-1.094605970138062,-0.03415574133560017,11.625360021235068,-0.2584665360809615,-0.3772753739103063,2.19736885733323,125.653369963169,127.850738820502
1375,0.687501072883606,0.00855827902095702,-10.237620351328793,0.05789560954871361,117.02569394629366,-0.03658217074308255,-327.77666800491136,-0.0011313569628048816,-59.0096964727397,0.008219021776744113,-30.64545533288949,-0.3138910470397059,-15.788252399456319,0.321496224955007,354.83506468029,-0.092459032971813,-320.13453865417887,0.05587686222873045,-7.642129350732489,-0.07672548981889887,-29.765858498165834,0.08494451159564298,-0.8795968347236567,-0.03671928419493732,-15.344160392071915,-0.2771717628447686,-0.4440920073844037,2.33022623026773,125.341571554542,127.671797784809
1376,0.6880042552948,0.0076573936750027344,-13.848898253705409,0.060195971075331485,130.9689814754609,-0.004545671643774748,-312.81648684031506,-0.0025359625225129657,-70.62621889016319,0.021011450718036024,-8.156806062782852,-0.34885634356525047,-12.485840479769879,0.354755569871986,347.000451041539,-0.09523822792639065,-305.20380146799755,0.09069255628261591,-7.6126853723175145,-0.07709501285712685,-7.224268684017576,0.09810646357516287,-0.932537378765276,-0.03449095145052499,-11.927541562031855,-0.3143653921147255,-0.5582989177380231,2.49513028169167,125.146286487579,127.641416769271
1377,0.688502550125122,0.010690770572876948,8.088477397989319,0.06253912145498378,125.96831741151495,-0.0038510375339747653,-346.0556862270527,-0.004378531174850253,-58.88219567457883,0.027889824111528093,-43.94754092809385,-0.2826756902327181,-6.258661320062417,0.291106208196692,375.666938378649,-0.10189921166226461,-337.6920909659165,0.09804817412828984,-8.363595261136197,-0.07969766788127502,-43.297225437210855,0.10758749199280312,-0.6503154908829956,-0.03653457885052736,-5.6276208739749976,-0.24614111138219075,-0.631040446087419,2.64739774680493,124.883272126317,127.530669873122
1378,0.689016819000244,0.011268103247919176,19.409569360408533,0.06480789475182142,100.13490860290743,-0.019394136021208284,-313.3048145953604,-0.006251875464042399,-49.05950012229888,-0.00631020337683748,-4.560836836868991,-0.25052897622095666,-16.57770957354303,0.259897746094062,333.565727244136,-0.10671244084407877,-305.3750500682334,0.08731830482287048,-7.92976452712702,-0.07653309860268587,-4.256495911872257,0.07022289522584839,-0.30434092499673415,-0.03458642853274395,-15.9333694081979,-0.2159425476882127,-0.6443401653451293,2.59110021013896,124.479207620025,127.070307830164
1379,0.689507961273193,0.012415291311897562,32.41195375804338,0.06673009589830364,118.73198576607857,-0.009022755228662135,-349.40598338731235,-0.006960695370622445,-49.85574045928358,-0.0011160262657416015,-3.19331833470581,-0.20073930443961954,-19.689394247851542,0.212213148533363,374.320484079889,-0.11307329481815721,-340.49338868387935,0.10405053958949508,-8.912594703433001,-0.07805790842414731,-2.8765988833264053,0.07694188215840571,-0.3167194513794045,-0.03366952200408262,-18.856221100515697,-0.1670697824355369,-0.8331731473358452,2.86553396924268,124.115725070238,126.981259039481
1380,0.690008223056793,0.01210514744931874,7.307868101115542,0.06999414189349107,89.10922273205918,-0.025724526924802333,-345.41129812289006,-0.009692156788639132,-66.59732641308061,0.0027796108961440896,-19.899553542830933,-0.1829064966164411,-11.523626855326231,0.198151246335042,363.685047088151,-0.11836347445808597,-336.51884482070943,0.09263894753328364,-8.892453302180627,-0.07671648521581129,-19.59362159177677,0.07949609611195538,-0.3059319510541627,-0.03043931656452546,-10.394189803365212,-0.15246718005191565,-1.1294370519610197,2.84595614141472,123.822395801544,126.668351942959
1381,0.690510988235474,0.015132557285713746,40.90484941105681,0.07122370635460847,96.12381576700896,-0.05016729502416582,-343.76312825768025,-0.008561340007263933,-50.49677358682987,-0.013611613523709066,-9.059480452677718,-0.1701672923436158,-20.218784381093222,0.192442324024449,363.492614207027,-0.12378793900971376,-334.57541130693596,0.07362064398554793,-9.187716950744289,-0.07572431061659195,-9.069631823733964,0.06211269709288288,0.01015137105624575,-0.03184116373002582,-19.401571517709137,-0.13832612861358998,-0.8172128633840856,2.84550244891761,123.602662667632,126.44816511655
1382,0.691006720066071,0.015159509797604267,16.461453171598823,0.07578979915583466,94.6882961814054,-0.022566852328021185,-358.57988423258143,-0.011716365725559598,-59.35443272179813,0.022867343999621488,-4.882879805622489,-0.12951387793155392,-3.29002290741675,0.154651868535953,375.997342676998,-0.13238010115711268,-349.2713684497628,0.10981324882909149,-9.308515782818631,-0.0749315159030995,-4.796361598058129,0.097798859902721,-0.08651820756435935,-0.02769666690731337,-2.597019058478743,-0.10181721102424054,-0.693003848938007,3.10933615610338,122.904214270413,126.013550426516
1383,0.691507518291473,0.015864618767615895,9.326665162983673,0.07766618378463282,63.805027719506384,-0.022979260161027037,-376.91077881721213,-0.012529328392942018,-42.869685827461126,-0.022480284866597488,0.5618297821642895,-0.1618298796361352,-15.966549044188216,0.183474864356309,385.114086652224,-0.13856718208124627,-366.99799107880455,0.11558792192021923,-9.912787738407587,-0.07047106689960549,1.0096588929840569,0.047990782033007995,-0.4478291108197674,-0.028673914530517892,-15.213804721525683,-0.1331559651056173,-0.752744322662533,3.22979148140234,122.460179239511,125.689970720914
1384,0.692008495330811,0.014090900342729123,-6.8326600446345624,0.07764287967136416,38.1100161765701,-0.04120376737435895,-345.4110092216023,-0.011967925485322585,-32.480451377618934,-0.032248102861249905,-12.47771724747272,-0.15727629116623698,-4.707776364740562,0.183966637800308,349.343183954478,-0.1388316211044084,-336.0126148594392,0.09762785373004944,-9.39839436216306,-0.07478795651962034,-12.07829226324953,0.04253985365837043,-0.39942498422318984,-0.026670667145625493,-4.078891061738593,-0.1306056240206115,-0.6288853030019688,3.14780584561595,122.209027335048,125.356833180664
1385,0.692501723766327,0.016805157939007817,-7.167694397838558,0.07863517630036508,33.708394873419074,-0.018132546006518972,-363.6079805275032,-0.01001730165077245,-13.074063779825615,-0.062347581711915415,11.438557486543484,-0.0890502676919942,-3.5814308631921263,0.136792583729987,365.667873376008,-0.14622064018698683,-354.55652678665246,0.12808809418046785,-9.051453740850718,-0.069622817135779,11.502038231525555,0.007275235423863588,-0.0634807449820709,-0.02689850915626532,-3.3337696543718556,-0.06215175853572888,-0.24766120882027076,3.30754684700514,121.60026101768,124.907807864685
1386,0.693002164363861,0.01799621804062405,-5.421023443081738,0.07950861119954103,19.760949636043346,-0.01191503016208039,-365.28453868466386,-0.01243445590304487,-41.49803973636461,-0.04737479160913771,-8.005921083518473,-0.07657408742655585,7.742477068127739,0.12267855762615,368.373186935834,-0.14799811822869835,-355.6759686194462,0.13608308806661795,-9.608570065217634,-0.06948747685600089,-8.078726700201024,0.022112685246863176,0.07280561668255103,-0.02430370321671912,8.01553670024133,-0.05227038420983672,-0.27305963211359163,3.35550411796066,121.683746129274,125.039250247235
1387,0.693501234054565,0.01869034128511694,-26.643644360940424,0.08266120805445279,-2.1830903560290813,-0.007110551068461309,-376.35198438975505,-0.014496057851203798,-15.40795391932762,-0.049228351197597706,-3.5099732773481445,0.014258783292759182,-1.4913200577165462,0.100347612162533,377.633969359675,-0.1542979363312857,-366.5887101836389,0.14718738526282438,-9.763274206116137,-0.06949496985425468,-3.4865553823046165,0.02026661865665698,-0.02341789504352798,-0.021478001540472386,-1.3934775376282986,0.03573678483323157,-0.09784252008824756,3.49235282576728,121.313746109605,124.806098935372
1388,0.694010972976685,0.02151491742430974,-11.818247457121522,0.08130459113031616,-25.436177528969065,0.008966226441654727,-343.82283698883606,-0.018978068480309845,-9.373115333129538,-0.08268782417543988,-8.755027003545027,0.1259262260222078,15.928367202606129,0.173806154026702,345.570589034884,-0.15723515841665084,-333.7615623656124,0.16620138485830557,-10.061274623223653,-0.06911389153088764,-8.462154126061481,-0.013573932644552242,-0.2928728774835463,-0.01922730947558575,16.025272136373996,0.14515353549779353,-0.09690493376786691,3.66729592558113,121.106580123305,124.773876048886
1389,0.694500863552094,0.02320188430551687,-12.034027739150604,0.08471540441997297,6.237597220815227,0.04534707241060179,-381.7207871923027,-0.022527456927318536,-16.053287954828978,-0.1060944546830102,0.41685577573727994,0.2662782427972786,-4.106304807464806,0.304037837077694,382.32084481427,-0.16745748389291853,-370.3606340605868,0.21280455630352033,-11.36015313171589,-0.06234134738160873,0.3186379617456555,-0.043753107301401466,0.09821781399162444,-0.020930772921289982,-4.226955486822364,0.28720901571856855,0.12065067935755813,4.17322307563882,120.371692568064,124.544915643703
1390,0.695003628730774,0.025077205598102503,-54.30938506524741,0.08164393981298501,-73.07335061436439,0.08009573698464197,-354.5707467144321,-0.02707397162022055,-18.87114513199968,-0.02148402193805818,-18.98254748290539,0.276869884636592,-15.021925780223144,0.302591180288712,367.3578007658,-0.16887306067972407,-342.7733836318346,0.24896879766436603,-11.797363082597542,-0.06898859406471719,-18.763562306620408,0.04750457212665901,-0.21898517628498126,-0.022065284304729513,-15.013435946901682,0.29893516894132155,-0.00848983332146247,4.45480422527362,119.952910497785,124.407714723058
1391,0.695509195327759,0.026320599404664406,-26.743284989668254,0.08596035243199898,-30.902504893924263,0.07617956584452426,-378.5635792863059,-0.027201885153207876,-14.6653938579006,-0.019760954520459294,-2.8294565673881507,0.19851671173164406,-2.9017516613931615,0.233290816603884,381.066990733907,-0.17446177141897687,-366.51693500196643,0.25064133726350113,-12.046644284339493,-0.06034917386307087,-2.8935928908289226,0.04058821934261157,0.06413632344077191,-0.019594876678071242,-2.884688818377176,0.2181115884097153,-0.017062843015985596,4.43634140317954,119.838196024299,124.274537427478
1392,0.696002662181854,0.026770619035013998,-14.083295777876419,0.08647555672253057,-23.79101770439853,0.09708198018557986,-362.6077192648227,-0.030630779869825306,-16.089580344627034,0.04364749421431747,-23.382915861957443,0.023719188363222524,8.284473783311302,0.145001886725571,364.860216616658,-0.17893691158892047,-349.9368759188101,0.27601889177450034,-12.670843346012646,-0.060758655459079054,-23.385058859797308,0.10440614967339652,0.002142997839865046,-0.020693667976168017,8.157694695873488,0.044412856339390544,0.1267790874378143,4.71509934699861,119.295538112521,124.01063745952
1393,0.696511507034302,0.027103802969062545,-27.19241284925833,0.08795696100479446,-33.87901506123199,0.09363776628201592,-375.48782142803947,-0.027026971836231796,1.1074781290059184,0.10897181476083675,-13.508422869284574,0.14711713709101787,3.5722926644745763,0.226909321191603,378.252275987814,-0.18154639930589755,-362.23607022758046,0.2751841655879135,-13.251751200459012,-0.059680640235872315,-13.49669144329094,0.16865245499670906,-0.011731425993634303,-0.023759625273115516,3.509265839217171,0.17087676236413338,0.06302682525740533,4.67570764213815,119.205648854375,123.881356496513
1394,0.697009444236755,0.02713327404700336,-55.980354470644926,0.08651976088126472,-84.07268066810349,0.08828316406695053,-368.48660019283545,-0.02402285167253045,9.116675429409657,0.09951844452923826,-0.9491691304835869,0.036782072483987814,0.7322951540801466,0.166882412798203,382.189666516732,-0.18183431914399698,-355.8548524714399,0.27011748321094753,-12.631747721395527,-0.056350629992966014,-0.9685513807834241,0.15586907452220428,0.0193822502998372,-0.026248186761493673,0.9621805053316578,0.06303025924548149,-0.22988535125151122,4.59966997136689,119.140895277262,123.740565248629
1395,0.697511494159698,0.028347505837562348,-76.61386245673972,0.08837401450524629,-74.61173838060651,0.10567701287367993,-390.77466517090977,-0.02489202860820159,-14.200660827059364,0.08439137713339498,-17.396567934976087,0.020294408441334476,0.7199883721797453,0.167136349169097,405.766253021676,-0.18732949500607127,-377.34537737390355,0.2930065078797512,-13.429287797006225,-0.057131186667302616,-17.402457871192322,0.1415225638006976,0.005889936216235014,-0.028367908161301768,0.6580902961033344,0.048662316602636244,0.06189807607641096,4.75976900084788,118.937512591481,123.697281592329
1396,0.698007345199585,0.028961482087680943,-74.12078683482147,0.08826599550376216,-86.95185140330311,0.10624734878950963,-386.5288105618822,-0.024798538813860804,-7.733322066031094,0.1403851698671841,-1.008367479052594,0.005754760797326609,8.546687943585473,0.200684412074182,403.228103990549,-0.18955927551878507,-373.06313099375365,0.2958066243082947,-13.465679568128564,-0.057888198151340504,-1.124139005550222,0.1982733680185246,0.11577152649762801,-0.024699731331779134,8.835287936845074,0.030454492129105743,-0.2885999932596004,4.73417594982311,118.764202013612,123.498377963435
1397,0.698501467704773,0.029323770848821405,-82.13262950447337,0.08833194164454844,-105.15015669175165,0.11600505958834599,-379.0805184634049,-0.021522838420288203,18.18212755380628,0.15598290016818278,-5.53447792938677,-0.02006154754575838,-8.647403347518358,0.217522303936998,402.418142673875,-0.19399005212288528,-365.6412420739448,0.3099951117112313,-13.439276389460133,-0.06058186345861181,-5.5454692514936,0.21656476362679458,0.010991322106829848,-0.023845024861366627,-8.3308428850109,0.0037834773156082482,-0.3165604625074572,5.0437244554123,118.178719252348,123.22244370776
1398,0.699009656906128,0.03125750986475419,-99.35531730668858,0.091701089797703,-103.27359308079178,0.16602901186870211,-403.4763391356867,-0.020408691228711598,-0.9947962932030859,0.12178687385802671,-21.302684740676757,-0.1739051074320929,-12.704146146376834,0.287129410349892,428.889565824816,-0.201844992397489,-388.67420829801927,0.3678740042661911,-14.802130837667448,-0.05990123221967307,-21.334560479251802,0.18168810607769978,0.03187573857504589,-0.026156081583041956,-12.399869941978773,-0.14774902584905095,-0.3042762043980609,5.25871431572887,117.814511373639,123.073225689368
1399,0.699505686759949,0.03161241381867176,-83.89115618721739,0.08956423363633846,-110.76904113149415,0.18052143806509865,-374.2318983977033,-0.01924929234213112,19.03972129786429,0.07391038875557375,-11.737859623835481,-0.22789796296093512,-0.4250115759360642,0.315245695607118,399.821821951299,-0.20076076860762038,-358.9484723377077,0.38128220667271906,-15.283426059995577,-0.05708928443776704,-11.733412088576333,0.1309996731933408,-0.004447535259147983,-0.02172580449320887,-0.2746945509137779,-0.20617215846772624,-0.15031702502228628,5.31084186056432,117.772892922163,123.083734782727
1400,0.700010478496552,0.03211298887748593,-87.56441559678875,0.09077041135358115,-117.89505410507084,0.22380220122007402,-386.3247135519349,-0.020363835961226217,46.136154721290175,0.06965597214561998,-35.55222788478609,-0.1182524334141575,-18.620588105145018,0.280371566286368,417.795149497513,-0.20486944972385412,-370.52496836397734,0.4286716509439281,-15.79974518795757,-0.05982770085755236,-35.52555781666449,0.12948367300317234,-0.026670068121603663,-0.02632505513798198,-18.32890138191394,-0.09192737827617553,-0.29168672323107714,5.67087943738443,117.407100126147,123.077979563532
1401,0.700515806674957,0.03391054768150583,-94.42098103692425,0.09161625213903621,-139.44430849371113,0.2125294982570922,-387.12506622623147,-0.016692188440751137,54.38877013272509,0.0062660881278647435,-14.215966086476573,-0.0780688606976924,-19.819756752037282,0.247234484964129,426.355378174078,-0.20975667681535473,-371.10182288164947,0.4222861750724469,-16.023243344582,-0.05302547753123757,-14.03819727096337,0.05929156565910231,-0.177768815513204,-0.02417364174837892,-19.16745993842807,-0.05389521894931347,-0.6522968136092118,5.75723337860109,117.122702717781,122.879936096382
1402,0.701004087924957,0.03517809757978342,-94.78014265222089,0.0915240882569578,-150.07889010250668,0.19706589753276824,-377.8130977200662,-0.016495255920920972,54.60636016219645,0.020611919793842998,-23.089674760143517,-0.10739799151125375,-26.35421385687061,0.246333916741344,422.444336857667,-0.212232249957549,-362.08249291722734,0.40929814749031723,-15.730604802838855,-0.05232748532389688,-22.97740296783025,0.07293940511773989,-0.11227179231326545,-0.02626869459339943,-25.79873374628206,-0.08112929691785431,-0.555480110588551,5.75371083143682,116.932132273912,122.685843105349
1403,0.701506555080414,0.03518800352089736,-105.33014466138653,0.09290610322555531,-151.98696447611454,0.21069003766881161,-367.8699888362771,-0.014549928886092425,38.08422160624973,0.04701002509245547,-21.593732088695013,-0.2083520232464857,-6.251721591147887,0.316373576744198,414.099730324931,-0.21511224160754017,-351.2572421732834,0.4258022792763518,-16.612746662993743,-0.05310669657659135,-21.299967538980695,0.10011672166904682,-0.293764549714318,-0.022488628832287152,-5.925700826715981,-0.18586339441419852,-0.326020764431906,5.9347216237511,116.706839352846,122.641560976597
1404,0.702008068561554,0.03454221997023128,-84.11800314426961,0.0924133563830722,-158.71300434040774,0.24201173899178688,-382.22596277196345,-0.014350972604257134,57.69437767951429,0.08225340295738255,-36.33707529072152,-0.11451928571006302,-30.841933468486584,0.297303405161438,428.908605571486,-0.21447967616832284,-365.21434764499867,0.4564914151601097,-17.011615126964784,-0.05634085052261508,-36.2365352486291,0.13859425347999763,-0.10054004209241896,-0.02201267813658975,-30.425736661777428,-0.09250660757347327,-0.4161968067091557,6.13674895529402,116.578036561608,122.714785516902
1405,0.702505171298981,0.03537827285476004,-89.20241700595722,0.09425480247447339,-154.3522727461235,0.2635727085158877,-393.34620092408164,-0.015089652246086094,56.62595030864505,0.06741137971296901,-14.820760806247161,-0.3225991409367456,-12.826535266116041,0.434106392612375,435.997250322949,-0.21799050876597514,-375.51373228641853,0.48156321728186285,-17.832468637663112,-0.05103100744300481,-15.022794548108497,0.11844238715597383,0.20203374186133516,-0.02072414900182584,-12.389143031497445,-0.30187499193491973,-0.43739223461859567,6.30425928731711,116.415729790926,122.719989078243
1406,0.70300418138504,0.0373400922205567,-63.159718367319506,0.09337867821885168,-159.7059959970244,0.3230819402246608,-374.6248535154729,-0.012733794948745328,56.05335590064886,0.11711844217168223,-30.864561792603084,-0.09536046142694424,-36.265564438269514,0.370767173258838,418.627193454428,-0.2192131384337048,-358.4148416709404,0.5422950786583656,-16.210011844532517,-0.05350638724511186,-30.87354724793026,0.17062482941679408,0.00898545532717776,-0.022311089130763583,-35.679061291686764,-0.07304937229618065,-0.5865031465827499,6.24898707842658,116.380578234792,122.629565313218
1407,0.703502416610718,0.03679373952705772,-51.06315517095131,0.09558222335626704,-130.91942029209528,0.3575615858135631,-381.80720388834914,-0.01068951542390176,78.73316553511157,0.13665764128664976,-29.878039447606596,-0.15778743910380655,-38.06196751442349,0.42664561516625,417.210262738288,-0.22179951763393183,-365.6552848830681,0.5793611034474949,-16.15191900528106,-0.054813167717349835,-29.922021691033546,0.1914708090039996,0.04398224342694945,-0.02273138129121362,-37.7077644170617,-0.13505605781259292,-0.3542030973617898,6.36305239412468,116.180780753493,122.543833147618
1408,0.704006493091583,0.03915362298938647,-49.34282516852699,0.0943786915361282,-149.19164448672115,0.4015128924357691,-360.22855464252984,-0.014112637540426172,55.60966750719348,0.06235170353981435,-28.437998780309982,-0.45791326251931225,-39.93651405053395,0.620825582482833,399.941936797716,-0.22563557873970766,-344.0205051414565,0.6271484711754768,-16.208049501073333,-0.05692696293538363,-28.001909142663354,0.11927866647519797,-0.4360896376466279,-0.02535206845072472,-38.84368226137307,-0.4325611940685875,-1.0928317891608827,6.61810355312082,115.748836383224,122.366939936344
1409,0.704501867294312,0.03901281582677955,-33.63626888702313,0.0981466444954833,-107.2170569790164,0.41303717639468085,-357.19395303748496,-0.014756587920868026,67.41695224834261,0.08115064835765967,-35.4330013103244,-0.5421780404892689,-33.40710683321987,0.694632769823931,383.576581398951,-0.2273935040410801,-340.4261499986168,0.6404306804357609,-16.76780303886818,-0.055713677704109336,-35.21607172160722,0.13686432606176901,-0.2169295887171785,-0.022509885945322865,-32.557896321587876,-0.519668154543946,-0.8492105116319948,6.62010526518588,115.876396983862,122.496502249048
1410,0.705008327960968,0.039687185610270945,-46.60185550340454,0.09873612137909218,-105.85926945557058,0.37074149829581626,-349.5731351848525,-0.013777524995902169,52.01120158498688,0.025436284521960367,-24.19478224405032,-0.2273814079886983,-36.83885196427722,0.448678372990604,374.468888295398,-0.22864745242454929,-331.6719573330342,0.5993889507203656,-17.901177851818318,-0.05113785685321496,-23.958345024346407,0.07657414137517532,-0.2364372197039124,-0.019729088403310814,-35.84771121648071,-0.2076523195853875,-0.9911407477965071,6.75003823542283,115.749213516712,122.499251752135
1411,0.70550000667572,0.03974619938826939,-44.55134120776016,0.09934482863859996,-102.37813766652218,0.41582239097650403,-329.08255302197466,-0.014495016428940171,56.383787601490326,-0.09665021979549672,-25.99853959793427,-0.344890301740217,-35.067180442541606,0.559337203217087,354.748071860358,-0.22967592956358254,-311.0715399514897,0.6454983205400866,-18.011013070484978,-0.0481846031917045,-26.188896991937604,-0.04846561660379222,0.1903573940033354,-0.020328087345813116,-33.83004387912753,-0.3245622143944039,-1.2371365634140759,6.87587414115842,115.608691319823,122.484565460982
1412,0.706003129482269,0.03983305216722999,-43.49943246729395,0.10048241588953735,-103.62805645432596,0.44878139026576724,-321.4270686092434,-0.01687693339848053,37.839954974661815,-0.07397218786877015,-29.853703170027135,-0.3084738659355937,-52.42147651388481,0.560357890656596,347.875627386503,-0.2292063420386031,-304.27134765126283,0.6779877323043704,-17.155720957980577,-0.047152210584303876,-30.293941305802534,-0.026819977284466272,0.44023813577539883,-0.025198978227445164,-50.829335162371414,-0.28327488770814857,-1.5921413515133978,6.666047478579,115.862122610211,122.52817008879
1413,0.70650053024292,0.040222047527554455,-29.070592691354374,0.09944730971158822,-106.95593781132999,0.5050695377795732,-331.63570224203323,-0.017834714911975903,28.92091783132181,-0.09343639637584031,-20.04011896859943,-0.3523148400646429,-34.969270410266525,0.632279212265058,353.168213070772,-0.22947671222857724,-315.34244506688333,0.7345462500081504,-16.293257175149904,-0.04508372212023704,-20.275566437320627,-0.048352674255603266,0.2354474687211976,-0.02411600865838185,-33.644398371485096,-0.32819883140626105,-1.3248720387814288,6.72680629954175,115.855512708426,122.582319007967
1414,0.707001745700836,0.03994182378682109,-38.022805686571594,0.1001363066644345,-107.7806899793362,0.5705635639074571,-333.9195358912363,-0.01978011212474558,14.521807708193716,-0.057441320945496165,-30.36053420468242,-0.509532319767412,-26.81500031084515,0.774906028324584,355.550779091394,-0.2321757115827756,-316.73926127944986,0.8027392754902327,-17.180274611786444,-0.045426731213257486,-30.338807958726477,-0.012014589732238679,-0.021726245955942858,-0.022126613803984053,-25.340005063926046,-0.4874057059634279,-1.4749952469191037,6.9093509989907,115.591936051846,122.501287050836
1415,0.707501113414764,0.03980895803191486,-23.761111098067644,0.09899033901073885,-104.02279514739766,0.5581379633538482,-316.89689953844606,-0.01881666669491213,19.176336522557232,-0.06255768041858017,-20.416544728783137,-0.5706443342259856,-27.42181543090426,0.807963064132828,336.66823489986,-0.22956548853812786,-299.9667325932859,0.7877034518919761,-16.93016694516018,-0.04805934787746193,-20.141516998632735,-0.014498332541118243,-0.27502773015040205,-0.027279873955699804,-25.59828520096698,-0.5433644602702858,-1.8235302299372798,6.80509157872075,115.731040984392,122.536132563113
1416,0.708006083965302,0.04115715776030313,-24.70521095471532,0.10056037451057498,-101.74995815057007,0.5220329096378766,-290.1738363179428,-0.018516295232844246,2.8402721374109463,0.024048841801903236,-11.16048853616314,-0.6513169500549786,-31.417396029822065,0.842294264916771,310.296524535656,-0.23199852947893193,-274.37732500657637,0.7540314391168086,-15.79651131136643,-0.05124802230116653,-11.083063298438153,0.07529686410306977,-0.07742523772498622,-0.025829980880434172,-29.564376357223423,-0.6254869691745444,-1.8530196725986414,6.74667309653523,115.750926628709,122.497599725244
1417,0.708512961864471,0.041841715220059326,-7.398208261001799,0.10017016441450288,-86.15070050127441,0.49822298814184357,-284.0992422309386,-0.017845765633785923,12.142163752731454,0.10501540794786596,-23.45138532514591,-0.6928780081458944,-56.58632020318519,0.866854992668386,303.460816856033,-0.2322511296394164,-268.63421212464743,0.7304741177812599,-15.46503010629118,-0.0552585189484781,-23.4279493320723,0.16027392689634407,-0.023435993073611883,-0.024852068135543876,-54.9702457833202,-0.6680259400103505,-1.6160744198649866,6.74424196377367,115.831635132432,122.575877096206
1418,0.709006071090698,0.043403468474731775,-6.844771149960675,0.09847928746269194,-92.95598203850851,0.5388356646736402,-280.79245929057674,-0.02006064882039655,5.44665881321776,0.164369404599721,-14.48499203322891,-0.7680784632436854,-32.356053128551764,0.958796204183884,298.024270729377,-0.23310905712769445,-264.5721660631294,0.7719447218013347,-16.22029322744737,-0.051394794225180854,-14.197748860518582,0.21576419882490183,-0.28724317271032795,-0.019387131260275147,-30.598426233743364,-0.7486913319834103,-1.7576268948084,6.94855386128984,115.63794208318,122.58649594447
1419,0.709510326385498,0.04205548002389429,5.629019955973101,0.10156538912679361,-60.56405591583997,0.5504464011878275,-267.5099261392058,-0.01790168759205855,-10.72098952036428,0.12191659258786242,-5.764018674891941,-0.8933193889139304,-34.73928711514433,1.06220482432796,276.79637446053,-0.23286509306603492,-251.85042771739978,0.7833114942538624,-15.659498421806006,-0.05034722511545618,-5.526617030306625,0.1722638177033186,-0.23740164458531599,-0.018069914196712517,-33.095940107105456,-0.8752494747172178,-1.643347008038873,6.90142405956249,115.815450415015,122.716874474578
1420,0.710011601448059,0.04338754304801353,14.816678477715481,0.10103323818294686,-70.13424920809813,0.5084819147342741,-259.67334065272723,-0.013585262936215549,-26.3275827646513,0.039664434029491,-21.329092532421672,-0.908490090654053,-34.42100743110211,1.04773857580689,273.68132613297,-0.23445152411857853,-243.8299970159267,0.7429334388528526,-15.84334363680054,-0.05190159577491966,-21.11431118642689,0.09156602980441066,-0.21478134599478338,-0.014988196995902803,-32.858273587646295,-0.8935018936581501,-1.562733843455817,6.86741072620862,115.706452637911,122.573863364119
1421,0.710517108440399,0.04230787804091487,22.21713621737818,0.10067487781989468,-65.03585096720414,0.49413292155657473,-252.0187297803484,-0.010696343628037279,-32.208564856613584,0.17904854829038563,-19.325872456168426,-0.8744353692407297,-52.43518933701741,1.02611049167499,269.066968039471,-0.23266571976612052,-235.7004298813326,0.7267986413226952,-16.318299899015784,-0.05314737216906481,-19.05858182220971,0.23219592045945045,-0.2672906339587158,-0.020067070489387717,-51.21325859496279,-0.854368298751342,-1.2219307420546244,6.89897171060329,115.628145202994,122.527116913598
1422,0.711012423038483,0.04090002265264432,12.362937248150287,0.10121713837023645,-31.800443691481792,0.5872707964014543,-262.44623795730575,-0.011437761869275365,-7.72227460090777,0.1000985833720605,-25.41946979697331,-0.9631873270846875,-40.08714661815701,1.13784229360007,268.988662489846,-0.2318400310148129,-246.71940074065205,0.8191108274162672,-15.726837216653706,-0.049336785634073385,-25.357325267454573,0.14943536900613388,-0.06214452951873639,-0.018270889045609865,-39.00331326507289,-0.9449164380390775,-1.0838333530841169,6.93997209613553,115.600354507565,122.540326603701
1423,0.711500525474548,0.041152303259091055,21.80926837757032,0.09790969123114104,-45.605907492045105,0.7253857237483096,-250.7733288686956,-0.013882978791720518,-35.05857821770842,-0.02866529322428882,-12.188914818326932,-0.9046971302659677,-28.889432283936866,1.16488437261627,260.105898253017,-0.2304210065855485,-235.39415496140495,0.9558067303338581,-15.379173907290635,-0.04556210411961599,-11.91479441736312,0.016896810895327168,-0.2741204009638114,-0.014690098084653847,-27.95214405268536,-0.8900070321813138,-0.9372882312515074,7.40124836946052,115.281693138182,122.682941507643
1424,0.712008833885193,0.04310958549158047,9.790988984205491,0.09984837558160196,-55.52675799622292,0.8122227654959524,-256.51774441743186,-0.010618035524423936,-34.9062056639299,0.019773744944177794,-27.690130628963608,-0.9758769574656396,-18.58317220126921,1.2745091349368,267.04111731535,-0.23734353585961462,-241.4965906058626,1.049566301355567,-15.021153811569263,-0.050232581291753564,-27.54595436796048,0.07000632623593137,-0.1441762610031283,-0.01237443678439572,-17.538632365925256,-0.9635025206812439,-1.0445398353439543,7.70542777139053,114.722127631307,122.427555402697
1425,0.712505519390106,0.04300628661281986,7.868245412984846,0.10109946670798145,-59.81907296088536,0.8343897405002038,-251.39241551863006,-0.008373744449218514,-34.54126208389089,0.1441024623893976,-24.1836186932994,-1.0527336350715477,-34.621173008024556,1.35549276190712,264.225186490563,-0.23889935477939767,-235.0282645641846,1.0732890952796015,-16.36415095444545,-0.05816759198094432,-24.092485949730676,0.20227005437034193,-0.0911327435687248,-0.01977391726902443,-33.267302670665266,-1.0329597178025234,-1.3538703373592895,7.7905911810376,114.555151216686,122.345742397723
1426,0.713011205196381,0.04313841293273885,11.18925507371109,0.10287257059308613,-40.62050346230233,0.8394560314548598,-253.57824928016925,-0.010347650911311006,-17.651908726521306,0.17875930223106262,-20.359304602121,-1.0313095347875838,-20.736630328018798,1.34639943395488,259.293756657509,-0.23899939040946616,-234.89249734280872,1.078455421864326,-18.68575193736052,-0.059540245057612295,-20.048226247705323,0.23829954728867492,-0.31107835441567744,-0.01839626402382404,-18.800210798223702,-1.0129132707637598,-1.9364195297950957,7.80771809727594,114.680734306574,122.48845240385
1427,0.713500142097473,0.04414360727195837,17.426991374352,0.10032492607858882,-48.59155926444558,0.8150947634463395,-247.67146172669683,-0.009217569150985516,-13.467381640541724,0.2357534023782513,-28.74702517177102,-0.9480200414766934,-20.525627470416307,1.27702774112732,255.802767423426,-0.23752509524399787,-230.04412534376561,1.0526198586903373,-17.62733638293122,-0.05814555030030061,-28.133317725660355,0.29389895267855193,-0.6137074461106664,-0.01842601205612109,-18.750554658199388,-0.9295940294205723,-1.7750728122169193,7.72304228080611,114.717257469893,122.440299750699
1428,0.714010119438171,0.04230039988389865,6.216257646687707,0.09927058185784429,-28.686379712602253,0.7174809535422623,-258.3631352001897,-0.010938645271172465,-18.372105209157688,0.11354170728104435,-1.304603636171406,-0.8591103766311464,-2.787149990860294,1.1302676246963,260.691511783856,-0.23405084042841104,-240.55043231331982,0.9515317939706733,-17.812702886869857,-0.05338441703754247,-1.0387298680552774,0.16692612431858683,-0.2658737681161285,-0.018371552686514563,-1.0486221212375693,-0.8407388239446318,-1.7385278696227249,7.51705938123399,114.94762738049,122.464686761724
1429,0.714509665966034,0.04331527563662036,22.888596699420063,0.09587020035858893,-47.94458582332979,0.694773455764809,-239.4875093906794,-0.009997360893457131,-19.414656517763007,0.15389428096245128,-38.046553352107956,-0.6571223585353863,-3.9907298837364533,0.97435653345197,249.032594969961,-0.23120272414201914,-223.267468784942,0.9259761799068281,-16.22004060573741,-0.06017510632063747,-37.47354075962505,0.21406938728308875,-0.5730125924829039,-0.01781354789387445,-2.2407092639614827,-0.6393088106415118,-1.7500206197749706,7.49117248216862,115.002822950482,122.493995432651
1430,0.71500027179718,0.04314712819074328,18.453632020320953,0.09739527751239135,-29.91540782135311,0.647175364257956,-233.2861801185047,-0.010475062456654166,-24.533607755068694,0.16363876117083334,-35.60164009048408,-0.39060389917343913,-12.627151708146906,0.780795904187344,240.180618787227,-0.23263608177441883,-217.82926239041063,0.8798114460323748,-15.456917728094055,-0.05815499624477043,-35.356241631673,0.22179375741560375,-0.24539845881108135,-0.01657320012056491,-11.143290904151772,-0.3740306990528742,-1.4838608039951335,7.53529005443488,114.883687265217,122.418977319652
1431,0.715506434440613,0.04374746411107701,16.095051473114285,0.09556500899593164,-45.86256806685805,0.7345547768131746,-230.4366879736013,-0.01096214288216069,-32.33470306266924,0.0048629753226300185,-10.78824806032844,-0.3451379342586293,-1.7470531265630491,0.818462731264818,237.967360175385,-0.23240775994842222,-215.42495892308102,0.9669625367615968,-15.011729050520273,-0.05712156128137486,-10.64081262709817,0.06198453660400488,-0.14743543323027097,-0.017986319895116742,-0.4635055222565,-0.3271516143635126,-1.2835476043065492,7.68192859689589,114.699059560895,122.380988157791
1432,0.716007769107819,0.041339864425197576,20.313164783779943,0.09806210276854331,-18.44951849077204,0.7215856102741185,-244.40024700136382,-0.008572282509647111,-37.18459671469957,0.27671900861227094,-28.980536923554865,-0.3334651162999851,1.0789693955027684,0.84844377002162,250.416093848959,-0.22833120443815372,-228.38496041580817,0.9499168147122722,-16.015286585555657,-0.0683009790741746,-29.020768482364712,0.34501998768644554,0.040231558809846746,-0.015323881339394501,2.253028262885307,-0.3181412349605906,-1.1740588673825385,7.47240027574844,115.330495998263,122.802896274012
1433,0.716512084007263,0.041697020285701485,18.014636191268902,0.09790398699874735,-36.39519060055847,0.7817935298157015,-228.05777818407293,-0.006529805239948296,-29.741388117750997,0.38555420149245534,-41.50603191828961,-0.36233505896185536,-15.188131740483332,0.950003332115472,237.691959066245,-0.23104874220941513,-212.74288754334918,1.0128422720251167,-15.314890640723746,-0.07251533746055648,-41.49431829404668,0.45806953895301183,-0.011713624242929654,-0.01571949673592469,-13.787245370359857,-0.34661556222593065,-1.4008863701234748,7.64883111425479,115.054004326463,122.702835440718
1434,0.717010080814362,0.04176658968768364,17.747293569148187,0.0976443788771299,-15.000442846526788,0.7224454186645944,-232.64375535591984,-0.006465178896964614,-42.94185673216231,0.2187649603317031,-31.19019623065122,-0.13854813723031012,-5.58581475359462,0.7747914225306,239.814781336973,-0.231618344444003,-216.2452787505354,0.9540637631085974,-16.398476605384445,-0.07681009732156327,-31.2848451051259,0.29557505765326636,0.09464887447467873,-0.011838501025193477,-4.475773919169475,-0.12670963620511663,-1.1100408344251447,7.64278898972952,114.827826842666,122.470615832395
1435,0.717502236366272,0.03893987134790722,24.63175912662654,0.10064149317157843,0.47578236402030794,0.7773606521381278,-228.6687953489487,-0.0069179596447397325,-20.605208443137744,0.2720530393339454,-36.051500684542404,0.012984717945867086,-5.2799302287107786,0.83076105138459,233.770252326258,-0.23308703254348626,-210.7208224565833,1.010447684681614,-17.947972892365385,-0.08128683670766657,-35.702538505560454,0.353339876041612,-0.3489621789819495,-0.013316100072861266,-3.9451247857390626,0.026300818018728352,-1.334805442971716,7.85165856149979,114.61037761718,122.46203617868
1436,0.718008756637573,0.03995009083905615,24.448215028792564,0.1016004972541751,-11.082928262731034,0.7660709293155457,-225.8571353317079,-0.005433583934806212,-42.206173452564904,0.15244949503745267,-37.656764340326895,0.06733792703752647,-8.81549935108137,0.79157318570805,234.540184412216,-0.23486231367878882,-207.34446446265935,1.0009332429943345,-18.51267086904855,-0.08553564828291736,-37.12332544332969,0.23798514332037002,-0.5334388969972039,-0.01549251011612724,-7.708235972238738,0.08283043715365371,-1.1072633788426316,7.93765300659288,114.612950630486,122.550603637079
1437,0.718501448631287,0.03944426948611681,40.33124421211012,0.10268441304066538,-8.00336814096512,0.727456160753976,-219.45908649035795,-0.005543862706378936,-38.354958656134706,0.10139580343485342,-24.210951150691223,-0.015795416661412723,-1.0211684652717645,0.742868590970926,227.840447679179,-0.23758836225810082,-202.95322355997985,0.9650445230120768,-16.5058629303781,-0.08596523285882147,-22.99704039079286,0.1873610362936749,-1.2139107598983614,-0.013013303797975774,-0.2968389703516497,-0.0027821128634369485,-0.7243294949201149,7.82734301483424,114.444813922048,122.272156936882
1438,0.719001114368439,0.03869491842622095,40.10990192804947,0.10123003386640608,12.725017896920166,0.7650510195291589,-208.25879956721147,-0.0022579894813519494,-21.89691069307696,0.12614968786836864,-40.63299390377658,-0.1257738937834859,-8.829140842467277,0.792960146271208,217.602680428876,-0.23348181685177885,-192.54232090852355,0.9985328363809377,-15.716478658687919,-0.08823066530768432,-39.39691540922268,0.21438035317605297,-1.236078494553901,-0.01872786353819294,-8.308785091243834,-0.10704603024529297,-0.5203557512234429,7.69453768639141,114.653559744358,122.348097430749
1439,0.719502747058868,0.039800918509651735,57.927349267670664,0.10072363156790141,3.888905591647106,0.7692541265381234,-204.82015844036118,-0.001965804859245828,-37.9690652430194,-0.0004030803446091885,-22.289385475124583,-0.36456359635847996,-2.6725807535477095,0.858132808438593,217.411149648737,-0.23227793958120213,-189.7326467309504,1.0015320661193257,-15.08751170941079,-0.08366617711489555,-20.440093639886857,0.08326309677028636,-1.8492918352377252,-0.0201658889693539,-1.980893279917604,-0.34439770738912606,-0.6916874736301055,7.66440456141299,114.825010322034,122.489414883447
1440,0.720003426074982,0.0398984732100976,61.07497189618948,0.09898075832162294,11.821731023392596,0.8762301189284135,-190.27496844619424,-0.002495260898414269,-39.78532503270789,-0.37337983298536354,-23.216416617527074,-0.5106364758533152,-4.017072499929917,1.08597266838477,205.456759669027,-0.2313405345414913,-175.3556377283713,1.1075706534699048,-14.91933071782293,-0.08054633669199453,-21.17128303340854,-0.292833496293369,-2.0451335841185347,-0.022957541925766357,-3.379405851577502,-0.4876789339275488,-0.6376666483524147,7.79910787732661,114.712006695569,122.511114572895
1441,0.720502376556396,0.04119262483816085,55.883193066219114,0.09945403284788494,13.680519213074223,0.8445960604741695,-177.53108730402624,-0.0041692829166134525,-65.05688945427322,-0.4778274890916029,-0.9065950436359245,-0.7210632958310075,-0.9435662348896173,1.21375418071599,197.639788326753,-0.23165596857430856,-161.06091145313007,1.076252029048478,-16.47017585089617,-0.07252714661466864,0.9996480778912177,-0.40530034247693425,-1.906243121527142,-0.02674865063584261,-0.21008645881645105,-0.6943146451951648,-0.7334797760731663,7.81895362543582,114.767294935882,122.586248561318
1442,0.721008121967316,0.03895812164205486,49.37694269115133,0.1001836255891863,17.52922213785606,0.8173725044918311,-187.27463725465665,-0.004645874406718021,-62.17779753556964,-0.33296346870804094,-40.80409980163422,-0.7741351712973534,-1.0283589658202918,1.17890789473139,208.204842514062,-0.23179026186374435,-170.5857891992271,1.0491627663555754,-16.68884805542956,-0.0776850258040789,-38.180924676616,-0.25527844290396207,-2.6231751250182214,-0.02841572176315561,0.3900711591879792,-0.7457194495341978,-1.4184301250082711,7.90295266619796,114.601259097457,122.504211763655
1443,0.72150993347168,0.039977747953101196,69.91549238518046,0.10080291660974018,30.49588450800821,0.7854427076766056,-193.3435732089779,-0.005385497392306755,-35.37516215282146,-0.1410323907323522,-20.15566859242665,-0.7334142681355491,-4.013308291487456,1.0892636608707,211.834067292756,-0.23441099386184516,-176.9149246989722,1.0198537015384508,-16.4286485100057,-0.07618352826214278,-18.374711917484483,-0.0648488624702094,-1.7809566749421677,-0.027396016480314773,-3.0502438134128718,-0.7060182516552344,-0.9630644780745841,8.07236178137828,114.477971792221,122.550333573599
1444,0.722009181976318,0.04004563778198919,48.11878660495681,0.0980757428593229,4.163607712366699,0.7821822399391455,-185.95107726055755,-0.005258305434526818,-59.08773485482349,-0.18628652454856648,-37.200701009607606,-0.571291222135574,-17.685989876790078,0.992036058020361,205.179441444994,-0.2329096787350791,-167.53093635033773,1.0150919186742247,-18.42014091021983,-0.08295918049053298,-34.7099028519714,-0.1033273440580335,-2.490798157636206,-0.027390347099237947,-16.43270945193594,-0.5439008750363361,-1.2532804248541396,8.17899583812687,114.380157724023,122.55915356215
1445,0.722504377365112,0.04232053584349431,58.42511424642656,0.10093439534563489,21.99833133165445,0.9266599013723961,-204.07008971834918,-0.0055629943860623764,-55.25015793881571,-0.48546867997989257,-43.384430753841315,-0.7248579890689226,-0.5400037335139798,1.27742210846469,224.671098412483,-0.23790084105452677,-186.26290794055942,1.1645607424269229,-17.807181777789765,-0.08614016860911207,-40.505535942101275,-0.3993285113707805,-2.8788948117400395,-0.022918411053803708,-0.18280927705008804,-0.701939578015119,-0.35719445646389175,8.40237002573849,114.338009089231,122.74037911497
1446,0.72300922870636,0.040911661331420913,64.47387404511187,0.09989079940419414,13.182479247792772,0.8954171922311256,-168.66847659181443,-0.007597036774872169,-41.90715790217324,-0.4008019779306342,-35.446108978998225,-0.8690884968416852,-17.454874360292514,1.31508122935619,189.992163926382,-0.23516841526977159,-151.71436663942512,1.130585607500897,-16.954109952389302,-0.07838167453896622,-32.77255011741418,-0.322420303391668,-2.6735588615840484,-0.02640588813755284,-17.125349369703766,-0.8426826087041324,-0.32952499058874807,8.29944830457316,114.352112039924,122.651560344497
1447,0.723505437374115,0.042305091038785825,61.93233462436796,0.09999897363335587,12.373667617817253,0.8500792993917882,-191.13948349698632,-0.01106303525476934,-46.97521968463131,-0.4186963493779614,-37.785284834967214,-0.5741505392106838,1.4407638195096135,1.11332932958642,210.14161579444,-0.23694460950258484,-173.50605296056932,1.087023908894373,-17.633430536416995,-0.08587051363790194,-34.953743073393184,-0.3328258357400595,-2.83154176157403,-0.017287669531706247,2.225384482930015,-0.5568628696789776,-0.7846206634204016,8.29726730519542,114.418525338173,122.715792643368
1448,0.724006474018097,0.044869751107810524,48.54926623864823,0.09929557749720608,7.149840357408432,0.9534455371574178,-184.32128978832995,-0.00979251364186368,-66.1047596183411,-0.5799931889154395,-39.97749875941375,-0.40933947078097016,-8.750246826681634,1.19372446295255,205.978386753238,-0.24052767943521,-165.38050177464737,1.1939732165926278,-18.940788013682578,-0.08733786081711037,-36.9320108635091,-0.4926553280983291,-3.0454878959046496,-0.01968309352721215,-7.645351088873608,-0.389656377253758,-1.1048957378080262,8.66710044296633,113.981410995126,122.648511438092
1449,0.724503874778748,0.0462640410240398,64.31493792106681,0.0995880460652516,20.609382056020397,0.9588569275383495,-201.6021919893021,-0.009632706002311845,-53.16045664644004,-0.28449983763222353,-42.16104107546914,-0.5242826768643091,-23.65846549740118,1.13462329422454,224.427966636358,-0.2423318263376576,-184.1519990868136,1.201188753876007,-17.45019290248851,-0.08701428404749527,-39.896003801409805,-0.19748555358472825,-2.2650372740593383,-0.026618060546325272,-22.508862051518967,-0.4976646163179838,-1.1496034458822137,8.68757056145841,114.060846105218,122.748416666676
1450,0.725000143051147,0.049177815597063745,91.72839159336894,0.09509018273222987,-14.801726384896039,1.0472315896925413,-223.14631429113362,-0.010726656126248613,-39.04571861229357,-0.2735159681132315,-47.235724517625144,-0.47136964447894836,-9.888037958415238,1.18544084228176,249.561658948885,-0.2408960071756806,-204.4854320830893,1.2881275968682218,-18.660882208044313,-0.08720956012696938,-44.459536531560346,-0.18630640798626208,-2.776187986064798,-0.02564885629632801,-8.80286183936362,-0.44572078818262034,-1.0851761190516171,8.84712154155204,114.088768392801,122.935889934353
1451,0.725504755973816,0.044282521997369005,51.12655972118719,0.09680403885643192,2.6059310878777726,0.9566959470212079,-196.70827542381394,-0.011371746646910551,-31.631650581075565,-0.5040408342090709,-45.83916038479705,-0.42070708808581636,-8.791877822561995,1.16523818675745,210.935887569857,-0.2384580130455257,-178.22298542667835,1.1951539600667336,-18.485289997135595,-0.08087456876029417,-43.06055255392672,-0.42316626544877667,-2.778607830870328,-0.026166077956035507,-7.764073668853341,-0.3945410101297809,-1.0278041537086535,8.780948855303,114.049170091748,122.830118947051
1452,0.72600781917572,0.04741277809504978,70.57089963212835,0.09630148383607205,-26.40760485523293,0.8960976719143711,-209.00453956630744,-0.012705725666662605,-36.99965528600366,-0.49523455881525563,-18.3701239868052,-0.614255790539524,-9.379845811071004,1.19885022619469,226.17455312748,-0.24436655516302053,-191.06675202060927,1.1404642270773917,-17.93778754569817,-0.06979212275547275,-16.118700716574565,-0.4254424360597829,-2.251423270230635,-0.030244967185344553,-8.24812544260732,-0.5840108233541794,-1.131720368463684,8.76845399840386,113.611075907946,122.379529906349
1453,0.726500928401947,0.046800978248607523,60.686127384815116,0.09732691435336303,-12.83238343877044,0.9310743831995976,-192.50762770016837,-0.011212083075939884,-30.881660866933544,-0.48814807210514,-35.78056669757342,-0.47166058132750593,-4.432726399957535,1.157341920937,207.750421994443,-0.24266873945599898,-174.85835898367347,1.1737431226555965,-17.649268716494902,-0.07746807631918258,-34.43636163091527,-0.41067999578595743,-1.344205066658148,-0.02933694341440472,-3.341007450448073,-0.4423236379131012,-1.0917189495094624,8.78535454016674,113.775083914399,122.560438454566
1454,0.727014005184174,0.046593952220552536,45.782749435395495,0.09794832957908838,-19.17299523272288,1.054155877193132,-195.55608927363784,-0.011872120778364852,-36.907469705978976,-0.3035637808518921,-30.53624858494543,-0.5412053301538629,-10.685847667405556,1.22808982194118,207.640697075905,-0.24429796290873174,-177.56610390895148,1.298453840101864,-17.989985364686362,-0.07731710149726793,-28.993817662644553,-0.22624667935462417,-1.542430922300877,-0.026897118002827108,-9.752368814996347,-0.5143082121510357,-0.933478852409209,8.94738430616417,113.540812730789,122.488197036953
1455,0.727507174015045,0.04621508638796797,36.43379376283271,0.09824602000667955,-26.22906535013459,1.0425954903701518,-191.18813075606417,-0.013606248853437425,-51.33052614591731,-0.3122818917070852,-30.10670242818006,-1.0105840402390471,-8.473647734958625,1.48922083099823,205.380928254169,-0.24418189148986202,-172.68798534146387,1.2867773818600137,-18.500145414600297,-0.07872559900706266,-28.246043107977176,-0.23355629270002254,-1.8606593202028847,-0.025357001265724034,-7.489411338152451,-0.9852270389733231,-0.9842363968061738,8.7517858336978,113.699683815241,122.451469648939
1456,0.728004455566406,0.0469907040726044,44.48270811408135,0.10115534845383241,0.8482630379687471,1.0301338530850015,-190.2728228922815,-0.01701824703165345,-41.777864157800664,-0.14321895529612524,-28.586198899832958,-1.1209763374713368,-3.2509513713590614,1.53329890273247,201.881914466574,-0.24640817528807712,-172.0853910076132,1.2765420283730786,-18.187431884668314,-0.07869158562079934,-26.773543631773617,-0.06452736967532591,-1.8126552680593413,-0.02133384062990078,-2.6376486982830585,-1.099642496841436,-0.613302673076003,8.56216453778325,113.938116669655,122.500281207438
1457,0.728506684303284,0.046457510751628774,26.50624118974997,0.10076396410945132,-14.240712989610726,1.148375921369086,-189.74097685017932,-0.014455806552291955,-25.855122102024954,0.03562779081760405,-37.16085473960252,-1.1561265308001942,-7.5221909360249155,1.633764303255,197.51713050996,-0.24860268944352312,-171.05869003188528,1.3969786108126092,-18.682286818294045,-0.08423622267198633,-35.85146919151281,0.11986401348959039,-1.3093855480897076,-0.022852921808142853,-6.368386741414737,-1.1332736089920514,-1.1538041946101787,9.06800537795061,113.350893080235,122.418898458185
1458,0.729003190994263,0.04627741312726218,29.88203409763584,0.10173394890775567,-9.873052068121595,1.1958678315242348,-196.71450711479878,-0.013346178462148254,-42.04522263991108,-0.08706434447623292,-32.19156507434421,-0.6679631922492287,-22.408313265822844,1.3771435700605,207.348114388738,-0.25429371648007604,-177.6237461635784,1.4501615480043109,-19.090760951220375,-0.08344118278039128,-30.945727355299617,-0.003623161695841634,-1.2458377190445944,-0.028321856941021066,-21.257900758491015,-0.6396413353082077,-1.1504125073318292,9.39135908630124,112.628115862608,122.019474948909
1459,0.729506373405457,0.04713792384415625,24.97612164746032,0.1007301326072657,-8.645220193337362,1.083022739165606,-183.22386078399376,-0.012000475577464796,-28.90320617176325,-0.011491144607521434,-24.7102921791449,-0.49069796255303166,-21.81149172361334,1.19430621923415,190.240018616294,-0.25370574178142835,-164.81799868028594,1.3367284809470343,-18.40586210370782,-0.07689828943850906,-23.19838640898005,0.06540714483098763,-1.5119057701648515,-0.03109288798255241,-20.74567180770532,-0.4596050745704793,-1.065819915908019,9.08685888313994,112.826096631587,121.912955514726
1460,0.730008006095886,0.04697031637676022,7.120917432004767,0.10070530398686298,-3.409267254874266,0.987426546323946,-198.99901411122664,-0.013870712148158798,-27.19273668192533,-0.17109471198725648,-23.006702803088682,-0.6772920761482772,-13.875386105007692,1.21472190512709,202.791069397087,-0.2510150594598682,-180.55491580322408,1.2384416057838141,-18.444098308002566,-0.07401703617922324,-20.937653875514638,-0.09707767580803324,-2.0690489275740447,-0.028251100123926762,-12.924329587113577,-0.6490409760243505,-0.9510565178941146,8.73243535700021,113.263145901263,121.995581258263
1461,0.730509340763092,0.047856830289991215,0.9488016484373819,0.09733081097746553,-21.745329548671947,1.0264949514418331,-182.1950510979149,-0.014567081252291059,-32.77350118623918,-0.12243420640096404,-31.61452387463995,-0.8312592131932169,-14.407182349342706,1.33103330633698,189.604703605665,-0.24969065001196528,-166.58268017656147,1.2761856014537984,-15.612370921353431,-0.0773238273293634,-30.41641445341123,-0.04511037907160065,-1.1981094212287182,-0.02496407783291576,-13.560295528126899,-0.8062951353603012,-0.8468868212158078,8.51639802836144,113.147900983691,121.664299012053
1462,0.731009125709534,0.04842678829123904,4.709503911119627,0.09818028211141364,-17.027255063228015,1.0341885716663355,-202.01369140229627,-0.015228123293882638,-34.6202521525216,0.022745010461555512,-33.27130251565374,-0.8032964216797652,-28.947973172296653,1.3143686300686,210.39288233454,-0.2532620928475109,-185.090372955405,1.2874506645138464,-16.923318446891273,-0.07896167609254062,-31.91922995584916,0.10170668655409613,-1.3520725598045757,-0.025526583453094925,-28.062108686498785,-0.7777698382266703,-0.8858644857978675,8.73988506815658,112.837971404195,121.577856472351
1463,0.731509804725647,0.04625177692472777,-3.1251036611413405,0.09935496857747314,-5.643062526967546,0.9943787487953631,-194.88536916752852,-0.014380486937066667,-29.43818261788818,0.3266618614727652,-31.187505222171087,-0.7228287107857889,-9.90199007342745,1.27679123116788,199.898059091081,-0.24966963423901,-178.75224879710007,1.2440483830343732,-16.133120370428458,-0.07907423763283435,-30.307255205060546,0.40573609910559955,-0.8802500171105407,-0.021208272173024012,-9.038960848790058,-0.7016204386127649,-0.8630292246373923,8.5003374790067,113.256062038243,121.75639951725
1464,0.732004046440125,0.04693145345311573,-1.798750947671872,0.09718020526994331,-43.30462560491488,0.958100305137884,-199.79084424815485,-0.012967344103142873,-33.613058282150796,0.2816367632243868,-26.91426077721488,-0.6521450612854646,-25.261682085319087,1.19765744171548,210.445421074413,-0.24798197740029312,-184.62376065688764,1.2060822825381772,-15.167083591267215,-0.07511863356800666,-25.619227739303085,0.35675539679239343,-1.2950330379117965,-0.02680939471278563,-24.436058244703894,-0.6253356665726789,-0.8256238406151937,8.27022763899731,113.494726866484,121.764954505481
1465,0.73250824213028,0.047454100637627734,-4.093727937227563,0.09840312378994501,-45.34807016927826,0.9517629091589239,-212.6648279059917,-0.0125423101918796,-29.248247711217928,0.22461115033500068,-19.536669237426924,-0.9683160504614452,-6.710955852693534,1.38059087121081,220.412598261336,-0.25340853944130154,-196.36929315707434,1.2051714486002254,-16.295534748917362,-0.07001280148165864,-18.306195278450023,0.29462395181665935,-1.2304739589769014,-0.026133801256758613,-5.620465481809434,-0.9421822492046866,-1.0904903708840994,8.48690737548895,113.017433315516,121.504340691004
1466,0.73300564289093,0.04785385371450128,-18.732828924332264,0.097929178179838,-60.109570852324964,1.005499105648745,-197.93460163057193,-0.016522986637241693,-23.388009468497863,0.2340768542042194,-32.06711633987156,-0.8887277031504588,-24.83522344754813,1.36667863077732,212.918466017288,-0.2564777886080312,-182.41973629644647,1.2619768942567762,-15.51486533412546,-0.07390155064725895,-31.44787571884314,0.3079784048514783,-0.6192406210284211,-0.027795615619958147,-23.73464609406687,-0.8609320875305007,-1.1005773534812597,8.6785981493922,112.589717641473,121.268315790865
1467,0.733501195907593,0.04795087081328915,-22.459215614989784,0.09946096684966323,-54.29063287744503,1.0570747504607567,-212.32165455581588,-0.019635771575649386,-12.46427834876777,0.14421751486021037,-19.548540459924272,-0.6947880049346291,-12.389293004302386,1.2780897562061,221.863409393277,-0.25931831020092966,-195.88207667736145,1.3163930606616865,-16.43957787845443,-0.07135347246036577,-18.817136951407942,0.21557098732057614,-0.7314035085163297,-0.02192265528649683,-11.35830375545429,-0.6728653496481323,-1.0309892488480958,8.87789728094867,112.428415715694,121.306312996643
1468,0.734009563922882,0.04820482252953811,-26.571178882585603,0.09932046050023137,-60.60170738877455,1.0837201935628507,-205.3849885804289,-0.020254117169511768,-6.5942258637470035,0.2551710961798753,-20.27745531112239,-0.8384043078810866,-20.179398097343682,1.39824247460392,217.769270412599,-0.2616936419325741,-189.68800618695238,1.3454138354954248,-15.696982393476532,-0.06421517080761058,-19.724661205138982,0.3193862669874859,-0.5527941059834092,-0.025839988619301476,-19.060258021713505,-0.8125643192617851,-1.1191400756301775,8.96892919085803,112.077848047018,121.046777237876
1469,0.734509289264679,0.04950410279658568,-10.932139485307834,0.09507149520517098,-64.66720436884839,1.1043372864207575,-236.58237830621772,-0.020100876691646702,-9.443258426630923,0.15992452814326066,-28.822256723721818,-0.9006807589441967,-22.574308202710704,1.43814318377946,248.399029230845,-0.2591010923833951,-218.78831362915517,1.3634383788041526,-17.79406467706255,-0.06549034061985803,-27.862943526325918,0.2254148687631187,-0.9593131973959004,-0.029956789616056512,-21.24670702975159,-0.8707239693281402,-1.3276011729591133,9.06426792623824,111.993057273328,121.057325199567
1470,0.735005795955658,0.046968025716475625,-25.765993025751392,0.09278142091134367,-68.58755008650148,1.049627592646547,-217.6338265714072,-0.022306218552292274,-11.178511733772218,0.18743419932301503,-26.657759391218423,-1.0419308016260713,-24.46027352380786,1.49458402660745,232.737021405677,-0.25417894660700474,-200.25250456680166,1.3038065392535518,-17.38132200460555,-0.06859978468913361,-25.728455690895817,0.2560339840121486,-0.9293037003226061,-0.029712337490206454,-22.83746883925536,-1.012218464135865,-1.6228046845524986,8.76521158132209,112.126923501492,120.892135082814
1471,0.735501170158386,0.047527678129865254,-26.421158185022232,0.09272112610233761,-76.66868467194264,1.0315929145989815,-235.2352032859608,-0.021272974078557716,1.9130889266166264,-0.011272114440442326,-15.782512466011346,-0.9077619178823031,-16.671615668372535,1.37827839292807,249.884885601602,-0.2556737991185706,-218.2152583114953,1.287266713717552,-17.019944974465517,-0.06806376388714556,-15.301472501697377,0.056791649446703237,-0.4810399643139682,-0.025558927973467593,-15.029802012476368,-0.8822029899088355,-1.6418136558961667,8.76971462894289,112.162681743503,120.932396372446
1472,0.736010909080505,0.048676533537307026,-38.86948717798453,0.0941860445487936,-80.12760017013495,0.9712055487377512,-224.96322021949604,-0.021791502470272985,1.1740589783745936,0.06263218224801814,-11.857285173999395,-0.7322076408333718,-27.685518834333273,1.2227045117001,243.8199773877,-0.25961490089259354,-209.98806493352947,1.2308204496303448,-14.975155285966565,-0.06571945259174311,-11.42700767490325,0.12835163483976125,-0.430277499096146,-0.02692456853348833,-26.261179152316846,-0.7052830722998834,-1.4243396820164271,8.59637186140571,112.158052310348,120.754424171753
1473,0.736507594585419,0.047282250127121006,-35.7343976561371,0.09267556710685618,-85.7877672834239,0.9396107506856013,-216.09510572113206,-0.02078309108516677,10.787446845394552,-0.059816585286757595,-9.344132663500039,-0.5260774534439289,-26.32871959793369,1.08372514157977,237.129640088056,-0.2553752567049862,-201.72329309078168,1.1949860073905874,-14.371812630350377,-0.06394983210316045,-8.567252373578137,0.004133246816402855,-0.7768802899219018,-0.028905839796057865,-25.11192872263552,-0.497171613647871,-1.216790875298173,8.44298581841576,112.385687798262,120.828673616677
1474,0.737001597881317,0.046069361253046184,-45.061671916263975,0.09337742343942118,-87.44003119103527,0.9502713366893883,-241.7912305902281,-0.02261076249897013,0.3266092722480984,-0.07083368874796689,0.2748557489322883,-0.14900490537591748,-38.92050471676285,0.970354812662049,263.921011720594,-0.25396955943780747,-226.99160535209012,1.2042408961271958,-14.799625238137992,-0.060927068458256996,0.9031568275902851,-0.009906620289709893,-0.6283010786579968,-0.03145353509599351,-37.6640302322991,-0.11755137027992398,-1.2564744844637517,8.49354088023392,112.437475830317,120.93101671055
1475,0.737503290176392,0.046357068911324975,-43.72623093892661,0.09154171102395331,-96.6903386588287,0.8799755846654433,-197.75212997297996,-0.022236948235423284,10.835965867944617,-0.12180344889115043,-12.29015763862306,-0.21966219476349344,-26.966410500186903,0.921123191619585,226.633102606993,-0.2526035688876312,-184.34430515092905,1.1325791535530745,-13.407824822050912,-0.062266123280535074,-11.524313261266212,-0.05953732561061535,-0.7658443773568493,-0.0287917081163366,-25.82730499178292,-0.19087048664715683,-1.1391055084039827,8.39735095839569,112.384691998363,120.782042956758
1476,0.73801052570343,0.04600812244558488,-59.74652368162315,0.09288219645602908,-76.49827474826975,0.8756329867615884,-228.17091056620671,-0.026039239088373328,14.084365991637144,-0.2278351293819351,12.062647548628032,-0.31679790010278375,-31.261396884595438,0.964585286491973,250.608757481772,-0.2552511419801629,-215.24460501237317,1.1308841287417513,-12.926305553833544,-0.05786648847042284,12.839828610451695,-0.16996864091151226,-0.7771810618236632,-0.029802221543784552,-30.298884635543835,-0.2869956785589992,-0.9625122490516027,8.33362410658447,112.343167677522,120.676791784106
1477,0.738500654697418,0.04572966317046225,-62.4659426557188,0.08755806516356418,-116.63161784102394,0.8375303025498682,-227.3883684352188,-0.02716712451243165,15.496584216010625,-0.20461071221529015,9.626460690821268,-0.337801691988467,-20.946736085412144,0.931626644035011,264.541068630451,-0.24886319788078826,-214.87211397267305,1.0863935004306564,-12.51625446254576,-0.06287873807603965,10.095901306035735,-0.14173197413925048,-0.46944061521446656,-0.031544442790662305,-19.991854590929545,-0.30625724919780467,-0.9548814944825992,8.21994431507483,112.638148054481,120.858092369555
1478,0.739000558853149,0.045014875113920445,-69.14771814672534,0.08957185438140676,-95.54730746587451,0.7751008427028478,-229.66180209686556,-0.027409383848806233,17.945285670555435,-0.12325549530713306,0.5891481332451678,-0.32035851284452344,-21.156920759584658,0.854051251761768,259.663693843797,-0.24857881623744346,-217.2640610907588,1.0236796589402912,-12.39774100610677,-0.06743803515216137,1.104532329087914,-0.05581746015497169,-0.5153841958427463,-0.03361772944210089,-20.271208454101362,-0.28674078340242254,-0.8857123054832954,8.00437708055688,112.896521434188,120.900898514745
1479,0.739509999752045,0.04572925250257788,-69.23391332817972,0.09139720369033268,-104.26977756848541,0.8156978156779651,-214.63077809601842,-0.027460252938780943,14.75167045536189,-0.17929246169836677,5.303375619575868,-0.2920589249733126,-34.65896016841439,0.891070035321887,251.354079475865,-0.25446942114371646,-202.13833432995372,1.0701672368216815,-12.492443766064696,-0.06574538390481469,5.630582260148545,-0.11354707779355208,-0.327206640572677,-0.036595333837365455,-33.849983339983496,-0.25546359113594713,-0.8089768284308931,8.24708605490014,112.36784902215,120.61493507705
1480,0.740020275115967,0.04536125345842769,-67.20951360682355,0.09298923058342497,-91.70141492068404,0.842803948621792,-219.36508865566333,-0.027915522208244878,10.876764271309183,-0.1010517066962177,8.193459531231273,-0.28115703869425535,-16.046397014839716,0.900590439848215,247.972244365957,-0.25645741209435347,-206.12274888725986,1.0992613607161454,-13.242339768403468,-0.06600977155012593,8.521437459805199,-0.035041935146091774,-0.32797792857392594,-0.029336667802178456,-15.1212631815595,-0.2518203708920769,-0.9251338332802153,8.47292928831303,112.157815665007,120.63074495332
1481,0.740506827831268,0.04580456547349273,-57.06620110639073,0.08931574955161731,-106.69184866981757,0.8055617629586345,-227.45159358483195,-0.033726482327958454,15.198200079020491,-0.14198343963565724,3.1398470236191454,-0.23319453340766141,-30.936975496708182,0.857135682625227,259.945897608397,-0.2527459958779364,-213.2029861942694,1.0583077588365708,-14.24860739056254,-0.06759111748974093,3.7050589570704657,-0.0743923221459163,-0.5652119334513204,-0.03063229721588648,-30.400550586473017,-0.20256223619177494,-0.5364249102351657,8.49360244199488,112.231104880571,120.724707322566
1482,0.741010427474976,0.04502368569811244,-64.1108746234669,0.08871219914529074,-93.5109093812737,0.7741277434595096,-229.38541250924155,-0.0354182402379115,38.75803545287593,0.029559581590443872,-3.507178811315838,-0.3513258030145974,-23.545735921851097,0.857163222620962,259.886608323353,-0.25155460557449416,-215.07181326568292,1.0256823490340037,-14.313599243558627,-0.069626758296744,-3.472007268252277,0.09918633988718788,-0.035171543063561295,-0.02824454124177768,-23.02111079882844,-0.32308126177281976,-0.5246251230226591,8.44260916260828,112.298181727529,120.740790890137
1483,0.741513848304749,0.04780286460186716,-66.29239505738815,0.08767974833098427,-106.40543855426115,0.7585978875101527,-223.1639611954162,-0.03665776848130417,28.86231702864769,0.18531300755445532,13.782407156341698,-0.4421124936315487,-20.789006171828333,0.903654672344701,258.793592350538,-0.25322413296337537,-208.69085163850588,1.011822020473528,-14.473109556910316,-0.06873731656171878,14.162356622441221,0.2540503241161741,-0.3799494660995233,-0.030881737135576907,-20.08493914638947,-0.4112307564959718,-0.7040670254388637,8.43131446441475,112.35664075613,120.787955220545
1484,0.742009997367859,0.04638960957129006,-73.27774870093644,0.08826224625953666,-107.71089446041015,0.7675088952482264,-216.97789419218654,-0.03678131425668961,23.837793942095864,0.08765459644802842,-4.092909022320095,-0.42505346927170273,-27.25989886719252,0.888098400726482,255.692718353017,-0.2539091585829255,-203.32928616372064,1.021418053831152,-13.648608028465901,-0.07526882656866969,-3.678700067242175,0.1629234230166981,-0.41420895507791977,-0.03373869412034618,-26.26640471211456,-0.39131477515135654,-0.9934941550779577,8.32364073739154,112.229919150472,120.553559887863
1485,0.742506384849548,0.04407677993312741,-78.66511285704571,0.08891174421730591,-91.69728103122034,0.7047217696334136,-222.5331461631749,-0.033263492028809315,38.31712867016735,0.06126740573074471,-6.386134946447985,-0.46146890585108535,-25.24124613148448,0.851054956720547,257.417361586125,-0.25079755029314266,-209.17855852447371,0.9555193199265563,-13.35458763870119,-0.07667669599400283,-6.059128572347246,0.13794410172474753,-0.32700637410073874,-0.034322336787071535,-24.552362155304735,-0.4271465690640138,-0.6888839761797456,8.131492524446,112.449334859848,120.580827384294
1486,0.743014693260193,0.0443649967016313,-79.33809698338807,0.08767084740839547,-111.06865346474295,0.7439500947262414,-219.00248634971285,-0.03089822105984349,41.11982261773067,-0.007606093979486216,20.93481024416145,-0.3625812264808703,-23.752866539090302,0.834022704959215,263.22266848368,-0.24999869137022718,-205.4839296283857,0.9939487860964686,-13.518556721327144,-0.07289929244752308,21.294801376378803,0.06529319846803686,-0.35999113221735257,-0.03736034929121026,-23.200986887798248,-0.3252208771896601,-0.5518796512920545,8.26703919989814,112.292224735022,120.55926393492
1487,0.74351578950882,0.04559089158245223,-69.14175113540799,0.08751129941639216,-115.68784472301166,0.7701600034316284,-212.66703997623304,-0.03682565587416119,29.735717744235117,0.1731149289689657,-6.037482888852616,-0.17505433535643045,-29.05002109011813,0.815384642789039,255.256923302216,-0.2519027860732806,-200.3467423581286,1.022062789504909,-12.320297618104433,-0.08027356972217875,-5.792359875197077,0.25338849869114444,-0.24512301365553935,-0.03718641170266576,-28.35250070415773,-0.13786792365376468,-0.6975203859603987,8.22876984922868,112.234573543072,120.4633433923
1488,0.74400919675827,0.044639443559520195,-60.08044813315483,0.08785120747008643,-92.29344097254537,0.7496163488016017,-225.11824238734673,-0.03775511065238962,43.71790109320099,0.10068953520524798,10.772660062175426,-0.18412687344787473,-19.846226196516692,0.785558222776525,255.396046024708,-0.2504245767605556,-212.41912334417881,1.0000409255621572,-12.699119043167912,-0.07664036425130813,11.179657734462067,0.1773298994565561,-0.4069976722866411,-0.03474024082071305,-19.28019380214158,-0.14938663262716168,-0.5660323943751138,8.1625600004586,112.427411884069,120.589971884528
1489,0.744503855705261,0.04289123403783193,-77.67739203116146,0.08603782254505773,-104.01463999359372,0.7703485831044459,-225.18562539226446,-0.03668229625750591,35.91077289631835,0.21577162212241027,-3.073877428192891,-0.09863221342390152,-42.366934287896896,0.812594857018901,265.810793427344,-0.2463349697050909,-212.3329990376469,1.0166835528095368,-12.852626354617541,-0.0832087009447978,-2.818544844294652,0.29898032306720806,-0.25533258389823876,-0.04019469482192188,-41.79341440440506,-0.05843751860197964,-0.5735198834918336,8.05899654819382,112.502025142312,120.561021690506
1490,0.745000839233398,0.044465258236901034,-61.54854028256663,0.08412504270028,-119.11729590208726,0.7203978464280821,-220.92582925056328,-0.036348731700112165,41.712955375204125,0.28000824006487457,8.242875669091939,-0.019247827453875578,-39.73464863551859,0.77982277653307,264.900232109387,-0.24625049845670458,-207.94703874130704,0.9666483448847867,-12.978790509256243,-0.08175550069415619,8.404307177736378,0.3617637407590307,-0.1614315086444389,-0.040269198794701984,-39.29292452431821,0.021021371340826406,-0.44172411120037935,8.09083085577004,112.49046343565,120.58129429142
1491,0.745509445667267,0.04594901505876854,-58.950561134085966,0.08610945807208793,-99.32246502214966,0.6454551305225389,-229.37158999357553,-0.03758264066130036,43.95783051686531,0.41280752804049076,10.121406028163687,-0.11964025254212797,-35.4570837511975,0.782479888806433,263.141379346078,-0.24927799894224498,-215.00783128192637,0.8947331294647839,-14.363758711649155,-0.0867355467169865,10.518656492946501,0.4995430747574773,-0.39725046478281456,-0.03640025059005269,-35.06834312869272,-0.08324000195207529,-0.38874062250478403,8.01070295960744,112.530092820525,120.540795780133
1492,0.74600750207901,0.04542783846865064,-68.21441881699197,0.08592015652669487,-107.50578161189925,0.6317300218743862,-220.21405373861333,-0.04081187768000058,42.15785597327373,0.5408877670960508,-1.6490531697302606,-0.20340801577380563,-24.23853938341577,0.862628998572314,258.983475277052,-0.2492615890302278,-206.72941746975602,0.880991610904614,-13.484636268857315,-0.09187998599151541,-1.7128839929343802,0.6327677530875662,0.06383082320411959,-0.03383210431242954,-23.896140181965052,-0.16957591146137607,-0.3423992014507178,7.99517699092394,112.439083144069,120.434260134993
1493,0.746510565280914,0.045732713017820566,-76.0646443193914,0.08522799973352728,-108.24595784415085,0.6302111707716742,-228.7313288435261,-0.04505748205331652,39.60823275039295,0.6049064744122558,6.572956407188387,-0.20069824210552864,-23.212217345294338,0.902631273889318,268.275718601561,-0.24780244663788695,-214.56486078198492,0.8780136174095612,-14.166468061541167,-0.08851402371477018,6.65302703209965,0.693420498127026,-0.08007062491126327,-0.03286859121244124,-22.377422800603934,-0.1678296508930874,-0.8347945446904035,8.0580697827163,112.616627678275,120.674697460991
1494,0.74700653553009,0.04647522084624281,-62.20052382570477,0.08317496679686842,-120.65817397234576,0.6847574862063931,-237.58730357036853,-0.043861490820761496,35.512172116872776,0.5533209924967841,0.29142527068724894,-0.3151170679774291,-37.98811176174746,0.940934404629464,278.530649769,-0.24744723393903267,-222.94429215907866,0.9322047201454258,-14.643011411289876,-0.09015460341481046,0.65525585788464,0.6434755959115945,-0.3638305871973911,-0.03407597593810317,-37.30723988106746,-0.2810410920393259,-0.6808718806800016,8.30207750424597,112.484552517533,120.786630021779
1495,0.747519910335541,0.043648007365564796,-69.73344412087651,0.08335734263266359,-104.94052520630557,0.7395428479503073,-228.8187035722224,-0.043159799885045515,35.367062590775234,0.6861141922937617,14.750605614707606,-0.42486891485909306,-23.65417037123037,1.09950273627618,265.068284451873,-0.24339746907239473,-213.53522878977094,0.982940317022702,-15.283474782451464,-0.08578771631663294,14.32917996602511,0.7719019086103946,0.42142564868249544,-0.031739418767794736,-22.813263846573722,-0.3931294960912983,-0.8409065246566492,8.40247334575542,112.620277509093,121.022750854849
1496,0.748008608818054,0.04552880767256251,-66.67049084797024,0.08218148471048319,-113.58184186579514,0.7903930981664916,-233.1131090751935,-0.043270001150242106,37.09456453120602,0.7823511172048393,9.725714568207607,-0.23189788838330652,-29.627265772813107,1.14073227034847,272.095354412812,-0.24513333619101207,-218.04422944691422,1.0355264343575037,-15.06887962827929,-0.08659114411820405,9.40287231374993,0.8689422613230433,0.32284225445767767,-0.03411310981209328,-28.50624700374468,-0.19778477857121324,-1.121018769068428,8.5364956149424,112.362846881151,120.899342496094
1497,0.748510956764221,0.04423461120672402,-58.577160738423366,0.08284761394992315,-90.28368743097195,0.7929849277753251,-242.34196506460876,-0.046259024783554814,38.063934662012386,0.7429437521090908,13.440461731664401,-0.21562807999911443,-20.465924384911194,1.11276516332091,268.998920447885,-0.24445057924180313,-227.95562429880954,1.0374355070171282,-14.386340765799218,-0.08897386602638846,12.98037826304661,0.8319176181354793,0.4600834686177908,-0.03698159697311684,-19.65260655136168,-0.1786464830259976,-0.8133178335495153,8.32309951181378,112.474687814713,120.797787326526
1498,0.74900621175766,0.04547867521031872,-48.782784513059184,0.08263941422617184,-91.00120097224182,0.8281140034237124,-236.46354949531755,-0.05102511581638697,31.737027978872817,0.6546695832138407,23.064208443927562,-0.10959789445211647,-24.70037433426742,1.06671360235387,262.155095375795,-0.24494011956516237,-222.78323566854985,1.0730541229888748,-13.680313826767701,-0.09157533649872678,22.521951078090286,0.7462449197125675,0.5422573658372762,-0.03891499808726469,-23.757477131361274,-0.07068289636485178,-0.9428972029061455,8.32311714642856,112.52551817894,120.848635325368
1499,0.749506235122681,0.04517716235503304,-59.24201156244726,0.08297582232462927,-95.37389084133547,0.8732825880022912,-218.14073611936692,-0.04912244009975028,39.00371847796017,0.7462961955274462,13.319988845448139,-0.10079395804252397,-24.598356190418215,1.15804960565377,249.989933853547,-0.24586383830202074,-204.0701719514625,1.119146426304312,-14.070564167904422,-0.09538165871195604,12.661269926009886,0.8416778542394022,0.6587189194382521,-0.03941279409831158,-23.651495992549048,-0.06138116394421239,-0.9468601978691673,8.5164311571898,112.341750368476,120.858181525666
1500,0.750004887580872,0.044720902900420655,-50.782790941554914,0.08158882567106832,-90.52487726398363,0.8673619006040616,-210.9620010461504,-0.05079621102947963,21.961163525062148,0.4929493792079243,8.2148911788904,-0.2228960866412732,-23.105012933336116,1.02773312353282,237.40730803405,-0.24429704389711338,-197.1680862103223,1.1116589445011749,-13.793914835828105,-0.09806057915437989,7.402251971053965,0.5910099583623042,0.812639207836436,-0.041109227090494437,-22.29193113813396,-0.18178685955077875,-0.8130817952021552,8.52208714017343,112.295274958014,120.817362098188
1501,0.75051087141037,0.043193558755898115,-46.38278636591004,0.08117001912155297,-89.71704377189681,0.8800585284387421,-230.5386571299755,-0.04952190019101878,34.09058954080171,0.35848123995122827,15.27468335345132,-0.3099561799436351,-28.691085865159785,1.00498324388057,256.061019876974,-0.2425746420832783,-216.57388384406815,1.1226331705220205,-13.964773285907341,-0.09770254115750863,14.761772831760776,0.4561837811087369,0.512910521690543,-0.035217003582909676,-27.66209232275461,-0.2747391763607254,-1.0289935424051748,8.60734845659317,112.249336645007,120.8566851016
1502,0.751003384590149,0.041015990542479494,-43.24800388585059,0.08034936688207281,-81.9406126992231,0.8794970866255315,-231.06458820962118,-0.05085146040558607,40.815401408203904,0.22728220576542224,23.761801389928564,-0.4510395909379066,-24.836079990420018,1.0194769454469,254.603316633571,-0.23736384916204054,-216.86690646206506,1.116860935787572,-14.197681747556118,-0.10046264690986727,23.433458317196028,0.3277448526752895,0.3283430727325367,-0.03240244642053089,-23.99148788782477,-0.41863714451737566,-0.8445921025952465,8.45025379533763,112.671681165695,121.121934961033
1503,0.751511454582214,0.03926026646956485,-58.173963916878705,0.08047103728041838,-88.00591810730565,0.8485062919795565,-218.92563120445502,-0.04972957599800465,39.66944997932761,0.3579083673572899,14.847682628801307,-0.7092879249765067,-27.335788119923293,1.1668936003612,248.191554955495,-0.23520690599916533,-205.11740657423516,1.0837131979787218,-13.808224630219854,-0.09996504355629657,14.498037351854535,0.45787341091358646,0.34964527694677194,-0.03135355049779982,-26.492353984176795,-0.6779343744787069,-0.8434341357464987,8.55581197104766,112.728593707085,121.284405678132
1504,0.752005279064178,0.03926361959707381,-43.63231515496609,0.08135626582489137,-80.14779024443548,0.838456124285914,-215.8566129734471,-0.04670929598765218,34.19614254164566,0.43362380296661485,19.414035227665735,-0.6404224334861652,-19.375739096844033,1.14521674817854,238.418172053465,-0.23529899850048272,-201.79175920760628,1.0737551227863966,-14.064853765840837,-0.09693750899261142,19.15385795893508,0.5305613119592263,0.2601772687306543,-0.027192566655516257,-18.424435650222367,-0.613229866830649,-0.9513034466216652,8.54787180674248,112.844354137778,121.392225944521
1505,0.75250655412674,0.03960534130575309,-39.31578987111429,0.08330416686275063,-60.10675127765977,0.8296379512932494,-213.53512276039504,-0.04658690635126201,35.79304708011366,0.40445755114883025,30.054501561891634,-0.5515292781710849,-15.255443702828865,1.08016114200952,230.592596109728,-0.23689474226679652,-199.99492921753586,1.0665326935600459,-13.540193542859186,-0.09672774360136221,29.826400411378057,0.5011852947501925,0.22810115051357727,-0.02062514314062271,-14.404011984187221,-0.5309041350304622,-0.8514317186416438,8.51141721088788,112.899095073342,121.41051228423
1506,0.753008842468262,0.04141417542901806,-48.38774839147204,0.08318591253681323,-63.62729058329168,0.8833941356851644,-219.49331965535094,-0.04809177669759918,31.170605613956628,0.42130780921683725,7.264419107304581,-0.8344710869917493,-25.828381010342433,1.29041672069615,237.188969768023,-0.23999995858566536,-205.718514719038,1.1233940942708298,-13.774804936312933,-0.09971382548232209,6.801548341639506,0.5210216346991593,0.462870765665075,-0.023066053399962174,-24.96944088913809,-0.8114050335917872,-0.8589401212043413,8.72767060166007,112.630186408758,121.357857010418
1507,0.753503978252411,0.04132845332552473,-40.52429042515813,0.08294506598918278,-69.00760313951668,0.915370303328896,-222.17827284728307,-0.051158668247612366,20.895781311311744,0.27976341787718906,12.709577237457351,-0.8786080192179779,-17.64794185870652,1.30358258196249,238.069462999644,-0.23823431654856397,-207.42432317572127,1.15360461987746,-14.753949671561799,-0.09578426271978355,12.366330935853638,0.37554768059697263,0.3432463016037133,-0.027211746125339054,-16.74032656074367,-0.8513962730926389,-0.9076152979628489,8.72805921555846,112.828881829977,121.556941045535
1508,0.754000842571259,0.04081186861810188,-42.80094288727322,0.08418508511352751,-62.19254751573756,0.9374735527949676,-227.3719792313145,-0.05081824950841256,22.50650216961334,0.10541396840363138,20.056983942674847,-0.7065521052493755,-23.529953658617536,1.18343562394231,242.611488973763,-0.2385843876823732,-212.52539524956603,1.1760579404773408,-14.846583981748466,-0.09951473309524728,19.556837181113,0.20492870149887865,0.5001467615618473,-0.02798082916049942,-22.745381387647768,-0.6785712760888761,-0.7845722709697682,8.57697923246451,112.916410401464,121.493389633928
1509,0.754506230354309,0.040013998892812506,-40.32828329962659,0.08429404831342469,-58.48438930368593,0.9531933313833345,-206.3364062494198,-0.04915724795868731,27.305974539914853,0.04260751559407417,16.00024916232973,-0.6761972594029686,-19.451534137328135,1.17420556237746,221.362808911462,-0.23743436417691352,-192.37228495954565,1.190627695560248,-13.964121289874157,-0.1049006612778506,15.529677281255077,0.14750817687192477,0.47057188107465286,-0.024179628202049414,-18.93605463276328,-0.6520176312009192,-0.5154795045648548,8.37877015650884,112.949286580086,121.328056736595
1510,0.755001604557037,0.040164873200517,-24.16269091966297,0.08739071555138178,-31.362220319467045,0.9761965132292325,-205.56398007632032,-0.05050511864873285,23.160887717799863,0.0763338892034759,4.462453701890955,-0.7338961107906485,-29.73749788682179,1.22849139912699,212.754866910608,-0.24062487481033537,-191.69741954310712,1.216821388039568,-13.866560533213203,-0.10742902797615966,3.9051695352232474,0.18376291717963555,0.5572841666677077,-0.022227746068443834,-28.899057816778427,-0.7116683647222047,-0.8384400700433616,8.41107029763225,112.887587547302,121.298657844934
1511,0.755525052547455,0.04156901289877885,-22.456222459326597,0.08693515658748979,-54.57368307166185,0.9853820280869696,-210.4458782294792,-0.05015627377667332,18.735633051942973,0.2401182514271263,16.346411195413705,-0.7024289829837181,-11.69442754240432,1.23848389095869,220.283964952733,-0.24294184432606486,-196.844015254839,1.2283238724130345,-13.601862974640198,-0.09860202739423615,16.06207440445086,0.33872027882136246,0.28433679096284337,-0.01726550267961054,-10.594100199668555,-0.6851634803041076,-1.1003273427357652,8.64997274932102,112.683410599828,121.333383349149
1512,0.75601989030838,0.03969275822995246,-34.783428273656206,0.0897833410475003,-47.29179632887531,1.0556808695694113,-217.15026846495365,-0.04964639932362804,18.310287195549343,0.38921633678604606,28.411683852570405,-0.8085602725332034,-23.055513986639582,1.38990017550409,228.636583027721,-0.243011216839651,-202.6070961209572,1.2986920864090623,-14.543172343996446,-0.09480830335731945,28.167747964669168,0.4840246401433655,0.24393588790123744,-0.01664822684404954,-21.72274671274015,-0.7919120456891539,-1.3327672738994316,8.78730654410538,112.774036005139,121.561342549245
1513,0.756508350372314,0.03864319277925113,-28.52908123309785,0.0873835700639201,-49.50644964944008,1.062767517510028,-193.91469232664053,-0.04947595462366352,11.90528158853433,0.39428507480037456,0.8953832656296702,-0.8901933612474963,-19.254098554477547,1.44532238329208,203.423112465307,-0.23877122422618152,-181.09011142844005,1.3015387417362094,-12.82458089820048,-0.10056977857561238,0.9367739408936683,0.49485485337598695,-0.04139067526399809,-0.014085953248527783,-18.606623678539098,-0.8761074079989685,-0.6474748759384497,8.41774317632553,112.96029523015,121.378038406476
1514,0.757018029689789,0.03782632729368215,-14.264510132395802,0.08686337612660733,-31.470578807182246,1.0099850010610683,-221.6820035099706,-0.04933424583899163,21.611479657657164,0.4672585266699713,11.006210313885248,-0.7674058738593493,-22.684534850724354,1.35599482053181,226.802921277111,-0.23596399078746752,-207.06072466787197,1.2459489918485358,-14.621278842098633,-0.10147740540953536,11.179193941096495,0.5687359320795067,-0.17298362721124683,-0.015480995211321031,-21.647042488670955,-0.7519248786480283,-1.0374923620533991,8.17265178968773,113.210600033402,121.38325182309
1515,0.757515549659729,0.03896908525570355,-11.978793351364219,0.08704607942186071,-36.21595119550107,0.9318105022298114,-221.2620252315911,-0.046877180179125955,18.385052450613237,0.617280369380636,13.543925976525292,-0.7499264713539386,-15.232224238498532,1.35018097249805,226.197787700181,-0.2360187179184111,-206.70817825618315,1.1678292201482225,-14.553846975407964,-0.1021590784099043,13.532569931770182,0.7194394477905404,0.011356044755110872,-0.014040164276241222,-13.980532968927127,-0.7358863070776974,-1.2516912695714044,8.20524713382474,113.368729352951,121.573976486776
1516,0.75800895690918,0.038339392688174885,-23.007805008114946,0.08706956300032469,-45.33963560987784,0.9205639830914809,-206.06810012569443,-0.04519596741980552,17.829407872695796,0.7198663218916915,5.881018144506302,-0.8945390442016969,-23.588261497398175,1.47544547959733,214.378132695286,-0.2362794040321094,-190.8376155823318,1.1568433871235904,-15.230484543362621,-0.10362619214617866,5.8943027089346325,0.8234925140378702,-0.01328456442833037,-0.018056146018481836,-22.642710134538756,-0.8764828981832151,-0.945551362859419,8.49805454260786,113.085477292538,121.583531835146
1517,0.758508086204529,0.03858621766481492,-19.900567568162355,0.09132532197291206,-18.08914817498278,0.9009498403742704,-205.81452500775038,-0.043318932261936435,17.734858131390066,0.7950817708637393,17.285003765400628,-0.930726455779345,-13.46056396930687,1.52375296988628,209.469214697243,-0.24217263239421064,-190.99665831422683,1.143122472768481,-14.817866693523541,-0.1015860630688476,17.173986433815134,0.8966678339325869,0.11101733158549365,-0.012858269117261768,-12.35989321713431,-0.9178681866620833,-1.1006707521725598,8.62278783770307,112.825486049056,121.448273886759
1518,0.759004175662994,0.03898636683110583,-8.459470836666657,0.08824209918200512,-33.48869155040074,0.882535756207836,-195.6120765291703,-0.04444966693115773,11.545823388895778,0.8016602441020737,6.1727580430027364,-0.9004272858748837,-18.192043006359143,1.49785853232679,199.898721859292,-0.23929475977169196,-181.26834336764546,1.1218305159795279,-14.343733161524852,-0.10613554298858566,5.986532854648333,0.9077957870906593,0.1862251883544035,-0.010311944976773003,-16.953011150096454,-0.8901153408981107,-1.239031856262688,8.57596718888817,112.767274305224,121.343241494113
1519,0.759528577327728,0.04075319755618252,-6.155268870219823,0.08817501104576812,-34.80138999338525,0.8121959685790181,-212.61339136635007,-0.04344875939716818,7.268202034580662,0.7367817163934821,17.054817475362427,-0.9143339867688047,-13.849968519234217,1.43172611861536,216.769447700903,-0.24063365849985502,-197.20189958849846,1.052829627078873,-15.411491777851609,-0.10627614544661393,17.266090456103754,0.843057861840096,-0.2112729807413274,-0.009940744487187625,-12.487885287570288,-0.9043932422816171,-1.362083231663929,8.53351343702525,112.857149675488,121.390663112514
1520,0.76000702381134,0.039492406317135034,-3.3402947987482934,0.08936813474303414,-18.245256770828455,0.8691790506984521,-220.99528794245293,-0.04097406921884251,16.640556752451804,0.751326525278466,-0.01839232640666243,-1.1140482334144521,-4.413467192163163,1.6038367822651,222.439545532509,-0.24054098801517393,-204.89779249017107,1.1097200387136261,-16.097495452281862,-0.10901411924953043,-0.20960277917306153,0.8603406445279964,0.19121045276639909,-0.01047736606478906,-3.5520777346599473,-1.1035708673496631,-0.8613894575032162,8.56608693016142,112.928642898798,121.494729828959
1521,0.760509192943573,0.038816455747161686,7.969746914659772,0.0884757390251859,-16.917772868639535,0.8632301642343752,-227.0000647831645,-0.042012274834832275,3.8250971704397068,0.6538559841087788,22.714520015771047,-1.2218230247454858,-5.396444991208108,1.63604559015536,228.994453475915,-0.2387081572907268,-210.21302773725202,1.101938321525102,-16.787037045912484,-0.10548257043579273,22.34429887536791,0.7593385545445714,0.37022114040313525,-0.009081070256460728,-3.900765130349708,-1.212741954489025,-1.4956798608584,8.50109046588477,112.964627400041,121.465717865925
1522,0.761009514331818,0.039374187017313406,2.6986390997172336,0.0880805006360089,-32.57745453817233,0.7966166189685184,-204.23238871743254,-0.041012710729458286,10.822449436670885,0.5845122717890722,13.4015143789884,-1.039330348012426,-20.2632007583307,1.43786325825004,208.534805495,-0.23811446148286017,-189.89418157995544,1.0347310804513785,-14.338207137477099,-0.10831051785507519,13.431357197730156,0.6928227896441473,-0.02984281874175565,-0.009659677128077776,-19.236065958562722,-1.0296706708843484,-1.0271347997679783,8.29488959227456,113.067369431257,121.362259023532
1523,0.76150780916214,0.039477953484711246,9.265553348168849,0.0900542403940576,-6.6362889331649075,0.7411362866121444,-205.0521970154561,-0.04254322958962886,15.144336268508631,0.5177196202751605,24.652885005413523,-0.9673907578492085,-13.480650183209871,1.32839741054075,207.834400184338,-0.23867124560217168,-190.63752348722895,0.979807532214316,-14.414673528227155,-0.10406064541487327,24.53076083373915,0.6217802656900338,0.12212417167437195,-0.00938578210356906,-12.411103189637135,-0.9580049757456394,-1.069546993572736,8.11605086313375,113.278198957443,121.394249820577
1524,0.762009620666504,0.0395512011095045,20.589030354547965,0.08897652941554406,-25.140107361534483,0.7632433806648034,-203.13925011963767,-0.04278240343151822,6.457070202423062,0.35520032947446994,16.619822215601047,-1.199316368299789,-0.43380239312447133,1.46914224559728,206.493555683591,-0.23972104495032856,-188.6091822677695,1.002964425615132,-14.530067851868154,-0.10127053259384121,16.620605770553198,0.45647086206831117,-0.0007835549521502116,-0.008029498494594127,0.7815196007621505,-1.1912868698051948,-1.2153219938866218,8.13839530096448,113.082674086094,121.221069387058
1525,0.762505531311035,0.03642482245322457,6.127010233703635,0.08897531907744659,-24.540829040463127,0.8283149302174699,-196.18875761907452,-0.04216283840118757,-0.33877721719749104,0.2878080668076874,6.4025593800750205,-1.1434740319494412,-16.574201819080777,1.44481592208876,198.60924667062,-0.2351122970378876,-181.8693115579045,1.0634272272553575,-14.319446061170026,-0.09919416028317399,6.300560880416389,0.3870022270908614,0.10199849965863184,-0.010030897549907426,-15.429299304827781,-1.1334431343995337,-1.1449025142529958,8.16662499540689,113.255294516683,121.42191951209
1526,0.76301509141922,0.03793106774237604,14.19912733907254,0.08933827603581587,-32.88041978369557,0.8968943082748047,-188.91524409727782,-0.04349894043816141,5.651244188491097,0.31105518580702785,18.209851879491776,-1.1749038685480098,0.7121206435460478,1.51422788260111,193.224607793208,-0.23929376592563073,-174.733717433042,1.1361880742004353,-14.181526664235832,-0.09962321631831336,18.041718802013317,0.41067840212534124,0.1681330774784584,-0.009329246026851716,1.808637979315788,-1.165574622521158,-1.0965173357697404,8.46036708889005,112.877311989665,121.337679078555
1527,0.763512670993805,0.03795086365950361,13.72087833978176,0.091494790799984,-20.41751483665309,0.9151198253323513,-200.85246410785473,-0.04517434583541907,-7.412284813162026,0.3647436816989336,-1.4559996914063844,-1.1343058630006329,2.702360017003051,1.50631481610283,202.512257415771,-0.24311926341496562,-185.77293668209003,1.1582390887473168,-15.079527425764695,-0.10535039498752576,-1.0030667241925997,0.47009407668645936,-0.45293296721378473,-0.01065570803348907,3.7891326769785794,-1.1236501549671438,-1.0867726599755283,8.83010762647609,112.578933387995,121.409041014471
1528,0.764008641242981,0.038727337847342655,24.601164543567176,0.08926492432138436,-39.607517573019955,0.8321828163523806,-194.85007386962334,-0.04114383559127277,-12.695325398656841,0.269512937958259,3.647197228888902,-1.0372241624885328,-1.9066265868438108,1.36094095221913,200.795001411241,-0.23806794589245492,-180.17855126790488,1.0702507622448354,-14.671522601718465,-0.10464658708378681,3.6212639916368947,0.3741595250420458,0.025933237252007135,-0.00956515559837256,-0.4479785352784358,-1.0276590068901603,-1.458648051565375,8.45200594622293,113.13448227942,121.586488225643
1529,0.764505088329315,0.03926901556692857,27.073110614255214,0.08819297817655108,-40.31262635158986,0.8263670438011342,-203.0028127562995,-0.04215394451887553,-12.037212477117448,0.19262484662359214,-2.2697932501929294,-0.9578265504325618,-11.908170749447288,1.2839453007635,209.427921072811,-0.2359296112145564,-187.78805712785896,1.0622966550156907,-15.214755628440543,-0.10459787772505823,-2.4149670052298955,0.2972227243486504,0.14517375503696606,-0.013705367260965235,-10.345639144152823,-0.9441211831715965,-1.562531605294465,8.32167588222364,113.371730655432,121.693406537655
1530,0.765001952648163,0.038785372727748374,26.10949198650125,0.08789537223009412,-38.228934004278045,0.8708252053037295,-199.1527845985145,-0.044415466955517034,-9.50092305056665,0.070124674885081,9.600496193726714,-0.9206424321798777,-6.2654440989823135,1.27359300070787,205.004101022333,-0.23587700126027342,-184.31023618220942,1.1067022065640029,-14.842548416305078,-0.10201460663691485,9.730809923960551,0.17213928152199587,-0.13031373023383708,-0.013490234005580868,-4.7554190376188314,-0.9071521981742968,-1.510025061363482,8.38803548813326,113.308532401919,121.696567890053
1531,0.765503466129303,0.03949833277725069,25.693172734281692,0.08877199402782879,-46.95327622919628,0.8991878111488427,-185.07662060215526,-0.04101736821185387,-11.686852828147181,0.05746763322118354,2.6364906796652114,-0.8844946256217416,-2.578354420026953,1.26700236821062,193.049958018563,-0.2390063789859007,-171.06760334557725,1.1381941901347434,-14.009017256578005,-0.10609296849038564,2.721295603534372,0.1635606017115692,-0.08480492386916039,-0.010011992124971862,-1.2500225682602486,-0.8744826334967698,-1.3283318517667042,8.47932534985011,113.05942928791,121.538754637761
1532,0.766002118587494,0.03761467033010589,24.68321758272625,0.0913166060092713,-30.23731591984403,0.9081270750975535,-184.34753582051178,-0.03936025020256639,-5.227128032713082,-0.0316516633379804,0.2699143910637281,-0.7371576418345349,-10.195085911587137,1.17490459888684,188.782695089781,-0.238673185790431,-171.48926409192615,1.1468002608879846,-12.858271728585635,-0.10870092986739617,0.32578388052391516,0.07704926652941577,-0.05586948946018705,-0.010225622520640595,-8.988438203412024,-0.7269320193138943,-1.2066477081751135,8.41388371767607,113.153217718005,121.567101435681
1533,0.766514897346497,0.03859514080981866,42.65398569348899,0.09068881198999892,-40.198776845023055,0.8109024306209364,-189.96143521013175,-0.04466907569884774,-7.6954183203398205,-0.053643962220309406,-4.61195497184562,-0.6907029884685321,-0.14348221920713627,1.07201698530717,199.000405028241,-0.2371609341875293,-177.62241325097096,1.0480633648084656,-12.339021959160789,-0.10878929913574871,-4.40448489701978,0.055145336915439304,-0.20747007482583957,-0.008424115193526321,1.0428690294584646,-0.6822788732750057,-1.186351248665601,8.08101406462083,113.502053007483,121.583067072104
1534,0.767000913619995,0.040194961074673866,37.567485756965695,0.09049489912250827,-37.70644478931233,0.8960890313531295,-205.4984320819073,-0.04776292654966644,-5.381210248724882,-0.019650900990277654,4.890698380131195,-0.8990224626411464,1.273630663580463,1.27424069828665,212.408088457867,-0.23891921715332082,-192.26899413636613,1.1350082485064503,-13.229437945541179,-0.10584198851818775,5.170285893453306,0.0861910875279101,-0.2795875133221104,-0.006143662600794886,2.2071377264179235,-0.8928788000403515,-0.9335070628374604,8.42918920993543,113.379620194435,121.808809404371
1535,0.76751321554184,0.04191732542069758,36.20748510009106,0.09290183141927692,-28.40622346190588,0.8856872441663675,-197.16879310494673,-0.0482812083908266,-10.937826872554526,-0.028519444983233617,-10.85306948590493,-0.7537129766295231,-6.917888071253328,1.16878457890925,203.171629004713,-0.24304899017639348,-182.87848507083353,1.128736234342761,-14.290308034113195,-0.10983679441267792,-10.456150765434145,0.0813173494294443,-0.3969187204707847,-0.008009031836064922,-5.472338521214619,-0.7457039447934581,-1.4455495500387094,8.66478250434739,113.256490036845,121.921272541193
1536,0.768014669418335,0.04124713810923791,31.48056945200743,0.09263528249278379,-42.86306985378321,0.8897556836501608,-173.54463998402125,-0.04922975295136749,-20.69670088427309,0.08134719275536942,-1.3043556975677575,-0.575936371648711,-1.5581663947262645,1.068967463062,182.697820817023,-0.24274652062301139,-160.11488787862922,1.1325022042731723,-13.429752105392026,-0.11189728390159456,-1.1850058774144618,0.19324447665696398,-0.11934982015329565,-0.009625269802347795,-0.415372584558823,-0.5663111018463632,-1.1427938101674415,8.5889466010849,113.155076399446,121.74402300053
1537,0.768508434295654,0.041351879835451945,30.858702179189063,0.09283274516826298,-37.72297086978639,0.9293352741176718,-190.49541737825237,-0.04534569808109805,-9.433793732755033,0.08380698263662684,-18.000560221270185,-0.6766274840353926,-15.285671159725588,1.15797087315958,198.268642121784,-0.24292795886223761,-176.525329320342,1.1722632329799094,-13.970088057910374,-0.11513020027246862,-17.735818871001182,0.19893718290909546,-0.26474135026900214,-0.011898018920418814,-14.43422082182875,-0.6647294651149738,-0.8514503378968374,8.53696981278335,113.182601973414,121.719571786198
1538,0.769013106822968,0.04225296094693921,41.359012420710805,0.09347478251299655,-19.018873465244464,0.9554322035409829,-201.3554292669186,-0.04532120326699747,-8.869879887179902,0.3017859569135134,-7.72761944974972,-0.6797858234056494,-5.916307313075063,1.2159815311907,206.856684483157,-0.2448419943063462,-187.24063815918552,1.200274197847329,-14.114791107733083,-0.10856858090291335,-7.695079231914854,0.4103545378164267,-0.032540217834865715,-0.01045013656752353,-4.843855497757923,-0.6693356868381258,-1.07245181531714,8.64229288915521,113.167522102594,121.80981499175
1539,0.769512474536896,0.04321954787058588,45.75993052727702,0.09079839175378732,-47.24352787441017,1.0289841691012591,-196.58578883872946,-0.04940116900098896,-13.205741965557188,0.41174468740900055,-6.583064142328539,-0.5540962614303713,-17.804616633941123,1.24415333764112,208.582423202607,-0.24314597651792774,-182.50008571059973,1.272130145619187,-14.085703128129722,-0.10682743715547298,-6.462176920825615,0.5185721245644735,-0.12088722150292419,-0.014777016823658423,-16.148635197090506,-0.5393192446067129,-1.6559814368506167,8.99938240060055,113.025315314531,122.024697715132
1540,0.770009696483612,0.0416125062513505,32.5015442433096,0.09168744072830097,-31.862942929887225,1.0274648396324952,-190.6532035208072,-0.05358387258657781,-6.270521404690367,0.4799061024333992,-19.6492088686978,-0.41834797110169125,-14.462138848117206,1.21409155652444,197.622887922968,-0.24225569610978998,-176.57689236574598,1.2697205357422852,-14.076311155061234,-0.10863184484742297,-19.243588738552766,0.5885379472808222,-0.40562013014503506,-0.020084347077564547,-13.450908946490557,-0.3982636240241267,-1.011229901626649,8.89190626514755,113.045138657093,121.937044922241
1541,0.770507037639618,0.043877175131822245,35.35097431212097,0.09179539678740861,-37.19932662636904,1.0371263089838492,-182.1868344817417,-0.052948366859885944,-2.0337949686149184,0.3839358521182612,-18.853733303232673,-0.4640354891534251,-5.040391176319788,1.20479117918589,190.290643672786,-0.24552107349234872,-168.39926062068562,1.282647382476198,-13.787573861056075,-0.11184150562219095,-18.435120615030236,0.4957773577404522,-0.4186126882024368,-0.01907655830623599,-4.306609239963118,-0.44495893084718907,-0.73378193635667,8.87619859814367,112.843702897429,121.719901495573
1542,0.771012663841248,0.04321887367096169,39.838609323849596,0.09277991647737832,-26.21880080342108,1.0578908559256401,-191.42329859862556,-0.05404374599805174,-2.4987613920260303,0.4382299509983885,-10.101329217683952,-0.33238597972348877,-10.262284341689384,1.19793810480522,197.81560781489,-0.2454918789380027,-177.7798040884211,1.3033827348636429,-13.643494510204476,-0.11482667656037683,-10.034028493164346,0.5530566275587654,-0.06730072451960645,-0.016094019450761696,-9.607916670181822,-0.31629196027272705,-0.6543676715075613,9.07990553736454,112.865559622645,121.94546516001
1543,0.771504580974579,0.0435247232872067,44.183892256748294,0.09154641275906739,-42.92283021592167,1.04819582026174,-193.73680655409336,-0.05629975241283862,-1.449532856847401,0.34854505278340886,-9.879484586865098,-0.3080871608986001,-0.4391495127769577,1.1526320486142,203.53976052845,-0.24422402592205839,-179.56019608487802,1.2924198461837983,-14.176610469215348,-0.11421599494886522,-9.579841866868172,0.4627610477322741,-0.2996427199969265,-0.008822443544962599,0.6215761552417254,-0.2992647173536375,-1.0607256680186832,9.00595296392567,112.954507946968,121.960460910894
1544,0.772013068199158,0.04201527730023371,24.736502977967923,0.09258005103371655,-42.64903466693651,1.0456000365680767,-183.43651730191945,-0.052220729966595984,0.09924018021742326,0.34160560025923925,-13.04704223490869,-0.3589356729834846,-15.40766463769462,1.1627003027238,191.016810534409,-0.24508880767976357,-169.14434302888614,1.2906888442478401,-14.29217427303331,-0.1125451464932587,-12.343337710668093,0.45415074675249795,-0.7037045242405959,-0.012521697055053436,-14.31926601706976,-0.34641397592843115,-1.0883986206248597,8.98732231435861,112.805251196027,121.792573510385
1545,0.772520780563354,0.04310673559671071,30.10024070222623,0.09211824185436042,-45.509337102134076,1.0249252468264756,-192.33884786169605,-0.05319916961943657,1.1638085416419646,0.4153050696761311,-11.834156934714184,-0.313987647375651,-6.3629597910640765,1.15529754521069,200.382747831624,-0.24729046234213695,-178.81172439139715,1.2722157091686126,-13.527123470298903,-0.1139199066340372,-11.736488854364092,0.5292249763101683,-0.09766808035009156,-0.013385599692137025,-5.481933465468203,-0.30060204768351395,-0.8810263255958732,9.05019981896476,112.613692030311,121.663891849275
1546,0.773015916347504,0.04258528300919632,34.62221651713961,0.09162470848238725,-39.23864250594643,0.9393772276514191,-175.59694283806058,-0.05777471270917225,9.00101239876355,0.533712809483805,-12.686920633614223,-0.3257956992791851,-8.684698395967338,1.1344462470598,184.092518701705,-0.24486264340383138,-162.39805223258995,1.1842398710552504,-13.198890605470638,-0.11049194417057097,-12.419609691548171,0.6442047536543759,-0.267310942066052,-0.016587888668351328,-7.988755034426002,-0.3092078106108338,-0.6959433615413362,8.89745851952466,112.831960037351,121.729418556875
1547,0.77350264787674,0.044310809290040026,37.58275670598566,0.09363166906304961,-36.400289918513415,0.8922075932235323,-200.17701845242544,-0.057482574518223695,3.880309071768086,0.5244782059243125,-14.044187379408461,-0.3368006581150067,-4.595036154887471,1.09479726198357,207.464921804099,-0.24998027880942428,-185.74248289332158,1.1421878720329566,-14.434535559103864,-0.11459312106523323,-13.654229593773831,0.6390713269895457,-0.3899577856346301,-0.01385373836029474,-3.884829557408466,-0.32294691975471196,-0.7102065974790053,8.78155960571894,112.74339184165,121.524951447369
1548,0.774018526077271,0.04483797508357589,37.82030954682179,0.09355398809392745,-51.15472156237406,0.9019110143699196,-191.82282964909695,-0.0601996430916149,4.934542810340849,0.49750997064752706,-19.43115287676037,-0.2896466788496427,-8.01535411284001,1.07668084269682,203.247004020599,-0.24898771681191656,-178.8273991404024,1.1508987311818362,-12.99543050869454,-0.11976025503805887,-19.472027104192556,0.617270225685586,0.04087422743218738,-0.011185145312079113,-7.361380316292761,-0.2784615335375636,-0.6539737965472483,8.45524670994928,113.053346306086,121.508593016035
1549,0.774516403675079,0.04451768577176897,40.12961138705702,0.09481110261935907,-41.91714983117695,0.9350037532692512,-196.6743406996991,-0.06317882016350473,15.858417531883045,0.529337925725547,-13.173656080615288,-0.11133037356315204,-2.793795848715742,1.08710056717874,206.109362635706,-0.24907186287940197,-183.2844342554087,1.1840756161486532,-13.389906444290375,-0.1168848313108998,-12.953912542657411,0.6462227570364468,-0.2197435379578767,-0.008746295515582371,-1.9562070194033132,-0.10258407804756967,-0.8375888293124287,8.45494025117478,113.15986764431,121.614807895485
1550,0.775004327297211,0.04546715735614627,33.92750369100865,0.09524774035009359,-48.37882154339475,0.9535819995131758,-180.8204465588451,-0.06278507121028964,24.54636707332407,0.49660287720315055,-11.285891710372649,-0.16929508083428702,-9.812306761178336,1.09529686909231,192.389699897222,-0.2524188176820198,-168.90593261688227,1.2060008171951955,-11.914513941962838,-0.11473816327310832,-10.722044512253973,0.6113410404762589,-0.5638471981186761,-0.01065018204717732,-9.196549334085569,-0.1586448987871097,-0.6157574270927668,8.38878878081596,112.912268683314,121.30105746413
1551,0.775513231754303,0.04495538282439777,40.873444632960876,0.09372726255181284,-38.49559077383691,0.9593293766172788,-180.0719546861365,-0.06517088303775237,18.42208072531941,0.27986384113438323,-11.608751488177248,-0.15755896363052976,-8.10358000054711,1.01907530615847,190.048051891794,-0.2507439590251424,-168.64667826916173,1.2100733356424211,-11.425276416974782,-0.11603019984072822,-11.399455268192396,0.39589404097511144,-0.20929621998485182,-0.015154620359955429,-7.202546701751632,-0.14240434327057433,-0.9010332987954781,8.38312683504773,112.840993180871,121.224120015919
1552,0.776017606258392,0.04461794112159681,43.816419861326565,0.09296890161338389,-34.392699378876955,0.9603393463024067,-172.27555813993823,-0.05952071310134708,31.919920118919293,0.47875843009693586,-24.804485026154193,0.0718313534695144,-5.14069945744866,1.08203407081843,185.586031050777,-0.24783411763668486,-160.47883979874172,1.2081734639390915,-11.79671834119651,-0.12172460113803028,-24.34202405168045,0.6004830312349662,-0.4624609744737427,-0.01981861585714475,-4.41849026857981,0.09164996932665914,-0.7222091888688498,8.30441178391811,112.986659780145,121.291071564063
1553,0.776503026485443,0.0444646414384219,28.79811563891956,0.09324650404489812,-45.46821272531703,1.0492819423602906,-172.62223005210285,-0.06079509441422917,23.285306684884077,0.6015480889052982,-6.2892089682887695,0.04969074880806729,-4.114861525636391,1.21642506004512,182.465930746481,-0.2484177536573273,-160.6596067465393,1.297699696017618,-11.96262330556354,-0.11865897280506464,-5.934124960246903,0.7202070617103629,-0.35508400804186646,-0.017845879311370706,-3.4370827930771455,0.06753662811943799,-0.6777787325592453,8.50049662253878,112.992950320244,121.493446942783
1554,0.777000546455383,0.0471184841827892,49.98300314041697,0.09367620147635045,-48.93265479582473,1.1044534224952673,-170.40076891450244,-0.06196186537490018,28.620808722956518,0.5970194884288674,-17.06558710527235,0.10416805085639186,-5.469364756326152,1.26567581547569,187.268326902863,-0.25256273348544733,-158.52636056788694,1.3570161559807148,-11.874408346615496,-0.12054385834802923,-17.50376426964376,0.7175633467768967,0.4381771643714103,-0.015544443357831485,-4.38700759229165,0.11971249421422334,-1.0823571640345016,8.63577398120833,112.80167336762,121.437447348828
1555,0.77750301361084,0.04621591404328516,34.098922736010365,0.09733180772948428,-37.499017560649,1.0980389546696,-172.8167762260085,-0.061975835723847066,39.95095898995558,0.6177841309132506,-9.706270974145433,0.13363139508293723,0.48325088444158243,1.27304930142252,184.729735957096,-0.25451053324397954,-159.9933165517876,1.3525494879135795,-12.823459674220913,-0.11892365871038278,-9.9414835665199,0.7367077896236334,0.23521259237446657,-0.014067871601642922,1.5776732980676007,0.14769926668458014,-1.0944224136260183,8.73493933898681,112.838916093111,121.573855432098
1556,0.778001189231873,0.0470754708667335,45.93884433203212,0.09431741159956776,-62.78742817234882,1.0261488416754982,-170.7915749629189,-0.06410679457108853,38.88046552586941,0.5608117210486845,-18.693581256723242,0.024744752070530757,-8.537974484831604,1.17614841312265,192.760053489795,-0.24879897155567102,-157.4173958610951,1.2749478132311693,-13.374179101823813,-0.12141501454005783,-18.55226471392519,0.6822267355887424,-0.14131654279805161,-0.020719247284245557,-7.634364312386281,0.04546399935477631,-0.9036101724453234,8.56986644553308,113.367079138756,121.936945584289
1557,0.778510808944702,0.04692075272317702,40.828993195775624,0.09832468073194339,-32.17134840962187,1.020478993419537,-190.40141744978692,-0.06272370189038667,37.90642797766804,0.4878375152225186,-12.055888489753457,0.01271875190359889,1.927199648804075,1.13812483786929,201.347108095825,-0.25215024067442127,-177.52817380946493,1.2726292340939582,-12.873243640321988,-0.11960881256643052,-11.571241394983632,0.6074463277889491,-0.4846470947698247,-0.01968688612080408,2.8707543728543787,0.032405638024402966,-0.9435547240503037,8.57047839000734,113.371861159801,121.942339549809
1558,0.77900505065918,0.04647116570510899,38.01962319865393,0.095502732585946,-48.50169313792293,1.1110681597467047,-170.7084829951069,-0.05996826226976549,42.92100427044131,0.5987521689087784,-19.09801329640542,0.07622114355320686,-13.187271372677861,1.27030028408778,187.936539814942,-0.25147066258193157,-156.97064301369363,1.3625388223286363,-13.73783998141326,-0.1203669088611458,-18.580230310757262,0.7191190777699241,-0.5177829856481573,-0.018784872982337025,-12.145957416961433,0.09500601653554389,-1.0413139557164275,8.86975945235463,112.966214329004,121.835973781359
1559,0.779508650302887,0.04550962532821698,23.77135846579345,0.09555485697661677,-42.31042910445821,1.218460667022025,-158.4113355749805,-0.06014098030396699,46.22708875179455,0.645413888740942,-24.121043913282108,0.06198292143648354,-2.0491488378282994,1.38559235044458,173.701953465855,-0.2515651022258205,-145.3088485644099,1.4700257692478456,-13.102487010570599,-0.1184318520625703,-23.778308466770902,0.7638457408035123,-0.342735446511206,-0.01619789961055581,-0.8501118424550961,0.07818082104703936,-1.1990369953732034,9.14898989673111,112.779527306557,121.928517203288
1560,0.780008256435394,0.046753286097246716,36.919378515032655,0.09593901561460307,-47.88786003653394,1.330928885657672,-178.09794898454422,-0.05932893075713134,54.18581617611006,0.849964983618458,-11.45825215101645,-0.3090277133315155,-10.421899902709965,1.61375970521177,196.344537219465,-0.25454415444761025,-164.98837423513353,1.5854730401052821,-13.109574749410683,-0.11548444551524736,-11.404293058614872,0.9654494291337054,-0.0539590924015787,-0.01703125550058026,-8.793038701627589,-0.29199645783093525,-1.6288612010823762,9.41464105472551,112.508496329188,121.923137383914
1561,0.780511498451233,0.047160100582357437,37.99641352571584,0.09714582923827375,-42.01266330949871,1.279077698211927,-175.75203047633934,-0.06164966195092812,45.65765049082473,1.0066949773984235,-17.36590320923137,-0.3112316219247966,-5.0875350005806625,1.66186693995406,191.074975312644,-0.25621341475049475,-162.7019797106389,1.5352911129624216,-13.050050765700433,-0.11821435942101613,-16.99373720456497,1.1249093368194396,-0.3721660046664006,-0.016856458404320037,-3.6491216362868375,-0.29437516352047655,-1.438413364293825,9.26245572731386,112.512016773224,121.774472500538
1562,0.781001567840576,0.047079092031382413,17.314799541506016,0.09576379520085512,-58.12460007232363,1.1925168800608485,-173.57434487159964,-0.062492307017516825,47.83648405379789,0.8910546897619838,-16.068357584833016,-0.262039143717533,-21.324706994486355,1.5165856111777,191.853040280417,-0.25290456988364535,-159.6442029334852,1.445421449944494,-13.930141938114446,-0.119971274098066,-15.3653703266503,1.0110259638600498,-0.7029872581827163,-0.024581801106694137,-20.251340616026287,-0.23745734261083887,-1.0733663784600687,9.17840741005784,112.745374068618,121.923781478676
1563,0.781518578529358,0.04992513842562195,25.28456024514759,0.09905292793440426,-53.68907887105081,1.071992489622224,-194.88673075749432,-0.061425451450213664,45.783879827093735,0.8071535931875848,-31.725830951943887,-0.22615795448108128,-24.56823221149824,1.3667074775687,212.623973337363,-0.2586033080768305,-181.19412447509112,1.3305957976990546,-13.692606282403204,-0.12268390152369428,-30.81633595253284,0.9298374947112791,-0.9094949994110486,-0.023874266830679114,-23.568514628418544,-0.20228368765040217,-0.9997175830796969,8.96765321301064,112.838613525033,121.806266738044
1564,0.782001435756683,0.04920287853019781,21.121869633001452,0.09929103192331677,-57.29701081807588,0.9620516143643006,-179.69613795751505,-0.058388165319774935,51.65214514503471,0.8150048076210951,-22.14833677286581,-0.47885082890721,-21.572254334268678,1.35453426372943,199.107101579218,-0.25660904898798426,-166.52560533184482,1.218660663352285,-13.170532625670234,-0.11781131290271679,-20.946653446084422,0.9328161205238119,-1.2016833267813887,-0.019897091378834608,-20.52935428559877,-0.45895373752837537,-1.0429000486699067,8.63440297402121,113.08291631937,121.717319293391
1565,0.782502830028534,0.049940009467448775,31.784781179256917,0.09829726115054319,-59.06804561165277,0.9745922499900653,-188.10916367621377,-0.05957569749480743,52.72293328398103,0.8121054975869312,-17.60542912972282,-0.5389413070985108,-10.792575655709504,1.38401905524309,207.582519264391,-0.2573645449439188,-175.70661649438694,1.2319567949339842,-12.402547181826833,-0.11791267301745183,-17.306230640015976,0.930018170604383,-0.2991984897068427,-0.01951218702463637,-10.10980121388281,-0.5194291200738744,-0.6827744418266946,8.58538669362315,113.015971794724,121.601358488348
1566,0.783001065254211,0.04977747372390073,21.10553231437594,0.09813914200005246,-67.3620662000021,1.0280678313700795,-181.2995785341685,-0.06266389925310688,48.296194821255845,0.8571808071604723,-14.714216304803264,-0.6935840540730995,-6.784755587300361,1.51287048172644,201.116116056696,-0.25966918361970365,-167.0612522559681,1.287737014989783,-14.23832627820039,-0.11767051874574633,-14.434392935157756,0.9748513259062186,-0.27982336964550747,-0.025241733643869994,-5.838342041669556,-0.6683423204292296,-0.9464135456308052,8.73587140985728,112.605779200792,121.34165061065
1567,0.783508062362671,0.04900947248626214,10.866018474475485,0.10076273560232266,-58.22798117243042,1.0515014627539807,-185.09572575224976,-0.06469685210733295,42.84196968044986,0.8654582278612872,-19.344794248005996,-0.7484045966545804,-27.345885213181763,1.5593342972539,201.807950064777,-0.2621916544139777,-171.53128199947307,1.3136931171679584,-13.564443752776697,-0.1197425405015777,-18.876311039978283,0.985200768362865,-0.46848320802771326,-0.031078414272026813,-26.746974042055903,-0.7173261823825535,-0.5989111711258595,8.76400258114518,112.527349293232,121.291351874377
1568,0.784006536006927,0.05039961357520012,17.121638549504095,0.09768685622006626,-65.32746621357812,1.0841883625066562,-181.99241262470443,-0.06251616613720136,55.348388528757674,0.9727502451970882,-28.837580478970867,-0.6593992150205503,-13.946144789053381,1.60390332740186,204.381045394516,-0.2608880135540544,-167.93795795701243,1.3450763760607105,-14.054454667692,-0.11900628036421132,-28.594887856637495,1.0917565255612995,-0.2426926223333723,-0.027247767472140354,-13.381867490192153,-0.63215144754841,-0.5642772988612279,8.80617982449985,112.463652744889,121.269832569389
1569,0.784509301185608,0.05020274159587924,6.607639892158279,0.09765588088652206,-72.42325523472539,1.1494225446591244,-183.9530544770974,-0.05910576909916516,57.97435666440469,0.9762897125842248,-10.867358640979509,-0.7728583620194278,-16.749356286683827,1.69916871295586,207.092205323363,-0.2620087131280426,-170.78447959743133,1.411431257787167,-13.168574879666068,-0.11749229318904635,-10.831114228298773,1.0937820057732712,-0.03624441268073575,-0.026966607668120292,-16.0172765035049,-0.7458917543513075,-0.7320797831789285,8.89063831450767,112.393931373954,121.284569688461
1570,0.785027801990509,0.050881431165992023,-4.227795005993977,0.10033383825081343,-72.97661036987942,1.1929495352522126,-196.75723626285327,-0.05994899921219845,57.60130552653551,0.8390966225026703,-25.034630493566635,-0.9311071049137462,-22.304760448250992,1.7350567304895,220.224920012361,-0.2680959352068201,-182.41208971939912,1.4610454704590328,-14.345146543454149,-0.12127647972625101,-25.25841923250265,0.9603731022289212,0.22378873893601536,-0.029139492056467892,-20.764579509517784,-0.9019676128572782,-1.540180938733208,9.24783474495052,111.960929349065,121.208764094015
1571,0.785505950450897,0.050533589781518846,1.8868928592873988,0.10080068051741053,-55.846738092418335,1.1304167546744428,-185.95252079609216,-0.06320124586556018,54.32651900252557,0.6885545724761402,-7.526288995759324,-1.2864195871117947,-11.159632767970141,1.85027933323575,202.07254045798,-0.26691675775961704,-171.788048450247,1.3973335124340598,-14.164472345845155,-0.11574262414523205,-7.904236352168008,0.8042971966213722,0.3779473564086837,-0.03122958095577872,-9.71973118774169,-1.255190006156016,-1.439901580228451,9.06485322407389,112.095679357648,121.160532581722
1572,0.786009609699249,0.05086351486292612,6.876397615083771,0.09753174385566671,-56.847967742541584,1.0670040211429148,-178.46397860648958,-0.06354693281106746,49.89460350116343,0.6343255961074917,-29.012325899478846,-1.1653746893783345,-8.393658132146076,1.70736711357849,196.290621146683,-0.2634986068188427,-164.77369383851988,1.3305026279617576,-13.6902847679697,-0.11619411465150792,-29.191910689991733,0.7505197107589996,0.17958479051288734,-0.033068408942872066,-6.944022458202214,-1.1323062804354624,-1.4496356739438614,8.84028891974958,112.202418759465,121.042707679215
1573,0.786500453948975,0.04938885752881662,-3.359295605096425,0.09709946685630229,-59.162974676388195,1.0438232422087264,-189.74088605420263,-0.06042799205736704,60.62185048083833,0.4030706408642148,-15.925415246246077,-1.1406390179458519,-21.313017684023823,1.60268817294512,209.513767111952,-0.26053096436640966,-176.73077116414973,1.3043542065751361,-13.010114890052904,-0.11408918388152403,-16.296319793749653,0.5171598247457388,0.37090454750357615,-0.03399507148272231,-19.65528574332334,-1.1066439464631295,-1.657731940700483,8.79521566708354,112.397406950593,121.192622617677
1574,0.78701239824295,0.048876630050139,1.9238581188712418,0.09810291291637357,-47.8141452838178,1.0733660434488992,-192.4841913877573,-0.0590888978737335,56.241878210809276,0.05499923775391306,-15.798272455605163,-1.2162038768705388,-12.921417202433418,1.62781941683875,207.170835189857,-0.26121733367083005,-179.65617742875148,1.3345833771197293,-12.82801395900583,-0.11331257254192655,-15.467481626726835,0.1683118102958396,-0.3307908288783281,-0.03152720102190942,-11.779224156389882,-1.1846766758486293,-1.1421930460435359,8.78727367351075,112.378056421876,121.165330095387
1575,0.787506461143494,0.04894678646044298,11.57389316729188,0.09790322466049986,-47.21126202558572,1.0445665887304338,-175.6679269028775,-0.05912978877308796,55.53804484152745,0.10243840919168806,-11.384270569049903,-1.2009125471124682,-1.6912917254668627,1.59977532578981,190.890060810825,-0.2616888582164272,-164.5565903202804,1.306255446946861,-11.11133658259709,-0.11071915026032542,-11.497646775203044,0.21315755945201348,0.11337620615314137,-0.03069196270367665,-0.6313003028214099,-1.1702205844087916,-1.0599914226454528,8.619339302752,112.307978853583,120.927318156335
1576,0.788013100624084,0.04893889093612225,5.147561960116515,0.09955821954994268,-54.23583531364275,1.0437868268571167,-174.25974925607343,-0.054899177609255306,59.84901214826765,0.2600167605258818,-11.884685540554942,-1.3110072677145936,-18.97279870872545,1.70034128500825,193.436295801627,-0.2632658932907956,-161.91488757128366,1.3070527201479123,-12.344861684789777,-0.1110509560666558,-11.338223816988828,0.37106771659253757,-0.5464617235661144,-0.030886310204492975,-17.217261023979642,-1.2801209575101007,-1.755537684745807,8.69116824506273,112.330438315868,121.021606560931
1577,0.788502514362335,0.049562356173129554,1.273796766282129,0.10010831352285528,-43.577720477642934,1.1132726724580442,-182.83041570421346,-0.0554386057738685,47.36903456759499,0.2032627524705002,-20.41261307916461,-1.2057714733901432,-20.364231145153646,1.65835104137247,195.966332071414,-0.26357946122936776,-169.25186025038636,1.376852133687412,-13.578555453827107,-0.11109918079906257,-19.88191042665469,0.3143619332695628,-0.5307026525099197,-0.030417129008020845,-18.773071460343214,-1.1753543443821224,-1.5911596848104317,8.86702877123753,112.370023682714,121.237052453951
1578,0.789006054401398,0.050927376828741315,0.09624334623182063,0.09831741677010603,-60.256856362669716,1.1974659026775394,-174.4251531365861,-0.05428433741291337,56.04955812343827,0.15400121562711255,-17.541526025635296,-1.2687210163688307,-6.23443352274889,1.75570518063406,193.76056954578,-0.2638136399584638,-160.9374701257037,1.4612795426360032,-13.487683010882392,-0.11096302890999926,-16.957804958023697,0.2649642445371118,-0.5837210676115987,-0.030601868726959726,-4.757332717603351,-1.238119147641871,-1.4771008051455388,9.07197956310119,112.259787797928,121.331767361029
1579,0.789519846439362,0.05230057447077936,-1.2204742840374507,0.09867881352372376,-51.47697731715225,1.1637561829788736,-179.63611382551937,-0.051643657510484955,50.08351844909665,0.12986197413064793,-8.108097821170421,-1.3785395413729793,-2.3494860945079528,1.81292685416841,193.649483079482,-0.26542068229863575,-166.55315067403816,1.4291768652775094,-13.08296315148121,-0.108478049977007,-8.048684746877845,0.23834002410765492,-0.059413074292576695,-0.03296083916812044,-1.0194203599153704,-1.3455787022048589,-1.3300657345925824,9.10088403974078,112.158599749207,121.259483788948
1580,0.790015995502472,0.051848357932877856,1.5953045616263317,0.09940779604123924,-65.71761348813955,1.158368733539951,-176.0054486745038,-0.04871406714234732,47.99034570513511,0.05035825313679021,-13.496374191651817,-1.4108238450286916,-25.492779905793302,1.83022436347983,196.046869158574,-0.26600606618037625,-163.55467646728076,1.4243747997203273,-12.450772207223054,-0.11001850792067099,-13.747352011651998,0.16037676105746118,0.25097782000018043,-0.03309726090784244,-24.073103519468717,-1.3777265841208493,-1.4196763863245856,8.79676582898901,112.303037196398,121.099803025387
1581,0.790512204170227,0.05039599731788873,-2.5193865373018483,0.10013976557014617,-49.2201826091969,1.025453046123287,-178.61999487206097,-0.04918747207462315,45.213881845369215,0.0939590567362662,-6.735928499064088,-1.2354536554608129,-9.327233881979673,1.61298329983326,191.077841177,-0.26361756211403803,-166.4734823094026,1.2890706082373249,-12.146512562658359,-0.10733822497042868,-6.73019696710848,0.20129728170669486,-0.005731531955608382,-0.031000774770313582,-8.388792971269785,-1.2044528806904993,-0.9384409107098879,8.47185990726302,112.669091582298,121.140951489561
1582,0.7910036444664,0.050264578731335656,-7.590160591428609,0.09727736753471598,-59.85584395334442,0.9519514594877918,-186.90277329807313,-0.050440448125290215,43.95578279145004,0.07595457171642393,-2.546820128534427,-0.86729943204321,-19.97032714274873,1.29565529209147,202.263171040717,-0.2599928529370344,-174.56312223589853,1.2119443124248261,-12.339651062174596,-0.10498026592281008,-2.5513671173024717,0.18093483763923401,0.004546988768044713,-0.03333034883349371,-19.093373669519284,-0.8339690832097163,-0.8769534732294453,8.48808634111629,112.716768778861,121.204855119977
1583,0.791504681110382,0.05060139478163695,-3.269311006079261,0.09780745710160459,-74.03564913853936,0.9808516676554049,-183.05953932016982,-0.05128455966069544,41.37550043285494,-0.06195498110923993,-2.176333654894565,-0.8605805378984339,-5.2296543063201035,1.31196958109337,201.858312740254,-0.261518107922661,-171.01623918824728,1.2423697755780658,-12.043300131922535,-0.1051691325529335,-2.2495301978592677,0.043214151443693574,0.0731965429647028,-0.027245974318907573,-4.327551568401739,-0.8333345635795264,-0.9021027379183648,8.52114303101553,112.717985540628,121.239128571644
1584,0.792012274265289,0.050125725527883906,-9.678399569425162,0.10103400666753559,-62.16661900266308,1.041241006388873,-175.14856640596707,-0.04653212920201939,38.71212493495898,-0.0883157059950065,-10.774143141776035,-0.9163124940106606,-22.964285995780646,1.3951690872085,191.774475515457,-0.26530630805554406,-164.07778087961302,1.306547314444417,-11.070785526354058,-0.10477482890235876,-10.710053385445535,0.016459122907352255,-0.06408975633049963,-0.03141215283651174,-22.173935031800283,-0.8849003411741488,-0.7903509639803623,8.52603634994011,112.534267857671,121.060304207611
1585,0.79250967502594,0.05056174727907646,-15.710893051554402,0.10047193133409005,-59.91346744315183,1.0446461663566668,-174.04853489298026,-0.044446665558667046,36.90636304048704,-0.18228464557278798,-3.6822961124723146,-1.1188651506405138,-3.67492901071563,1.54628559314452,188.463503842792,-0.26491245405633745,-163.15781394629641,1.3095586204130043,-10.890720946683842,-0.10086306125298981,-3.2783449074731092,-0.08142158431979817,-0.40395120499920534,-0.027985245820559442,-2.9322632630276066,-1.0908799048199544,-0.7426657476880232,8.47233497039997,112.590913429856,121.063248400256
1586,0.793011784553528,0.052220606360469914,-13.267079987894235,0.09802973974574039,-70.52090653319011,1.0889494064567402,-186.79676945412209,-0.04641405167284317,37.2160952280184,-0.28201890118628753,3.375369984215738,-1.025784590466894,-6.140755822445452,1.52711184341033,203.657522563707,-0.2646239777418828,-175.37028781526323,1.353573384198623,-11.42648163885886,-0.10213100095402881,3.5693230123540522,-0.1798879002322587,-0.1939530281383144,-0.03146162923961539,-5.149072869475075,-0.9943229612272787,-0.9916829529703763,8.64222986783716,112.52367092669,121.165900794527
1587,0.793502032756805,0.05319891341719025,2.2440135431439643,0.09636862721343381,-68.57843619981368,1.0369079141036157,-172.18810445387544,-0.047041011510185825,39.79899940191243,-0.11613510268137947,-17.118806175066034,-0.910072641019588,-17.204725246228083,1.38968611196974,191.127698863518,-0.2639074992895627,-160.9902472428944,1.3008154133931784,-11.197857210981027,-0.10520727866446512,-17.20495171378529,-0.010927824016914348,0.08614553871925779,-0.03683849694660995,-16.279401130185875,-0.8732341440729781,-0.9253241160422085,8.44740429950252,112.516168102622,120.963572402125
1588,0.794000089168549,0.05278788154024325,-11.916403662484933,0.09756896506688302,-52.989198171477966,0.9331946325758474,-187.86755304138697,-0.04731154235391832,34.954954168542095,-0.07755527135266863,-7.916993799540965,-0.8730255967927892,-5.563970559353894,1.28591810799133,198.895848787736,-0.26516900037779756,-175.54562418777073,1.1983636329536451,-12.321928853616242,-0.10176191981518579,-7.327012377355941,0.02420664846251716,-0.5899814221850237,-0.03404893171959332,-4.273930661761801,-0.8389766650731959,-1.2900398975920933,8.43953686806253,112.381147354841,120.820684222904
1589,0.794529318809509,0.051960588154007205,-6.783465233949419,0.09527893698971131,-75.03400037397535,0.8458440265450246,-184.2156825735239,-0.04593734639071438,35.66425302162093,-0.19620320746351144,-9.52297099474092,-0.8029761028221218,-17.998341235387645,1.18853130203327,203.219340925301,-0.26175752477999953,-171.94941142190814,1.1076015513250241,-12.266271151615769,-0.1012151726298762,-9.212181282573699,-0.09498803483363524,-0.31078971216722096,-0.03078663806775811,-16.699223406218255,-0.7721894647543637,-1.29911782916939,8.20086641958915,112.603319779038,120.804186198628
1590,0.795012950897217,0.052795142446839555,-6.706917012180101,0.09736300838431604,-73.05178094051435,0.912478985988646,-196.20474278285155,-0.04199545516204106,40.274245082069044,-0.14655892549551902,-7.9375396266985465,-0.911976863079901,-12.897425046209735,1.30377517924994,213.843890373218,-0.26911989917310924,-184.99812097626935,1.1815988851617552,-11.206621806582206,-0.10219036992697063,-7.808598940751215,-0.04436855556854839,-0.12894068594733188,-0.02923214037372445,-11.785670007007532,-0.8827447227061765,-1.1117550392022029,8.4805569902237,111.991024792194,120.471581782418
1591,0.79550576210022,0.05233401958799669,-17.52428967182006,0.09817933179695225,-63.4804995148748,0.8367120024542051,-188.94347081522073,-0.04428364395284366,28.247603398908723,-0.045339820265218024,5.363385694588718,-0.8752365951489108,-7.629438160722829,1.21758812566505,202.290412628482,-0.2687921136666841,-177.55767829333348,1.1055041161208892,-11.385792521887254,-0.10292590740662509,5.528724358212775,0.05758608714140707,-0.16533866362405725,-0.032731903844493766,-6.887439570138246,-0.8425046913044171,-0.7419985905845836,8.3033233923519,112.182833567262,120.486156959614
1592,0.796016752719879,0.05306137867773357,-21.436821687474108,0.09568873361386099,-74.68050367541252,0.787140315135215,-188.68707132973228,-0.044156649424791944,36.66030080499874,0.08906804853255104,-0.6048626151999987,-0.6486625912252365,-2.522700304124327,1.03063466057174,207.34086276223,-0.2656072527583251,-176.68110068516927,1.05274756789354,-12.005970644563007,-0.10155338851765723,-0.5008985079867434,0.1906214370502083,-0.10396410721325533,-0.03454601536635913,-1.6735183695394116,-0.6141165758588774,-0.8491819345849154,8.18818684127473,112.379989296198,120.568176137473
1593,0.79650890827179,0.055031142950089325,-6.12040360705074,0.0973222974637971,-74.42110344043054,0.7941724982763181,-185.41860944694835,-0.04322902848096928,37.54497360720069,0.12167855823138735,-13.186948121679187,-0.48623484354988944,-17.353535104954368,0.946735843208197,204.549960966539,-0.2694418145170272,-174.26050641175763,1.0636143127933453,-11.15810303519072,-0.10668177079145207,-12.78213791114726,0.22836032902283943,-0.40481021053192734,-0.037217874484741405,-16.317167641201383,-0.44901696906514804,-1.0363674637529847,8.14977768651443,112.281120806932,120.430898493447
1594,0.7970090508461,0.05591013512795472,-10.941704681923257,0.09767717782317369,-64.27965138244176,0.8593907357860081,-187.28923527968504,-0.041287648011203715,31.23659552795818,0.10845452365629989,-14.048769341952283,-0.31934513705476975,-13.088786025750338,0.930949827419654,201.676129660087,-0.27245394145810015,-175.27772810149062,1.1318446772441082,-12.011507178194421,-0.11038941888233873,-13.631280295105395,0.21884394253863862,-0.4174890468468888,-0.034594369821907466,-12.205449896331984,-0.2847507672328623,-0.8833361294183533,8.38602552628527,111.909974962473,120.296000488758
1595,0.797506034374237,0.05447809086921245,-19.86642766422088,0.09788379362597983,-73.4520954984669,0.882598480619747,-182.1513324613205,-0.03859176943682053,33.14535366078744,0.021509507024750074,-5.2876042013117415,-0.1154247078476199,-5.399535150366224,0.898222702994126,200.311560839649,-0.27145484935564185,-170.75384385840414,1.1540533299753888,-11.397488602916354,-0.11090825008174185,-4.88423581479281,0.13241775710649192,-0.40336838651893103,-0.02792407300184734,-4.884689242123329,-0.08750063484577257,-0.5148459082428944,8.26496260313434,111.986554279923,120.251516883058
1596,0.798004448413849,0.05378598560023071,-9.132712267825681,0.09892389687876176,-69.15519982284688,0.8484736806038798,-201.2886394736193,-0.03966362668975636,44.64042469886508,0.1895850020746524,-9.377625261296654,-0.17527841752910484,-11.301368999936686,0.894888069114512,218.154515862392,-0.2709754217374294,-189.10611463122305,1.1194491023413091,-12.182524842396248,-0.1138683756381627,-8.825803471269662,0.3034533777128151,-0.5518217900269917,-0.027993360887392803,-10.57344535660772,-0.14728505664171204,-0.7279236433289658,8.24668749990815,112.170053139329,120.416740639237
1597,0.798502445220947,0.05412716379835131,-11.89243225833395,0.09787117340409206,-75.84354433275996,0.8694726399167456,-190.82703470546534,-0.04445966303420233,35.27826699088171,0.5314018389976713,-1.2872609245681454,-0.24583192748310428,-11.40967508371668,1.05512515878706,209.009627014018,-0.2693287732790161,-178.73364055411727,1.1388014131957618,-12.093394151348065,-0.10889539279432452,-0.7236704863859895,0.6402972317919958,-0.5635904381821559,-0.03023631476198345,-10.407022975778133,-0.21559561272112082,-1.0026521079385464,8.24560627840401,112.201055720448,120.446661998853
1598,0.799002230167389,0.053626178760813784,-21.54934367659567,0.09709099306648132,-82.93332024103313,0.856016292633644,-183.96937541569952,-0.0445339290802188,32.438187190982475,0.3753771000661369,1.9213924028999714,-0.16882773671410406,-3.4917936472486386,0.957319363647661,205.560602426181,-0.2690105540989281,-172.75488265331234,1.1250268467325721,-11.21449276238718,-0.10778247916692806,2.226854261714387,0.48315957923306496,-0.30546185881441557,-0.03372320388037576,-2.6035104027392206,-0.1351045328337283,-0.888283244509418,8.11645174644582,112.135833784938,120.252285531384
1599,0.799500226974487,0.053313975465146976,-24.08656236341063,0.10015545920545867,-68.12041005345631,0.8460747912062243,-193.18394645701332,-0.04167583220964027,29.198162349128605,0.297706325723031,-15.387991972418813,-0.07838092022117442,-2.6736045174068024,0.9084192580102,208.894856479686,-0.27178563603984834,-182.77800653423654,1.1178604272460726,-10.405939922776781,-0.11051366866669951,-15.221634398416102,0.40821999438973056,-0.16635757400271167,-0.03330648813915079,-2.2589887851716255,-0.04507443208202363,-0.4146157322351769,8.02884344835002,112.174326092005,120.203169540355
1600,0.800009608268738,0.054721180636005014,-19.160337192552657,0.09945228474699927,-92.41290878873922,0.8306466017695008,-179.31624629833814,-0.0420955288579098,20.71449183941109,0.5214300398218289,-5.19146359815825,-0.059482516355250634,-6.555281833225573,0.989979005491121,203.864154782108,-0.27448983001031496,-168.48426390938812,1.1051364317798158,-10.831982388950024,-0.10764244907449116,-5.081867103748937,0.6290724888963201,-0.1095964944093124,-0.033408022445618364,-5.943458640105517,-0.02607449390963227,-0.6118231931200562,8.07451307126757,111.960988342762,120.03550141403
1601,0.800502598285675,0.05414256314122988,-32.10714871062476,0.10290555002588904,-75.71820378650393,0.9395389396567096,-189.56999594767709,-0.04065909627243474,23.299940471017486,0.49989269079601556,-5.192972026417285,-0.24301744348124704,11.302450788492912,1.09857076729632,208.323062393076,-0.2802994261725505,-177.9020745775733,1.2198383658292602,-11.667921370103784,-0.10684546336511024,-4.786174117771015,0.6067381541611258,-0.4067979086462703,-0.033448198616841625,11.857206808962554,-0.20956924486440542,-0.5547560204696413,8.4921160228987,111.422034561634,119.914150584533
1602,0.801000952720642,0.05396710811645362,-31.056275698293792,0.10193487018546137,-87.40536635922474,0.8728526063737492,-186.31727246245327,-0.04138491985534094,25.63617881494759,0.533124233931697,-11.324206497302864,-0.2590436338319971,-5.17409603905362,1.06217352800623,210.072699162299,-0.2778230759878267,-173.92526903601166,1.1506756823615758,-12.392003426441619,-0.11041877743131844,-10.988527617022816,0.6435430113630154,-0.33567888028004766,-0.035060317536746405,-4.096693770854517,-0.22398331629525067,-1.0774022681991031,8.48947901660722,111.580968633294,120.070447649901
1603,0.801508963108063,0.05338167099818769,-24.701839309796892,0.10086494248468139,-82.83385181108704,0.8107910524842503,-188.13293973846976,-0.03937855398561113,29.86041168763436,0.37255313311688204,5.367975906336615,0.0016499477842357654,-7.4755866426472375,0.900419180185767,209.384752627608,-0.27484006147349144,-176.55875587768068,1.0856311139577417,-11.574183860789077,-0.10411850148052268,5.709403290589301,0.4766716345974047,-0.34142738425268604,-0.03204602453073019,-6.628121074941788,0.033695972314965954,-0.8474655677054495,8.31491077983083,111.778881236911,120.093792016742
1604,0.802012324333191,0.05319191470868601,-21.656310402302726,0.0996886960276334,-94.19402171600832,0.8792398880898764,-193.50058139462712,-0.0367162094530826,17.941505748269353,0.44575687525927554,-7.408860768315536,0.028770043354085298,6.604074035749708,0.993330249205407,217.265706331222,-0.2745469824398765,-182.53600514030907,1.153786870529753,-10.964576254318047,-0.10519733288727237,-7.235114595150842,0.5509542081465479,-0.17374617316469454,-0.025644092531683448,7.409720214331718,0.054414135885768745,-0.8056461785820099,8.55480708467985,111.595811054111,120.15061813879
1605,0.802507936954498,0.05255388684859361,-34.837590584803834,0.09981635305167151,-97.47776159261791,0.8879757597560087,-188.29699083453727,-0.03507764302868004,24.3391020607938,0.5821500674565385,-9.486631853414599,0.08428409017225738,-12.297426929640276,1.07166184741734,216.80623437148,-0.2752517771334193,-176.81891422050597,1.163227536889428,-11.478076614031295,-0.1129011024603405,-9.140640012477084,0.695051169916879,-0.3459918409375149,-0.030400197686937424,-11.404912952921856,0.11468428785919481,-0.8925139767184191,8.74831029057623,111.393661275506,120.141971566082
1606,0.803004920482635,0.0512974526288664,-40.980907344439636,0.10164888857652533,-85.02170410990342,0.8183506439035042,-188.72003878274856,-0.037251152319206414,25.240325066140244,0.5092037088827333,-7.1718483333734495,-0.0945597855549666,1.695092384874918,0.975848000513182,212.637627739876,-0.2736360669501185,-177.07182840910198,1.0919867108536228,-11.648210373646577,-0.11328554703399395,-6.882169623946659,0.6224892559167272,-0.2896787094267905,-0.029879399936465267,2.4269849987285292,-0.06468038561850133,-0.7318926138536113,8.52997919438349,111.722718968987,120.252698163371
1607,0.803508400917053,0.05259919609433323,-32.15565961612074,0.10154897461113072,-92.51288275469264,0.762089563151123,-186.49476026949864,-0.037577766030652264,16.33204119313939,0.3857867917166778,-7.048271436201594,-0.0814177115326769,-2.6660814834456663,0.866447778491198,211.415319263194,-0.2742817987079621,-175.951948987617,1.036371361859085,-10.542811281881654,-0.10902398898112833,-6.7659145808556715,0.49481078069780615,-0.28235685534592214,-0.030868999288113694,-1.7606861835147605,-0.05054871224456321,-0.9053952999309058,8.42428064790147,111.814721718431,120.239002366332
1608,0.804004788398743,0.05193139663602038,-32.72677734087568,0.10004626136754038,-99.58539326643017,0.7859844615970593,-176.17528911624063,-0.035071393034168265,17.87094683330868,0.48971867590399876,-9.873322553951498,0.15548385172877333,-3.458717116331356,0.946418147823227,206.045725423761,-0.2723729229166502,-165.35265483240838,1.0583573845137095,-10.822634283832258,-0.10815596793154109,-9.604362119609107,0.5978746438355398,-0.26896043434239125,-0.028717639656868656,-2.3921572845338788,0.18420149138564199,-1.0665598317974774,8.40216209034406,111.848461523652,120.250623613996
1609,0.804517686367035,0.05240648734064842,-32.19105993300678,0.10005717274713817,-94.71396979749898,0.8537593575850796,-175.77707313254766,-0.03590098445400399,9.835368011411187,0.38682775336650554,-10.219327588924445,0.25740959511950096,-11.325867736035454,0.979207439471614,203.061626738586,-0.27385341826943954,-164.10963291493624,1.1276127758545191,-11.667440217611414,-0.10844165960458932,-10.206649314943501,0.49526941297109484,-0.0126782739809439,-0.03326590127402217,-10.424821415920071,0.29067549639352314,-0.9010463201153822,8.6318673284768,111.661675721407,120.293543049884
1610,0.805002450942993,0.051701537064810205,-37.25202178724065,0.10198838007785017,-89.07054084462673,0.8545137016755001,-169.37156355957416,-0.035570149019344535,15.90718809796117,0.3331882074704613,-5.276630058259987,0.2691966926646327,-3.811344414733481,0.963335259085407,195.712566587865,-0.27576074381576193,-158.84351386986867,1.130274445491262,-10.528049689705483,-0.10830222530317486,-5.239045933221321,0.44149043277363614,-0.03758412503866637,-0.03408282453999652,-2.9277214064458406,0.3032795172046292,-0.8836230082876404,8.62568214786006,111.580332919955,120.206015067815
1611,0.805500745773315,0.05303502056700618,-21.67863455572147,0.09939219625172455,-101.99326677527657,0.8234154876001945,-170.6796435846194,-0.03691860574946917,12.50691108187753,0.3776043547072416,-13.382550639581611,0.2103437652672486,-2.896737945824677,0.937495130138451,200.86820797484,-0.2736095367571347,-160.1960300494531,1.0970250243573292,-10.483613535166313,-0.11061047401519035,-13.382960012769015,0.48821482872243194,0.0004093731874039719,-0.03516864822170563,-1.7714614180428176,0.24551241348895422,-1.1252765277818595,8.50770986070711,111.703110650182,120.210820510889
1612,0.806004524230957,0.05206675264286794,-32.749149822207045,0.09879239840825012,-107.61802234877726,0.9066119085311789,-174.2352786398845,-0.037663744324209596,10.269152401546847,0.22028949720263674,-3.6586717244174687,0.19852285776509027,-5.055315904640605,0.9611313035554,207.741366751513,-0.2733206033030477,-162.93346735325252,1.1799325118342265,-11.301811286631988,-0.10973869127274787,-3.6880175753921725,0.3300281884753846,0.02934585097470377,-0.035114124942859155,-4.069831036547432,0.23363698270794941,-0.9854848680931729,8.7082974348159,111.542569383979,120.250866818795
1613,0.806500554084778,0.053231783320865866,-28.91971468575898,0.0988225362747427,-105.39970136601598,0.8513368954275704,-183.52831396885492,-0.036234020195920334,11.146205494550369,0.4181982779730796,-6.398818099718597,0.14056586298108725,-5.719142316512068,0.966092900140753,214.070036045772,-0.27500235623288144,-171.5554446345818,1.1263392516604518,-11.972869334273128,-0.10930245079689299,-6.136720972645435,0.5275007287699727,-0.26209712707316246,-0.03211189092896424,-4.520238624372111,0.1726777539100515,-1.1989036921399565,8.68404882137111,111.450232803822,120.134281625193
1614,0.807011127471924,0.0516073221976479,-33.83762882212826,0.09891890694036547,-104.90851241597528,0.8143982927403898,-177.5233952161094,-0.034083094574730265,18.89423882499795,0.31863081989982156,-7.998981450085222,0.11107788329765897,-12.606033480700916,0.889223480322501,210.345489601806,-0.2729535442044324,-165.40630116918751,1.0873518369448223,-12.117094046921892,-0.10956729531924438,-7.623567453976155,0.4281981152190659,-0.3754139961090672,-0.029204427551123548,-11.398838119202724,0.1402823108487825,-1.2071953614981918,8.61641554806556,111.582163646817,120.198579194883
1615,0.807505905628204,0.05132247675916416,-29.015093951229293,0.09884410997015991,-97.37474582311533,0.7800168028837978,-167.91538036957826,-0.0368101647085423,5.946092889770392,0.4145318034955957,-8.462449666408059,0.21285032063604226,-12.113754371768653,0.91614803978811,196.908618109429,-0.270960869482667,-156.72165415135746,1.0509776723664648,-11.193726218220803,-0.109166336053502,-8.031117924665585,0.5236981395490977,-0.4313317417424738,-0.02939582330416134,-10.830537641388853,0.2422461439402036,-1.2832167303798006,8.41126272003748,111.822248250246,120.233510970284
1616,0.808010041713715,0.05074214487347546,-33.1656762853139,0.10033350444597615,-91.97087318429772,0.8591134862046411,-166.55354765145557,-0.036160472537121915,8.51707780621271,0.35539121092990433,-4.675306251804044,0.23472662595637822,-13.58384007740185,0.966139038168245,193.849445826352,-0.27271591569028225,-155.48120001254844,1.1318294018949233,-11.072347638907132,-0.10831746523643444,-4.543564017361722,0.46370867616633876,-0.13174223444232247,-0.03399542033325221,-12.312961803326136,0.2687220462896304,-1.2708782740757147,8.60327253174228,111.592600986362,120.195873518104
1617,0.808509230613708,0.05043326143969587,-30.752564176520377,0.10059411668447028,-102.91054695008494,0.9178657471868339,-167.2492836252275,-0.03585506263495503,12.62167411129293,0.20122514601170657,-3.14193280932964,0.19528044704393246,-6.301411930703101,0.96698077433395,199.292523546717,-0.27412019133466187,-156.4330788285695,1.1919859385214957,-10.816204796657985,-0.1093733249164124,-3.0307103522296663,0.310598470928119,-0.11122245709997358,-0.03300998909598167,-5.261273919193668,0.22829043613991412,-1.0401380115094332,8.63883836268724,111.450769126415,120.089607489102
1618,0.809008061885834,0.050434617124389854,-28.82938370251152,0.10136592152287961,-99.61040051687766,0.8957609604599163,-173.98241479458156,-0.032930337209862284,13.323624434771887,0.27943985901911866,-12.84848474744942,0.11189899140071305,-10.240367620012616,0.952312356912696,203.64359447557,-0.27447140948279425,-163.2574949896352,1.1702323699427106,-10.724919804946353,-0.11280169412880402,-12.844108027082585,0.3922415531479227,-0.0043767203668352295,-0.032209261288136705,-9.025567044813817,0.14410825268884975,-1.2148005751987991,8.63999248368782,111.48821491003,120.128207393718
1619,0.809507787227631,0.05056479751834458,-30.46930914978557,0.09939109755638674,-108.6664370588586,0.8610371408761497,-172.26433388653805,-0.03375322685943263,3.6624887106151998,0.31794709203953403,-6.961274670295886,-0.033662920878497656,-14.46773400572262,0.92584187250934,206.598554129393,-0.27152664971400675,-160.59185920727512,1.1325637905901564,-11.672474679262933,-0.11494988692692583,-6.714979029379901,0.43289697896645984,-0.2462956409159851,-0.03595501956443909,-13.561067342338765,0.002292098685941435,-0.9066666633838558,8.57016505967476,111.6610391289,120.231204188574
1620,0.810007631778717,0.04919795399431115,-25.13827169690186,0.09842986497081935,-109.84131785745296,0.8183641709614122,-182.77420082219842,-0.033393753554804166,10.602696814308596,0.36882516839616547,-11.404376370451258,0.20966560711963242,-5.551590947415766,0.928943274767917,215.352625804621,-0.267378688954626,-171.30089833030385,1.0857428599160381,-11.473302491894572,-0.11537032191644857,-11.107393673374341,0.48419549031261405,-0.29698269707691693,-0.03448632020088558,-4.775469193297007,0.244151927320518,-0.7761217541187593,8.41265547226067,111.953858599067,120.366514071327
1621,0.810515761375427,0.04888191698069618,-21.60910869493738,0.09788349082439607,-100.47989778705843,0.7636935199966635,-167.645530958231,-0.033583749564378054,12.265736647357212,0.3889009514897739,-9.64472075144119,0.3538233613254919,-17.663186027439817,0.934216892050607,198.049601268647,-0.2655096037606648,-157.18009381520756,1.0292031237573283,-10.46543714302345,-0.113592372679013,-9.349568427524623,0.5024933241687869,-0.2951523239165663,-0.03630587025534581,-16.848279778103333,0.39012923158083773,-0.8149062493364845,8.16445533041951,112.107392072678,120.271847403097
1622,0.811011433601379,0.04932752689744177,-16.525329515488067,0.09736684324976665,-101.3982421708252,0.7543931994513856,-171.5180251744358,-0.0348916046602247,5.1206486445913235,0.5586621170754508,-1.8873889578959744,0.27959473856029055,-11.985198347164385,0.986162567437199,200.366043155291,-0.26604103888365427,-161.2158591067641,1.02043423833504,-10.302166067671692,-0.1082951351777598,-1.6614429680632004,0.6669572522532106,-0.22594598983277403,-0.031658019140679804,-11.018311650333905,0.31125275770097033,-0.9668866968304801,8.30437605058978,111.984672352672,120.289048403261
1623,0.811506986618042,0.049390934876590534,-27.452322925294222,0.0953796446751682,-109.78431206109893,0.819929654400848,-169.5745620823085,-0.03458213982617289,7.7382014847625324,0.5582602882916522,-15.013572638250858,0.35646666824371087,-12.83074226335204,1.0600661954234,204.96749104856,-0.26473293420972344,-158.66409746026625,1.0846625886105714,-10.910464622042241,-0.11033117113765616,-14.687267104739385,0.6685914594293083,-0.32630553351147285,-0.03187153969541947,-12.03262535817185,0.3883382079391303,-0.7981169051801889,8.49133845389588,111.857236355543,120.348574809439
1624,0.812018632888794,0.05022206689049958,-28.263986061719184,0.09531369392491858,-107.33342966326246,0.8242854474247222,-177.1666623820912,-0.03442306564368875,4.172847759481919,0.5283668572160131,-16.02401588160001,0.39535317498144235,-19.8777209419306,1.06193882653808,210.657660255278,-0.2666334626060554,-165.5917825720433,1.0909189100307777,-11.574879810047918,-0.11363701915994094,-15.599398485153788,0.642003876375954,-0.424617396446223,-0.034434985251717315,-19.084406660883488,0.4297881602331597,-0.7933142810471132,8.48818003196902,111.776334807277,120.264514839246
1625,0.812500417232513,0.05016245672609086,-30.19852855366829,0.09647224268725409,-111.28708701183372,0.8810808401001131,-176.44704963572806,-0.03366220651958976,4.055269005308259,0.5757027893054805,-10.58929130399538,0.3689694218097066,-12.779051169442214,1.12108514059276,211.476264940907,-0.26816335624448606,-165.442854376983,1.1492441963445992,-11.004195258745057,-0.11433307247091973,-10.13975798254391,0.6900358617764002,-0.44953332145146874,-0.035709545433310015,-11.85609844033926,0.4046789672430166,-0.9229527291029545,8.57580821082229,111.743541121483,120.319349332305
1626,0.813016355037689,0.049812050559029424,-30.043275773442065,0.09688687212674212,-104.78153235577689,0.8459617361026304,-168.3670281712071,-0.03447770278537103,4.680919332297407,0.5602362971103123,-5.017859964121318,0.19988257958417918,-15.973499400759566,1.04044511221478,201.324282501513,-0.2655610699910051,-157.66963534372763,1.1115228060936355,-10.697392827479462,-0.11175263522409103,-4.774027093182768,0.6719889323344034,-0.24383287093855,-0.0353299779440566,-14.817176678609282,0.23521255752823578,-1.1563227221502839,8.2503890397129,112.174957245588,120.425346285301
1627,0.813501358032227,0.050089383774912226,-29.320225356924034,0.09665256102919878,-103.89433479027478,0.8488753093601442,-172.20854927735587,-0.032232519952840544,3.729205340297051,0.6777160513246804,-22.962757706909613,0.10660024978167099,-21.045785147082487,1.0973338368887,205.654110455248,-0.26725661235672965,-161.587981193827,1.116131921716874,-10.620568083528866,-0.11217697205395637,-22.91407863414207,0.7898930233786368,-0.048679072767544795,-0.03650594197216832,-19.965013074299623,0.14310619175383932,-1.0807720727828638,8.33810644148616,111.884956821799,120.223063263285
1628,0.814002752304077,0.049843922664822266,-18.78892112480327,0.09791316431925277,-106.96336224477199,0.8981089881205843,-175.50285465017927,-0.03327499681518504,3.1888695375793596,0.5892999048319618,5.227991729474584,0.07088784294663432,-19.397162921412068,1.08262544235864,207.386564477917,-0.2689588651268371,-164.83411780847294,1.1670678532474215,-10.668736841706334,-0.10912295002768405,5.217404546552791,0.6984228548596458,0.010587182921793392,-0.03614003050693282,-18.510109334313135,0.10702787345356714,-0.8870535870989329,8.55776723218878,111.771524727345,120.329291959533
1629,0.814505517482758,0.04932405003056319,-21.682529434654178,0.09656870994998379,-110.15317414203219,0.9122509704303059,-182.47756944570529,-0.033997071501002146,4.400886127022271,0.4875051400238357,-6.438866916621721,-0.030178469716665365,-13.074718028021122,1.0410033684665,214.787551465272,-0.26565231930331684,-171.12655064639802,1.1779032897336228,-11.351018799307269,-0.11306119177920325,-6.260567178411025,0.600566331803039,-0.1782997382106961,-0.032606086824653574,-12.207744723863694,0.0024276171079882086,-0.8669733041574279,8.51091695990181,112.004391342402,120.515308302303
1630,0.815008521080017,0.047813814848701786,-22.968258784504073,0.09568381814255884,-103.1872727989352,0.9028623835042674,-176.0201665746886,-0.03365936539645981,2.610411417312655,0.5396162494687147,-8.077324850838057,-0.040559203311506496,-13.464815142784815,1.0585677758342,205.940797054877,-0.2623764948542798,-165.92267138739246,1.1652388783585472,-10.097495187296147,-0.11363689356380254,-8.131699392815952,0.6532531430325172,0.05437454197789471,-0.031014653464272974,-12.826616863369535,-0.009544549847233522,-0.6381982794152794,8.37587650292789,112.151409417391,120.527285920319
1631,0.815503776073456,0.04859137961832757,-24.015809819125177,0.0976942512205617,-97.13020365957078,0.8693337516870803,-168.10501027475647,-0.030660040742238995,7.880394599399575,0.3340603098722996,-12.737006379619675,0.001609300448836195,-20.620240288963252,0.938181954257979,197.281160590223,-0.2659056704536271,-158.7072350275653,1.1352394221407074,-9.397775247191163,-0.11587856404107844,-12.745641512062925,0.44993887391337806,0.008635132443249205,-0.03527645040814031,-19.839519847919757,0.0368857508569765,-0.7807204410434956,8.3177337806701,112.018410801888,120.336144582558
1632,0.81601345539093,0.049724824748398164,-25.488604213790364,0.0965838621569037,-105.2650417777342,0.8881973768517755,-162.92674065193063,-0.032713416891155776,3.813563477414321,0.19519542183462854,-1.3190629563075271,-0.07837320228310189,-15.501660310758083,0.919787671181658,196.295963918176,-0.26774758731640613,-153.25531053950996,1.1559449641681816,-9.671430112420666,-0.1123296200217502,-1.0836385224077756,0.30752504185637874,-0.23542443389975154,-0.03712557893811865,-14.63481786123693,-0.04124762334498324,-0.8668424495211529,8.34260700378582,111.84127625823,120.183883262016
1633,0.816510438919067,0.04951255174771657,-19.36963529932761,0.09600677229881309,-103.99956025722098,0.7841884492840536,-160.14020343175957,-0.03133080435050982,6.067604546887999,0.18338719797757658,-5.519642017725616,-0.03029974903184208,-22.13438446626618,0.813726536112129,193.373186634371,-0.26493590617933116,-150.2876368260453,1.049124355463385,-9.852566605714287,-0.11078680242286625,-5.159759137299078,0.29417400040044284,-0.3598828804265377,-0.03427954191572712,-21.15649702005148,0.003979792883885044,-0.9778874462147016,8.10825322807068,112.165352851152,120.273606079223
1634,0.817015111446381,0.04737115093138732,-26.53639970330186,0.0966960349706685,-89.59962512235774,0.7057837953244145,-168.49878122129144,-0.030765269849933143,5.104438741175845,0.23006312856553515,-8.902199087726862,0.04602474897004138,-17.94580228103741,0.752142763931293,193.782013786912,-0.2620070604258551,-158.56269576428377,0.9677908557502696,-9.936085457007664,-0.11100440669025226,-8.553952369459276,0.3410675352557874,-0.34824671826758546,-0.03274587562173864,-17.15764549588234,0.07877062459178003,-0.7881567851550706,7.92361880244061,112.417771488428,120.341390290869
1635,0.817502200603485,0.04817692988463783,-28.706004323097048,0.0956198486468338,-102.46207817013398,0.7238648953419138,-174.73572374558617,-0.031018836925883815,5.544362301258627,0.1553993830249043,-18.619948517086044,-0.12070462628354339,-20.39571840666574,0.758370161617477,206.51516425063,-0.26437015614276455,-164.24136195144504,0.9882350514846783,-10.494361794141128,-0.11181537915469146,-18.396676555749128,0.2672147621795958,-0.2232719613369163,-0.03661111502918373,-19.892619094799553,-0.08409351125435965,-0.5030993118661868,8.06780012073796,112.066745325923,120.134545446661
1636,0.818006455898285,0.04890042709416258,-25.613435183810882,0.09674636403936207,-97.29975572856357,0.7320238894557045,-172.06244102141207,-0.034171903921820214,1.0962506963174854,0.16226378125099114,12.236282597368627,-0.17387649123560156,-7.376328854506179,0.778036228839378,199.835213968314,-0.26597717149705113,-162.31060830447763,0.9980010609527556,-9.751832716934445,-0.10467965322780208,12.396914315711646,0.2669434344787932,-0.16063171834301926,-0.035775223077008984,-6.998760296900042,-0.13810126815859258,-0.3775685576061365,8.02399082265038,112.085600301623,120.109591124274
1637,0.818508565425873,0.04835835837188097,-35.61221344076745,0.09711954083060965,-101.7510798735434,0.7076903689137964,-162.46458962786397,-0.03417029475126576,8.627341697329593,0.3024484031949634,-7.944180381944392,-0.0038013627019675145,-16.830208627988892,0.777980391967484,196.053696302055,-0.2659355388595954,-151.9991539422724,0.9736259077733919,-10.465435685591586,-0.11038179769797246,-7.679157251466381,0.4128302008929359,-0.26502313047801085,-0.036495082379818446,-15.974291383499885,0.03269371967785093,-0.8559172444890066,8.1113160624991,112.087843850255,120.199159912754
1638,0.819009363651276,0.048224764254688385,-29.240181056272625,0.0975897970745541,-95.29986839473425,0.6483104491955226,-180.95131390011687,-0.033657041242913986,3.0047728787916532,0.2572332729185413,-4.789246250355428,-0.043792198436364886,-25.00310716367879,0.70807862888388,208.176732643141,-0.2656810883565882,-169.8172072054525,0.9139915375521108,-11.134106694664382,-0.10973658780260331,-4.652238198878419,0.3669698607211446,-0.13700805147700912,-0.0380439572115198,-24.2100694290934,-0.005748241224845088,-0.7930377345853898,8.13103440596751,112.138517096639,120.269551502606
1639,0.819510161876678,0.046115971932829465,-32.109410707877934,0.09728305491302673,-95.74531981383474,0.6235860971517254,-174.1302540411836,-0.03268254860675,6.478858749239417,0.20749489986287184,-3.5779366998102944,0.005123556839671195,-12.20682600145572,0.666782445396298,201.800172788474,-0.2608412090979548,-162.97453310358225,0.8844273062496801,-11.155720937601359,-0.10807939530968723,-3.392901892489639,0.3155742951725591,-0.18503480732065558,-0.03656614966856763,-11.468296882190563,0.041689706508238826,-0.7385291192651575,7.88896061055948,112.49657382071,120.38553443127
1640,0.820004940032959,0.045388618926528096,-32.68723304817358,0.09937865217477003,-89.96913203140411,0.6791229168279034,-167.87978178670667,-0.03160618323109406,6.487663260927267,0.39236215792596574,-1.7955343402933925,0.008759939352744404,-10.842006650717641,0.79257045726244,193.67339487382,-0.26341276118520507,-157.5299067445498,0.9425356780131084,-10.349875042156867,-0.10682795979588311,-1.4987604765914062,0.49919011772184885,-0.29677386370198633,-0.03554498264923825,-9.713945534525996,0.044304922001982654,-1.1280611161916454,8.0396568334254,112.258030459285,120.29768729271
1641,0.820506811141968,0.047223407760295676,-31.216313822561485,0.09932324071722942,-100.87977629461763,0.8026993072664527,-166.60140838489005,-0.033462887438496285,4.049219959915037,0.3257326566198225,-2.2215982697305683,0.014493821469108444,-16.36680831721036,0.873986803995471,197.980859896602,-0.2689485583337153,-155.9963214421771,1.071647865600168,-10.605086942712944,-0.10566959322079465,-2.077082112267474,0.43140224984061715,-0.14451615746309443,-0.03479478866741364,-15.434559926317398,0.04928861013652208,-0.932248390892962,8.5336689218675,111.653442755342,120.187111677209
1642,0.821014583110809,0.0470422769219818,-32.351744582763985,0.09877215604789072,-98.6428999291702,0.8586829938277137,-170.3763943098433,-0.03615780698958517,5.976743068077292,0.2657248349532104,-0.9394780262586135,-0.1903369370437771,-2.964069913968141,0.925986297435169,199.626056939284,-0.2685140500714724,-159.54115699174687,1.127197043899186,-10.835237318096432,-0.10245354994380274,-1.076281861872463,0.36817838489701316,0.13680383561384946,-0.0322786282556445,-1.9284237889867657,-0.1580583087881326,-1.0356461249813753,8.6870725799381,111.66873806715,120.355810647088
1643,0.821509301662445,0.0468106615892296,-43.709754442415004,0.09933263210846778,-92.54045240744168,0.8765438829767603,-178.13882538399,-0.03494159989812354,1.6032808822413112,0.18024627096994472,1.5889985682844412,-0.24273424362215168,-3.073323065969648,0.934353752736523,205.480558241122,-0.26746029207889727,-166.89694285664592,1.1440041750556575,-11.241882527344075,-0.09926666919913935,1.8558610801395568,0.27951294016908407,-0.26686251185511556,-0.03214489395969562,-2.5035141472128295,-0.21058934966245607,-0.5698089187568187,8.67516009273822,111.865248426795,120.540408519533
1644,0.822000861167908,0.04762950900869078,-25.904255624686414,0.09917424732240837,-95.35240064841582,0.8619847604707533,-179.9714296727917,-0.03601716599271429,-0.42631466744074614,0.09040581234063037,2.776505797757183,-0.12410501444611244,-5.113056964996985,0.883172876908017,205.394401938129,-0.26773051142655185,-168.5672569261569,1.1297152718973051,-11.4041727466348,-0.09706163633583517,3.1223387254583157,0.18746744867646553,-0.3458329277011325,-0.03128036700075811,-4.4666276115937,-0.09282464744535432,-0.6464293534032848,8.53230496597098,111.971430495381,120.503735461352
1645,0.822515666484833,0.045093338739072106,-38.05226187272607,0.0986210047082902,-92.34676948506534,0.847741914595602,-174.76991065280805,-0.0356777401903672,11.234520660138633,0.11991847659789116,-5.957462439676894,-0.27638777177794677,-3.2909834872500823,0.906900991340044,201.724957610717,-0.26498757391660305,-163.17593209478687,1.112729488512205,-11.593978558021178,-0.10064492793350499,-5.510943664795928,0.22056340453139617,-0.4465187748809658,-0.03049614000383741,-2.5699710433995984,-0.24589163177410936,-0.7210124438504839,8.50549854869314,111.983992308378,120.489490857071
1646,0.823020100593567,0.04590565056286359,-29.69175562427099,0.09819353637205834,-94.2947535221444,0.9405491032035437,-180.97485491385262,-0.03878958854274113,1.5757125687844769,0.18643688216702,1.3415644133970512,-0.37577090751021663,-7.628504102342824,1.03626687345412,206.367332068226,-0.2663971385597125,-169.5667058458838,1.2069462417632562,-11.408149067968822,-0.10132349006029479,1.832620001529061,0.28776037222731476,-0.4910555881320098,-0.031770758062105234,-6.785115750797317,-0.3440001494481114,-0.8433883515455074,8.69632771551551,111.758910730481,120.455238445997
1647,0.823514342308044,0.04569146757024052,-33.56339847642396,0.10030606865540637,-93.80700093291513,1.008611857868723,-179.3183016645859,-0.03740544608976073,9.194723500391882,0.19330391775142275,1.7004475554913963,-0.5395070298298844,-0.3915563934304832,1.16588177132259,205.350666499365,-0.2674905909407435,-167.4223364013889,1.2761024488094665,-11.895965263197013,-0.10062387477461876,1.9375550469171037,0.2939277925260415,-0.23710749142570742,-0.03164162198314243,0.4446884484832304,-0.507865407846742,-0.8362448419137136,8.82570654971096,111.814578995109,120.64028554482
1648,0.824014723300934,0.04566028747855494,-31.507314199533763,0.10072646567354554,-84.80401071194858,1.0069985918225361,-177.85315241409444,-0.036544488504297576,2.998086084591001,0.2757484230541124,-3.3318681234966823,-0.6244879248071333,-2.7003901579710776,1.22214348885844,199.608509029299,-0.26695874893395316,-165.4571432147206,1.2739573407564893,-12.39600919937385,-0.102603775077416,-3.3604518791058897,0.3783521981315284,0.02858375560920745,-0.033059330982727446,-1.8521430922442084,-0.5914285938244059,-0.8482470657268693,8.80515452632608,111.937033385038,120.742187911364
1649,0.824523746967316,0.046184627209977895,-26.548996974490052,0.10040087616877576,-85.47553147359191,1.0283686724569856,-187.54638649586008,-0.03499215510842468,4.691322716708655,0.2867361278062732,-1.3250017827823959,-0.6994538388856216,4.0977762360753225,1.28157450538672,207.906514369648,-0.2675563703825917,-175.7139596353306,1.2959250428395772,-11.832426860529466,-0.10120330784760248,-1.2498731468829607,0.3879394356538757,-0.07512863589943519,-0.03084996061206223,4.596307225733757,-0.6686038782735594,-0.4985309896584349,8.78456357581308,111.899647340178,120.684210915992
1650,0.825011253356934,0.045442912253751286,-28.1549760802303,0.10016534288631324,-80.50972570043866,0.9663811607749112,-181.74440517826665,-0.03605781903390087,7.2641397439462985,0.24909522728523464,-2.0841373855917467,-0.6649374004764492,-5.284841050866201,1.20477427230683,200.97409863919,-0.26526885814587203,-170.64315727120078,1.2316500189207833,-11.101247907065869,-0.10100604785267109,-1.9874472034573096,0.35010127513790573,-0.09669018213443703,-0.03299292791038547,-4.716335329136549,-0.6319444725660638,-0.5685057217296521,8.63760079821805,112.120834946632,120.75843574485
1651,0.825509488582611,0.04544768550707668,-28.56013610331602,0.09915127752736232,-86.90757068883401,0.9412115663551378,-177.48845360145825,-0.038155587715666225,9.662556880415352,0.17448569432445576,-0.09470532579736379,-0.6028157407124586,-7.168893583068311,1.13712954593682,200.038809706724,-0.2639955767201132,-165.83311936066096,1.205207143075251,-11.655334240797288,-0.09594726225624746,0.149862570124198,0.2704329565807032,-0.2445678959215618,-0.032027115137223845,-6.469336907893945,-0.5707886255752347,-0.6995566751743656,8.55597029973433,112.135699883103,120.691670182838
1652,0.82600063085556,0.04552130606409896,-29.73383063235433,0.09979445911604881,-78.51060551273673,0.9165814300410322,-179.7804453233429,-0.03866831529438674,8.218895835278472,0.06472656156017909,-3.95513510618033,-0.46416673859677776,0.30990156472187375,1.03599622049059,198.626065168066,-0.2651552520004461,-167.99009638016247,1.1817366820414783,-11.790348943180419,-0.09639706836187757,-3.9245917673655284,0.16112362992205664,-0.030543338814801757,-0.02941503579366199,1.0190831096228907,-0.43475170280311576,-0.709181544901017,8.59447786374767,112.051786676049,120.646264539797
1653,0.826512932777405,0.04593192678498337,-22.12879497385043,0.09980107093236323,-88.0436764787424,0.8712326265424795,-174.4556171604388,-0.037567530581132005,15.428501174351622,0.1093304861960544,0.7623467527777545,-0.4708634509158266,-11.930681877947134,1.00309179499372,197.628681837554,-0.2646937405140461,-161.50263405780075,1.1359263670565256,-12.952983102638058,-0.09658167997150201,0.9740287452269495,0.20591216616755642,-0.21168199244919494,-0.03337410829408147,-11.38835404672524,-0.4374893426217451,-0.5423278312218933,8.5437226327922,112.190812900662,120.734535533455
1654,0.82701301574707,0.04685301407524251,-13.42547062785431,0.10093539396173877,-77.52394035629636,0.8265456899000422,-185.99538166079586,-0.03833228180243524,7.858453534153163,0.24095548921333507,-12.098376237868774,-0.49928938906853737,-12.934179295262707,1.00218747837974,202.879041753146,-0.2664771857415545,-174.02098458452352,1.0930228756415967,-11.97439707627234,-0.10083043877699027,-12.041042083601582,0.34178592799032537,-0.057334154267191906,-0.03084145029484396,-12.183074242111088,-0.4684479387736934,-0.751105053151619,8.39410982995105,112.249940350652,120.644050180603
1655,0.827506542205811,0.04524342079085338,-18.904689250002917,0.1019519445696714,-67.9063384260601,0.8310537409208019,-180.59163157542417,-0.03591615520588054,11.149901831601047,0.41020854041236865,1.4957232459820797,-0.5301710259074675,-7.961729438707304,1.07412002121209,194.350050433967,-0.26622820479758963,-168.38382860835372,1.0972819457183915,-12.20780296707045,-0.09703044565722097,1.6052804618439325,0.5072389860695896,-0.10955721586185274,-0.032134830485769886,-7.072153131462708,-0.4980361954216976,-0.8895763072445959,8.31364705802116,112.2204439044,120.534090962421
1656,0.828004240989685,0.043738408242724604,-24.18292118912414,0.1006281861254605,-68.39456192121865,0.856691274441857,-184.90777836761316,-0.039464640109603204,2.490194846807144,0.436607518848629,-14.619535348256646,-0.48782990905195495,-11.234795624510083,1.08449095127765,199.498543341498,-0.26301460655134973,-173.68776826282544,1.1197058809932068,-11.220010104787718,-0.09902254412526965,-14.785222828592195,0.5356300629738986,0.16568748033554925,-0.038449678677065384,-10.59941848992407,-0.44938023037488956,-0.6353771345860135,8.35304577303759,112.230476930737,120.583522703775
1657,0.828505516052246,0.04467724322578006,-9.936640322076526,0.09906205164296283,-80.38189948585543,0.7874423471751887,-180.5976396555815,-0.0388000146999029,8.415059248007871,0.32668736844862706,-5.141878210235217,-0.34075591451020726,-8.477825868780885,0.925321277925148,198.354782397979,-0.26038935012113035,-168.50118039824784,1.047831697296319,-12.096459257333663,-0.09897200685046077,-5.233148604582028,0.4256593752990878,0.09127039434681095,-0.03589520110259904,-7.71277845690727,-0.30486071340760823,-0.7650474118736144,8.14680372242583,112.559947371483,120.706751093909
1658,0.829008221626282,0.0453600535112263,-23.724609691607792,0.0996216104549085,-76.49022395386913,0.862130827412923,-171.24512518677466,-0.035037055842383105,12.206083882559811,0.25228439543470355,-6.099640449480308,-0.3816016136116944,-11.371661170209823,0.982723952223038,189.878943384719,-0.26450800365030513,-160.7867607140037,1.1266388310632283,-10.458364472770967,-0.09884129972130214,-6.075567432228542,0.35112569515600567,-0.024073017251765805,-0.03182696482718377,-10.461387491852198,-0.34977464878451064,-0.9102736783576244,8.33138875510122,112.145739540458,120.477128295559
1659,0.829508364200592,0.044800169187159164,-20.335266310271898,0.09869634548583912,-82.79412987127095,0.856586071060938,-166.11848743472672,-0.035088362982064636,9.470977186737969,0.2690476107940902,-3.298512210700024,-0.2278167121132074,-21.41786727500958,0.933277014243849,188.210115283259,-0.26408488900482846,-156.008809156228,1.1206709600657665,-10.109678278498706,-0.09839183581921797,-3.107567593821583,0.36743944661330813,-0.19094461687844122,-0.03133498755828461,-20.325270184614826,-0.1964817245549228,-1.0925970903947544,8.3815045617921,111.99969124794,120.381195809732
1660,0.83001571893692,0.04431417188331967,-12.05457093165971,0.09941790443543468,-71.33411005999642,0.7848544471244467,-180.8029328786669,-0.03893348801324172,4.681744526444475,0.27154562038430696,1.6236642937108698,-0.17800297708514976,-17.00932077869046,0.8571943006186,195.543960496937,-0.26111700008692773,-169.3715573860109,1.0459714472113744,-11.431375492656002,-0.09362690092131519,1.8411750846415165,0.36517252130562217,-0.21751079093064662,-0.030687768282619994,-15.594074520023256,-0.14731520880252977,-1.415246258667203,8.15518858294217,112.48669834435,120.641886927292
1661,0.830507159233093,0.04439593336425343,-9.261909611826887,0.10054443956687159,-68.8972985071855,0.8147769941572766,-171.9224277976144,-0.040114893694760984,3.2950081158285958,0.19342233501327655,-1.4623206973289193,-0.2737414081963356,0.2937524641873997,0.88876177706656,185.480520923053,-0.26227615554489914,-160.75980419902652,1.0770531497021758,-11.162623598587885,-0.0925578699068138,-1.3091176986019004,0.28598020492009035,-0.15320299872701892,-0.029473669027275926,1.6286588721024733,-0.24426773916905964,-1.3349064079150736,8.20991517719813,112.446251243353,120.656166420551
1662,0.831009805202484,0.0436653083471072,-11.885097737202935,0.1020305851639733,-68.1921956708394,0.807479849684602,-178.98451170658157,-0.03789210002549339,8.202251552246297,0.25770814678730036,-4.966856389425602,-0.17410667533255753,-13.18268568993046,0.873214201481436,192.594434821973,-0.2642147673003595,-168.43542962621595,1.0716946169849615,-10.549082080365622,-0.09325995693378998,-5.0897922581197115,0.35096810372109033,0.12293586869410955,-0.03181204781106016,-11.959463415181505,-0.14229462752149735,-1.2232222747489558,8.20305332565113,112.309980839491,120.513034165142
1663,0.831502616405487,0.04374984089891423,-9.166621447541221,0.10104189604488686,-71.54097498056188,0.8253813572894477,-176.45597651221618,-0.03843652204294368,6.250314563841999,0.24524518783590127,1.6322164627789548,0.01157399522696732,-13.700522446503458,0.868984708752079,191.228357141003,-0.2620078030446447,-165.83417538002655,1.0873891603340924,-10.621801132189631,-0.09334644843343874,1.6510644163040422,0.33859163626934,-0.01884795352508739,-0.03166123758037919,-12.716365677908938,0.04323523280734651,-0.9841567685945201,8.0768878807794,112.527097836137,120.603985716916
1664,0.832023620605469,0.04404330841486897,-14.347043359276757,0.09993520492088105,-70.42285661871992,0.8755913526398719,-170.0143252531759,-0.03610911151761203,12.253041904883453,0.2557353560591741,2.931391166548302,0.06372957946038799,-17.372734820028153,0.921603480130109,185.824188909861,-0.2624917095619725,-159.5575046218944,1.1380830622018443,-10.456820631281516,-0.09689304607993073,2.6626042505764813,0.3526284021391048,0.2687869159718206,-0.033222743583914645,-16.548662081100964,0.09695232304430262,-0.8240727389271889,8.22612478495648,112.31397973001,120.540104514967
1665,0.832512676715851,0.0430899075595296,-5.843696137725074,0.10087737050872027,-61.999192976276156,0.8471198061736717,-182.75867038055895,-0.036318124223578434,12.35588496199532,0.2679581412351892,-1.2523107004697762,0.035314567296278805,-11.129755462602967,0.896667519368591,193.795995689981,-0.26225012341879916,-171.66958430772186,1.1093699295924708,-11.089086072837091,-0.10069917906042054,-1.3770341751976454,0.3686573202956097,0.12472347472786915,-0.03000590697049734,-10.045777714822224,0.06532047426677615,-1.083977747780743,8.23799742706615,112.363762617111,120.601760044177
1666,0.833006024360657,0.04192388893397529,-2.4814547118244072,0.0999049548704365,-59.910084556938536,0.737614111803256,-183.16071617165798,-0.03680351770403301,15.848019748758054,0.2765132463642247,4.6004574656135055,0.10220204705305644,-20.832193316398296,0.802541290622749,194.549551566799,-0.2567037724305801,-172.12758998711777,0.994317884233836,-11.033126184540208,-0.09789332004817844,4.423717461072054,0.3744065664124031,0.17674000454145133,-0.027250925992753434,-19.782367833446635,0.12945297304580988,-1.0498254829516611,7.83448271240923,112.929455980659,120.763938693068
1667,0.833519279956818,0.042772598930798184,3.608827471956092,0.09945957882618599,-61.77113957335601,0.7241512625236225,-169.4831489070385,-0.038057819568380294,13.818700099724701,0.32416249005132347,1.4818424797479919,-0.10915724199853938,-6.2167871014504055,0.809049921278925,181.066385214938,-0.2568418957272886,-158.55920614810663,0.980993158250911,-10.923942758931872,-0.09606272181187211,1.240662739791147,0.4202252118631956,0.24117973995684494,-0.020614812546105556,-5.4404765364261705,-0.08854242945243382,-0.776310565024235,7.86325566846926,112.914053425193,120.777309093662
1668,0.834007799625397,0.04354219219087101,10.785183346251463,0.101638117526424,-46.46924575205522,0.7656821260030265,-170.60099705037317,-0.03860236995330357,18.286832544033008,0.32455203235324986,10.980001435029271,-0.12724357901129815,-3.3939432981590314,0.849417706776741,178.45699398532,-0.2616492886040265,-159.47553730296192,1.027331414607053,-11.125459747411242,-0.09312210475443751,10.863303139116615,0.41767413710768736,0.11669829591265568,-0.020162480666827964,-2.750652212264407,-0.10708109834447019,-0.6432910858946244,8.15660820699122,112.545877829194,120.702486036185
1669,0.834510147571564,0.042571724796036714,6.297253485428062,0.10181463178502996,-54.038364152785604,0.799208609450109,-164.15554951032698,-0.039441702979512105,18.14904542367914,0.3829653464479345,6.642920459649314,-0.11872675522528596,-14.280782819556913,0.901791061907936,174.597541897844,-0.2601268934206396,-153.72677552116946,1.0593355028707485,-10.42877398915752,-0.09396257620219392,6.486209059059734,0.4769279226501284,0.15671140058958066,-0.02450638241723458,-13.486780779504256,-0.09422037280805137,-0.7940020400526571,8.08074447848776,112.63546025753,120.716204736018
1670,0.835014164447784,0.04260354045632416,1.9179727192858869,0.10247806331781086,-53.945070648550356,0.7796575906343579,-170.6123156670404,-0.0389509601236809,15.933701284622403,0.31896127706140054,5.970226806498974,-0.12776063127496876,-19.096388277884056,0.860092452133798,180.766451571931,-0.2596962186507429,-159.761911955588,1.039353809285101,-10.850403711452401,-0.09517426027674016,5.795064409905032,0.4141355373381407,0.17516239659394195,-0.024362515379907204,-18.327536188894875,-0.10339811589506155,-0.7688520889891812,7.99771294766106,112.813345119357,120.811058067018
1671,0.835517764091492,0.04294721432519088,9.346258598717316,0.10113030382044047,-57.36950951915657,0.7660087881381212,-162.9302807349464,-0.03861123564370477,15.674796814891435,0.39408697317255875,14.619092212949726,-0.06237381738982799,-17.90929280031254,0.871508535880151,175.228563406647,-0.258999150534891,-152.5814194420952,1.0250079386730122,-10.348861292851183,-0.09524973484755211,14.536917395526245,0.48933670802011087,0.0821748174234802,-0.024244208203411274,-17.497917130059207,-0.03812960918641671,-0.41137567025333155,7.98721371776628,112.764794707298,120.752008425065
1672,0.836004257202148,0.04170773953158663,10.240977618064164,0.10134430472266807,-49.12969756773971,0.7510590050117402,-158.2318862458461,-0.04063196419902722,19.102451566817326,0.37867295796419403,3.4821710336573446,-0.15417262264743925,-11.81605413844323,0.863083539309952,167.548747942091,-0.2563301427735025,-148.5011634892513,1.0073891477852426,-9.730722756594815,-0.0973831604167368,3.628916348545344,0.4760561183809308,-0.14674531488799936,-0.025940029898319568,-11.271011714299751,-0.1282325927491197,-0.5450424241434781,7.85005138244378,112.979935392737,120.829986775181
1673,0.836511015892029,0.04060911536834076,10.415064653295135,0.1000717833795743,-39.424896880079686,0.7532209270493095,-168.131034223709,-0.04514931677305974,13.369158078866256,0.30257435251323844,11.155660035005946,-0.3376023579500164,-7.773241171643367,0.886887974167019,174.05300098458,-0.2542717062535784,-158.01227596394833,1.007492633302888,-10.118758259760682,-0.09244387136153707,11.279047217827358,0.39501822387477553,-0.12338718282141237,-0.025740427932912657,-7.09864615071183,-0.3118619300171038,-0.6745950209315366,7.78048648510594,113.022502452135,120.802988937241
1674,0.837005794048309,0.041603034082939784,13.423320224329244,0.09735160892529468,-52.093159907185004,0.7618562947155555,-158.65926973230486,-0.04766596951747926,18.35285770090395,0.304435530258996,3.0382617461762895,-0.3277738940435102,-12.878110374233554,0.891079078619585,169.051917628838,-0.2518697567368393,-148.78236721184422,1.013726051452395,-9.876902520460646,-0.09746256335547833,2.9928917974158744,0.4018980936144743,0.04536994876041511,-0.024930141195792975,-12.129219868430422,-0.30284375284771725,-0.7488905058031321,7.7070107072168,113.123530209064,120.830540916281
1675,0.837507307529449,0.04285387131352897,15.911343118995521,0.09768624085014456,-49.98692470856283,0.722883951386689,-155.3004592922351,-0.048054431737585605,19.50228284849794,0.27283637607996203,8.233593307927798,-0.23807462225060835,-10.366189489347603,0.816926376971793,165.607020133934,-0.25288320617669463,-145.27926163329104,0.9757671575633837,-10.021197658944061,-0.0984967211997678,8.212045035000052,0.37133309727972985,0.021548272927745415,-0.022171810574173834,-9.615981179454263,-0.21590281167643452,-0.7502083098933401,7.64163122810714,113.200134888291,120.841766116399
1676,0.838007271289825,0.041299350743373715,8.826993872130847,0.09872681415681894,-50.69848450857517,0.6948364425842825,-159.65987401870854,-0.047693960105714,18.046161336294006,0.17156583573617623,5.729902242356994,-0.1854341167512662,-13.263237368731167,0.7485623979511,169.333802615239,-0.25119832474682946,-149.4989196766902,0.9460347673311119,-10.160954342018329,-0.0988867983820077,5.743732552994431,0.27045263411818393,-0.013830310637437115,-0.022405043843565547,-12.274991100553738,-0.16302907290770066,-0.9882462681774289,7.3823986596235,113.448875874281,120.831274533904
1677,0.83851557970047,0.04303703310195318,11.829198446725037,0.09977119292731612,-52.90173091026402,0.7282439695876465,-170.9064410449996,-0.04603141237825703,16.969232706906396,0.08660301257385755,10.381557298836926,-0.14787525717556224,-12.536243784324725,0.757384856459564,180.832584615417,-0.25624788266235554,-161.49817549071562,0.984491852250002,-9.408265554283986,-0.09899963959088771,9.968082935087875,0.18560265216474525,0.4134743637490512,-0.02382534667192871,-11.953174457073148,-0.12404991050363354,-0.583069327251577,7.50200883429352,113.089086711407,120.5910955457
1678,0.839010894298553,0.04366069638391013,17.598021709387897,0.09834513426654262,-61.52425753921547,0.7291588617254289,-166.58899003138174,-0.04503485641988324,23.11360685288985,0.4033455537923473,5.3983216619464605,-0.07031922898164017,-18.83733803051553,0.844340710552762,181.011166053653,-0.2567408574463279,-156.84181334162128,0.9858997191717568,-9.747176689760465,-0.10053623202533772,5.396347552124534,0.5038817858176851,0.001974109821926362,-0.026043334754068823,-18.272787075901977,-0.04427589422757135,-0.5645509546135514,7.58793159329798,112.97651822865,120.564449821948
1679,0.83952271938324,0.042075860296260835,11.164479230059507,0.09772557318296929,-55.082142705618516,0.7340954210740673,-167.16520865719377,-0.04588649988510385,25.55647268506607,0.5048092454988529,3.568527350009708,-0.30089832158247304,-2.698924961477309,0.947467412663622,178.258371209943,-0.2545428679241392,-157.0703274130602,0.9886382889982066,-10.094881244133575,-0.0986537233179567,3.6781337688535083,0.6034629688168096,-0.1096064188438004,-0.022996026131866323,-1.9947825036444171,-0.27790229545060674,-0.7041424578328921,7.53660131206561,113.000658512115,120.537259824181
1680,0.840005040168762,0.04101945507240458,8.609911755819422,0.09807163351846804,-40.852457981228014,0.687900386788404,-163.1142321518468,-0.047312320368723904,28.012005681577996,0.46990671391431665,1.8461998249298734,-0.33009844295003465,-10.174204436910935,0.903616810720958,170.999713409292,-0.2528777207806935,-153.2930499729621,0.9407781075690975,-9.821182178884698,-0.09782221379434057,1.7713276749993123,0.5677289277086572,0.07487214993056113,-0.023309145159796714,-9.454068843588082,-0.30678929779023795,-0.720135593322853,7.448113367529,113.128117799759,120.576231167288
1681,0.840516805648804,0.04166494404722982,19.048228689036794,0.09588355693807665,-66.08505994317417,0.6379645298640703,-160.4786317193085,-0.04802241408413041,27.294894738060233,0.44515884728754906,0.7156687950836076,-0.2298129662674104,-9.874623948788681,0.81927706940675,176.99291811002,-0.24944967190587966,-150.37214560042705,0.8874142017699499,-10.106486118881463,-0.09802991682012992,0.8144540216442802,0.543188764107679,-0.09878522656067257,-0.021657899350801115,-9.0065858565011,-0.2081550669166093,-0.8680380922875806,7.26282750060591,113.413602977991,120.676430478597
1682,0.841010570526123,0.04119340294308981,8.853336611966151,0.0973258043343361,-40.618422561960216,0.6270101979358268,-159.7514952978782,-0.0481623742672631,37.66822793935482,0.3908847353156087,6.4706214170982195,-0.2723738398574085,-17.566011608527884,0.795995600608046,170.347019850481,-0.2505398473408911,-150.63718745836297,0.8775500452767179,-9.11430783951522,-0.0969019356251699,6.378757428985679,0.4877866709407786,0.09186398811254026,-0.024305052219971042,-16.918883960248262,-0.24806878763743745,-0.6471276482796213,7.20674850340583,113.397762253881,120.604510757286
1683,0.841502487659454,0.04396194636908039,20.928349268273525,0.09536608286313587,-52.434543219933005,0.6033779051720153,-145.34686970220187,-0.04884164853731263,31.213066530518848,0.36486451948600324,-10.388355302796034,-0.3370602865648897,-4.249232773412959,0.790071832132867,159.415554715671,-0.2531926602693246,-135.45136233625288,0.8565705654413398,-9.895507365948987,-0.1002455691840671,-10.076005055395084,0.4651100886700703,-0.31235024740094985,-0.021323619729596295,-3.2973913896467284,-0.3157366668352934,-0.9518413837662303,7.33962554625759,113.116106629372,120.455732175629
1684,0.842013895511627,0.0431235397388942,13.072432454883335,0.0958175980096513,-43.65724566349331,0.6462585939543357,-157.64925691903107,-0.04735049935621057,37.48117453837934,0.4023772569297314,7.903641914796222,-0.4178540040660203,-13.787087623358072,0.876037851593965,169.078448010859,-0.25214163240369797,-147.9094522821072,0.8984002263580337,-9.739804636923878,-0.09906470388545302,8.217170802195767,0.5014419608151844,-0.31352888739954476,-0.022297819707241023,-12.947882591705827,-0.39555618435877926,-0.839205031652245,7.44109586607738,113.138011440635,120.579107306712
1685,0.842510223388672,0.04307983321354832,14.227337880954083,0.09426543100470486,-50.686049395339275,0.6710092122068249,-160.92705656506087,-0.04852248644010059,40.235094161299656,0.6210651964479642,-7.329359224328003,-0.47905474452202235,-8.130087342843082,1.03853987143343,174.378011544432,-0.2502297996336883,-150.67814240125415,0.9212390118405132,-10.248914163806717,-0.10341068373182326,-7.2815752431708685,0.7244758801797875,-0.047783981157134114,-0.017006955785941656,-6.969640792785549,-0.4620477887360807,-1.1604465500575323,7.48592592213936,113.17663744092,120.662563363059
1686,0.843009293079376,0.04236143934150704,14.463929472824299,0.09635021087643453,-47.4769732647072,0.7500790928763642,-165.48631930490808,-0.048731532887059115,44.49819801157577,0.6744348780814626,3.554112001658343,-0.5890534476560724,-6.2295747260254295,1.17384736295441,178.551166512357,-0.25308418352264467,-155.8794669985403,1.0031632763990088,-9.606852306367784,-0.10231187883773066,3.625998385288585,0.7767467569191933,-0.07188638363024191,-0.015018845247631595,-5.127026326416964,-0.5740346024084407,-1.102548399608465,7.5777862753821,112.957441002131,120.535227277513
1687,0.843514263629913,0.042423203517738095,16.73026767251034,0.09702482367619393,-44.852642454782305,0.7670883668620153,-158.1471453226582,-0.051539015429986845,44.9567366194127,0.6782869556865544,9.22779643833923,-0.6489931613734741,-8.055779784135826,1.218014653055,171.678003680674,-0.2551815606069062,-148.41654341344199,1.0222699274689215,-9.730601909216205,-0.09721799307094962,9.592575089435616,0.775504948757504,-0.36477865109638685,-0.015438416836707667,-6.9221623775653995,-0.6335547445367664,-1.1336174065704263,7.66774806149988,112.80428083241,120.47202889391
1688,0.844027459621429,0.041735775368683475,12.752529507210225,0.09607569204333133,-54.2440487989812,0.8178936995414533,-162.13255457134977,-0.050166231852180776,53.03584618116114,0.7416300030254008,1.6236709339022968,-0.5414584570117587,-8.945907745749475,1.23516455995632,179.687160486271,-0.2535626380246519,-151.28028944125347,1.0714563375661053,-10.8522651300963,-0.09874147025069512,1.9631683715357646,0.840371473276096,-0.33949743763346785,-0.015390951690649045,-7.865246842868036,-0.5260675053211096,-1.080660902881439,7.92012606438948,112.765557825565,120.685683889955
1689,0.844501376152039,0.043570649857828665,20.73841284100242,0.09481496444274197,-54.0216132886299,0.829178369859996,-163.21286157156305,-0.05030009683661046,54.79914636521132,0.6711303539887772,7.193261247066971,-0.5404284352551674,-14.458794884230539,1.20142997859809,182.347472839842,-0.25359621275597277,-152.2250623558031,1.082774582615969,-10.987799215759964,-0.09798204292885085,7.432296215733255,0.769112396917628,-0.23903496866628426,-0.016558297499002863,-13.53647624620727,-0.5238701377561645,-0.9223186380232686,7.96365630607397,112.767889857292,120.731546163366
1690,0.845002710819244,0.04372989502365172,13.071463515982288,0.09655799872011943,-48.6401261335341,0.9052782477719059,-167.64581408437508,-0.04850203467777735,57.53772899239542,0.721159811434523,0.3892769331133061,-0.6097089467616189,-18.798128814048113,1.3133671906523,185.21866927983,-0.25697879228791887,-156.95165966022543,1.1622570400598247,-10.694154424149644,-0.10146867643606747,0.43911560990038345,0.8226284878705905,-0.049838676787077374,-0.017699229752024703,-17.66046691092975,-0.5920097170095941,-1.1376619031183637,8.14587779680369,112.539274930954,120.685152727758
1691,0.845501959323883,0.043646755839551334,12.578448737819748,0.09642725319521785,-56.80459643281431,0.8994521356090929,-159.50318611942453,-0.05071001147218005,47.79966995859219,0.5394695382387721,2.9842202866956367,-0.6019850054408243,-19.559063942466434,1.21499063100606,177.489484003892,-0.2565383910728606,-148.81321232484285,1.1559905266819535,-10.689973794581675,-0.10015247660978432,3.203407504598629,0.6396220148485564,-0.21918721790299234,-0.017651766380545626,-18.395212479265652,-0.5843332390602787,-1.163851463200782,8.0597606725787,112.587956428528,120.647717101107
1692,0.846012473106384,0.04276149713042889,8.567235990811314,0.09524695361542226,-56.87076187030274,0.8859533484880161,-157.83401855392776,-0.05242852165112551,49.86316274016523,0.5024054339845212,8.16149092701302,-0.5753378612109719,-7.644781447076116,1.17557963916933,175.586577269135,-0.2544017515656072,-147.9054640591452,1.1403551000536232,-9.92855449478256,-0.09951274476431321,8.247217824399574,0.6019181787488344,-0.0857268973865537,-0.019191223167495414,-6.486432139498598,-0.5561466380434764,-1.1583493075775175,8.00331812708464,112.626773789525,120.63009191661
1693,0.846504211425781,0.04423477106564969,13.553244790747517,0.09485086378015627,-45.09631252402402,0.8166293343599431,-164.23281400514412,-0.053043208839276386,56.61612341804862,0.4083676647829318,9.393352100037855,-0.4810055200582938,-13.101725682538104,1.03864378544283,180.707113180677,-0.2538289877118095,-153.86601274616226,1.0704583220717527,-10.366801258981866,-0.10089119908658371,9.463883309409733,0.5092588638695155,-0.07053120937187707,-0.022501845934744767,-12.055855334018803,-0.45850367412354903,-1.0458703485193013,7.83708271753312,112.865676298738,120.702759016271
1694,0.847005128860474,0.04530888016509425,14.547852059220324,0.09584908370046503,-44.13676590370415,0.8176496801510263,-165.68715014477513,-0.05372668230095827,49.64750888259263,0.38595625456599364,9.160840266883817,-0.5025825051022881,-15.487266938371326,1.04126312821672,180.001603873231,-0.25749366603543866,-155.74740973121504,1.075143346186465,-9.939740413560088,-0.10051733547212265,9.559839244257295,0.4864735900381163,-0.3989989773734788,-0.01929318476427733,-14.293754502560667,-0.48328932033801075,-1.1935124358106588,7.87429114736733,112.672845453024,120.547136600391
1695,0.847507357597351,0.044189376795547,14.106586185182339,0.09678617965873758,-45.61964150871269,0.7688562354016023,-162.1920407324228,-0.05178651127061739,53.73664141791687,0.400363153462675,10.352141508817239,-0.4762331611710767,-7.584046533868743,0.996107774043347,177.872754430395,-0.25617905139136893,-151.6446665830534,1.0250352867929713,-10.547374149369404,-0.10037952722080112,10.865451061133696,0.500742680683476,-0.513309552316457,-0.015136374941708254,-6.4980920665770245,-0.46109678622936845,-1.0859544672917183,7.78043577442077,112.863989338279,120.6444251127
1696,0.848002195358276,0.04290142752649861,14.792543528028267,0.09715822701296557,-40.73080676601129,0.7498724679940931,-169.91550843474266,-0.05281159617934126,49.8111360292787,0.3325413514135922,15.358870425600996,-0.5131389765747695,-18.360864913952632,0.974819673676551,183.856638455461,-0.25382238805080753,-159.9658706470298,1.0036948560449006,-9.949637787712874,-0.09983871556895509,15.766217455532793,0.4323800669825473,-0.40734702993179717,-0.016723427735159457,-17.29628839093365,-0.49641554883961003,-1.0645765230189816,7.59460449109611,113.111706033349,120.706310524445
1697,0.848507583141327,0.041641069395490914,10.484293667070899,0.09767975021293741,-37.62660287075937,0.7630036325229088,-166.32925620330647,-0.05196778673874498,53.24062616967208,0.3355598010051122,11.624598309014678,-0.5188210833062854,-5.950862664499098,0.988901513244589,179.433027767111,-0.2546667227748179,-156.42704699340436,1.0176703552977266,-9.90220920990211,-0.10203653739057607,11.781217138874775,0.43759633839568823,-0.156618829860097,-0.014012258902197657,-5.148355185983955,-0.5048088244040877,-0.8025074785151434,7.63005770557356,112.916456058621,120.546513764195
1698,0.849005460739136,0.041049447088263594,6.565035148807872,0.09773693351938625,-40.782715175657096,0.7378690897063155,-158.19672092289227,-0.05259717807503874,56.664772602579895,0.3496944663849444,10.023087788836069,-0.46099691410415966,-12.938263307438184,0.945123905421569,173.813950690664,-0.25390220893892346,-148.33339893059687,0.9917712986452389,-9.863321992295397,-0.10162406474406978,10.513728264787634,0.45131853112901416,-0.49064047595156524,-0.014381644495149734,-12.197050119720755,-0.44661526960900993,-0.7412131877174293,7.65563070865755,112.946296691895,120.601927400552
1699,0.849509298801422,0.04365853119479836,12.743618623514521,0.09626650107283248,-37.63638682761328,0.6850028167713733,-149.1981027080094,-0.051668756952516305,59.36090149747002,0.31913683037921664,14.903394360747857,-0.40505140389013594,-7.589449499413379,0.865440224569259,166.26003372578,-0.25345411756816266,-139.89605489756875,0.9384569343395359,-9.302047810440655,-0.09858067251143038,15.321019486627817,0.417717502890647,-0.4176251258799599,-0.012060318001456776,-6.921651208367889,-0.39299108588867915,-0.6677982910454903,7.51338396688152,113.129837736487,120.643221703369
1700,0.850012719631195,0.04489602462988772,13.878918614614655,0.09661016362023239,-22.477758559966066,0.7311046051663437,-157.53973471948498,-0.05425588860790039,59.04398379909223,0.25500278644113183,14.049462342143936,-0.35216487842265326,-18.345273132511206,0.858983902394886,171.862650068461,-0.25359996854331485,-147.60905045805546,0.9847045737096585,-9.93068426142952,-0.09895222786033256,14.253946541081483,0.35395501430146437,-0.20448419893754632,-0.017461188020637956,-17.808851995459754,-0.3347036904020153,-0.5364211370514518,7.51699099266261,113.236958444118,120.753949436781
1701,0.850519478321075,0.04516458064718473,17.444949123879145,0.09648974349127391,-33.129129172725484,0.8004445097744346,-148.1705368448069,-0.057441741429676035,53.625046451872194,0.29129528675213545,11.493545202522109,-0.3442887625520266,-11.30792052917064,0.926686987571408,162.763600640739,-0.2541897545141652,-138.95061328945724,1.0546342642885997,-9.219923555349652,-0.09948323417493357,11.460570590523613,0.390778520927069,0.03297461199849572,-0.017093028794449006,-10.908446878354116,-0.3271957337575776,-0.39947365081652464,7.57012417587794,113.172909334302,120.74303351018
1702,0.851011991500854,0.044615533364723986,10.78260362560273,0.09883775092114772,-25.38141681375908,0.8747768256755355,-155.9220652957506,-0.0586381365752,57.57979475953015,0.29054949195863317,15.045877852781631,-0.25944086580519893,-15.499400362397393,0.965484822641826,169.865281688217,-0.2564220600599895,-146.6492873480178,1.131198885735525,-9.272777947732806,-0.0984277733440325,15.447533436874432,0.38897726530266563,-0.40165558409280067,-0.016908788967937065,-15.007711646535244,-0.24253207683726186,-0.4916887158621499,7.62629826530792,113.140855297446,120.767153562754
1703,0.851501524448395,0.04496105507111067,13.496338142707879,0.09783432605522001,-45.14621572291607,0.9153088315839858,-161.93973997275074,-0.058092673641669486,63.76305727433965,0.3197635963617962,16.977281421469083,-0.17469908443430238,-6.84578639366558,0.992736921543003,181.233638347263,-0.25578017604812014,-152.37544247145243,1.1710890076321059,-9.564297501298313,-0.09562679417648502,17.474831071983573,0.4153903905382812,-0.4975496505144896,-0.012737393413504095,-6.525149352763651,-0.16196169102079827,-0.32063704090192857,7.74452395582921,113.141328454018,120.885852409847
1704,0.852009534835815,0.04436552406424454,8.19736797029656,0.09773411326890925,-38.05733186695562,0.9078013328769583,-160.72654032717415,-0.058440761558178164,55.324498632102625,0.5490002513715234,7.208968566236911,-0.07597331534159307,-12.160214910961194,1.07061293652591,174.954903673427,-0.2548359331035905,-150.74171604849894,1.1626372659805488,-9.984824278675205,-0.09784568539988267,7.551258428070191,0.6468459367714061,-0.3422898618332795,-0.012260729108653362,-11.65007533642896,-0.06371258623293971,-0.5101395745322339,7.76039366904297,113.177714660764,120.938108329807
1705,0.852507174015045,0.04450503627109716,9.754822493944864,0.09786586924082073,-34.07077893487262,0.9581428465910882,-175.81052496945227,-0.05470543874578167,60.303869535274536,0.5117036078737014,10.71049677340826,-0.0352807834731161,-6.00057713801694,1.09346885740346,189.611691562524,-0.25556355269212394,-165.72165700998463,1.213706399283212,-10.088867959467649,-0.09907954678486056,11.138917958558539,0.6107831546585619,-0.42842118515027927,-0.010034825899467113,-5.499699883749422,-0.025245957573648985,-0.5008772542675182,7.85387762011669,113.052647933364,120.906525553481
1706,0.853012800216675,0.04481524635152299,4.965806006104364,0.09646328185531096,-45.06830094656034,0.9941746228206026,-172.02605575659655,-0.0553006031026448,57.89910399867698,0.41769001127911676,11.462328258156042,0.01716661356769386,-9.247515411409644,1.08513342339068,187.664548044918,-0.2554403572205769,-160.87737340790804,1.2496149800411795,-11.14868234868851,-0.10154230566351688,11.832008761113885,0.5192323169426336,-0.36968050295784316,-0.01359686976516808,-8.880542593311462,0.03076348333286194,-0.3669728180981817,8.03445839457345,112.885207012296,120.919665406869
1707,0.853515446186066,0.04532894910910157,-2.7594592844721246,0.0971415493751605,-46.31489087681673,0.9974790254474564,-157.43057310005554,-0.05604106769061996,54.608682499766225,0.30068936147122255,9.61841684288828,0.2916267417782893,-6.323460488613782,1.08860298104499,173.354196310793,-0.25657378970627953,-146.77327280739536,1.2540528151537358,-10.657300292660182,-0.10171589075265826,10.281622597220078,0.4024052522238808,-0.6632057543317984,-0.01284400961246382,-5.903719410692837,0.3044707513907531,-0.4197410779209454,8.0503387153949,112.879383578897,120.929722294291
1708,0.854014813899994,0.045454278470362035,2.406079457010244,0.09757177964847003,-41.59027832043039,1.0360066020195762,-160.78787701650032,-0.05606397603515082,63.69607902713765,0.2753065059163178,14.702698503968989,0.5557338219910724,-12.012730611857148,1.21353736883406,178.902060882709,-0.25702801959618526,-150.69929844856983,1.2930346216157615,-10.088578567930483,-0.09924855779767493,15.276697442621153,0.3745550637139927,-0.5739989386521636,-0.012721701242098246,-11.59691494372558,0.5684555232331706,-0.4158156681315681,8.07713350432095,112.896980136633,120.974113640954
1709,0.8545081615448,0.0460591123064413,1.6131394843571831,0.09652109809369669,-50.638875770495225,0.9931030140506127,-158.31783185062247,-0.05467266661160704,64.63298254824896,0.2396080276437892,7.958439487220004,0.5145520517807309,-14.514362214895346,1.15015489482835,179.116888491389,-0.25761502908528067,-148.44983909877297,1.2507180431358935,-9.8679927518495,-0.10076254797174601,8.678283724831026,0.3403705756155352,-0.7198442376110217,-0.01025642864831254,-13.99811881391246,0.5248084804290435,-0.5162434009828853,7.97753664655647,112.848808780313,120.826345426869
1710,0.855021238327026,0.04485572311197085,-12.149501783772942,0.0976512027358594,-41.69167872339693,1.0020507758744013,-165.60644251841157,-0.05480183576102696,63.39524965472805,0.30149289684164815,17.56106533583377,0.4000367432908606,-7.6697787535795445,1.1267582503597,183.568718665835,-0.25783526767515597,-156.19072266289578,1.2598860435495571,-9.415719855515789,-0.10079782602409469,18.10016480790374,0.40229072286574286,-0.5390994720699709,-0.011116640849299541,-7.217930240990682,0.4111533841401601,-0.45184851258886294,7.94304025629299,112.797182545066,120.740222801359
1711,0.855512022972107,0.046012103536128945,1.6124426034150328,0.09809051863683162,-50.09205053090154,0.966533845620324,-166.11259235717282,-0.05674997602701555,62.12245098798265,0.14106441161545244,12.873660757835703,0.2505341939519522,0.7816182103289835,1.01578228405033,184.745088763542,-0.25861611669140977,-155.84444081987897,1.2251499623117337,-10.268151537293846,-0.10139034274335425,13.400590560280616,0.2424547543588067,-0.5269298024449132,-0.01376012384150474,1.0483817621506717,0.2642943177934569,-0.2667635518216882,7.89842032220622,112.875279799104,120.77370012131
1712,0.856013178825378,0.0460953215494055,-7.485790392627923,0.09845972386732103,-44.15214305358196,1.0434634854571427,-165.40347258689795,-0.05541589419639519,65.18104215635293,0.22689749827670064,5.210741380532024,0.3299337359554082,-4.566610499459213,1.1242974728916,183.467521789574,-0.2607054641286426,-155.6205805515459,1.3041689495857853,-9.782892035352035,-0.10165467084743113,5.62771625237869,0.32855216912413177,-0.4169748718466657,-0.015435349012098967,-3.926558143605497,0.3453690849675072,-0.6400523558537166,8.14869757906126,112.575610712171,120.724308291232
1713,0.85651296377182,0.046818312808608556,-7.42849270745964,0.09711263944149023,-45.68878555773237,1.07024322393678,-166.24472131858252,-0.05648605549124874,60.434950686728136,0.16175459407013232,7.444333211812903,0.3942101820443472,-11.663056572998924,1.15836102676641,183.367890444426,-0.2616548670051812,-155.71446386360685,1.3318980909419613,-10.530257454975668,-0.09792839100582608,8.12483779960688,0.2596829850759584,-0.680504587793977,-0.01898785795054588,-10.833878821249163,0.4131980399948931,-0.8291777517497607,8.22617087466642,112.350845351815,120.577016226482
1714,0.857008576393127,0.04750434954684773,-7.695785895284549,0.09622079095186668,-51.05059820377049,1.0588861040224682,-158.3965685973548,-0.05526159829754187,66.61314817268561,0.21854367062456564,8.72862027493904,0.32445746826499183,-16.502229504159537,1.13527208811744,180.390369867445,-0.2631163315340775,-147.9095300232678,1.3220024355565456,-10.487038574086995,-0.0989113432843592,9.284892537414377,0.31745501390892483,-0.5562722624753373,-0.02009048268722079,-15.774801105282311,0.34454795095221263,-0.7274283988772261,8.30410649672831,112.177817851305,120.481924348033
1715,0.857515215873718,0.047676605605947976,-11.148173885458437,0.09643866959629363,-42.78311177757118,0.9818969802283464,-161.82999798461765,-0.05370287721588392,68.06048942993078,0.3011213786968912,10.977561072426486,0.3474011255947189,-11.718431654403007,1.09084406827521,181.75170808285,-0.26216220175297816,-152.09796859398784,1.2440591819813245,-9.732029390629805,-0.10148785723452153,11.203477072518071,0.40260923593141273,-0.2259160000915852,-0.017199406745862962,-11.222541523496492,0.3646005323405819,-0.4958901309065151,8.08691441130713,112.420142754912,120.50705716622
1716,0.858007252216339,0.04810967005546203,-3.410844058192236,0.09624046009080711,-54.27390474573212,0.9491593915585971,-162.0264090785163,-0.05410342142198873,67.47104898740055,0.1943927238716515,0.3853317365648481,0.31694180684060835,-5.296928176430612,1.02647364180597,183.82164239428,-0.25953749124976494,-151.76486112285937,1.208696882808362,-10.261547955656937,-0.10349151866092841,1.0245404961408595,0.2978842425325799,-0.6392087595760114,-0.018124183945458193,-4.750966164138719,0.3350659907860665,-0.5459620122918931,7.88951271656515,112.850140362978,120.739653079543
1717,0.858510494232178,0.04809343306022006,-1.0539597630889106,0.09697097553553471,-46.097585803775324,0.9449965635751713,-158.00131399163408,-0.052440033525009117,64.46711991521718,0.18958979032294526,7.84834128953101,0.2254221922624882,-4.959042018276024,0.997117978999447,177.010484379035,-0.26146008653802866,-147.95325642291357,1.2064566501132,-10.048057568720509,-0.10252129425241996,8.37098977206332,0.2921110845753652,-0.5226484825323094,-0.02175244301722842,-4.660116827272342,0.24717463527971661,-0.29892519100368276,7.87832862917276,112.645432025194,120.523760654367
1718,0.859009087085724,0.049259834465654004,1.985103976945287,0.09657790229915436,-51.46789507612206,1.0259461562001448,-155.3280865082983,-0.050861502341505244,59.81028973349793,0.205780855059601,2.0565033204250978,0.19262427024727174,-2.0855360481679677,1.07068020442321,174.257133983707,-0.2636759832399125,-145.31521573211333,1.2896221394400573,-10.012870776184968,-0.10451645637694626,2.3981737784104955,0.31029731143654726,-0.34167045798539775,-0.018874529033999686,-1.8605608683211021,0.21149879928127144,-0.22497517984686555,8.05145327957871,112.354157209396,120.405610488975
1719,0.859512507915497,0.04776852850955022,-8.94813052638637,0.09661482131273691,-47.83396495602447,1.0386432951816007,-155.71060863062675,-0.05341238587147496,55.83120109446343,0.2606566050509181,8.132593272045927,0.4250756705796076,-11.053819423887933,1.15839553913109,172.972251810186,-0.26318819634807467,-145.8917957052391,1.3018314915296754,-9.818812925387647,-0.10406081015129279,8.04390115460514,0.3647174152022109,0.08869211744078775,-0.017784666021506315,-10.472632588324304,0.4428603366011139,-0.5811868355636296,8.16510522351018,112.243255391717,120.408360615227
1720,0.860013842582703,0.04881878845310736,-1.6509472392418696,0.09665225847856314,-50.36236395642737,0.9943540427534827,-170.11401547407357,-0.05291004681884785,49.91165585853507,0.2849107589004189,7.073472083044837,0.5598226551207317,-1.5884243087873,1.18230280144016,184.44945670946,-0.26470941283837746,-159.9587389959025,1.25906345559186,-10.15527647817106,-0.10042409105014653,7.40589061051998,0.38533484995056544,-0.33241852747514233,-0.01589742402566041,-1.1605028306442604,0.5757200791463921,-0.4279214781430396,8.04890915060605,112.23005156219,120.278960712796
1721,0.860504329204559,0.04894856674351697,-3.9959952178299956,0.0958839294149972,-60.16304116568356,0.9127863193923569,-169.52974258465753,-0.05435432612551598,44.82329261178855,0.33602493546968615,6.791145427087593,0.5242167527216236,-8.20870773617932,1.11150299542382,185.737780810412,-0.2632695211488433,-159.20205233767686,1.1760558405412,-10.327690246980666,-0.09932879609908801,7.127054038616812,0.43535373156877416,-0.33590861152921914,-0.021470335641766633,-7.82762373058696,0.5456870883633902,-0.3810840055923608,7.86949422066391,112.40382887423,120.273323094894
1722,0.861005842685699,0.04943163568083959,-1.7830840120149833,0.09594351972993444,-59.746620479844495,0.843749789875962,-157.15799142779352,-0.054048741724261544,53.09872233113359,0.39856948368109557,0.7305198623685211,0.377043278067819,-10.541943563315574,1.01365817060777,176.642613385149,-0.26173161883297563,-147.07952291340754,1.1054814087089377,-10.078468514385975,-0.0991108898811271,1.0889393814410555,0.49768037356222267,-0.35841951907253444,-0.022139364929114835,-9.809435760212889,0.39918264299693385,-0.7325078031026848,7.52892776319641,112.73571690917,120.264644672367
1723,0.861502826213837,0.04932375875860583,6.074137194188208,0.09777992533590005,-53.82081877977989,0.8559688142969266,-156.9544232850618,-0.05327716754030469,47.63339704088843,0.4522609296538437,0.6242296721209443,0.27790485891441097,-9.516299253722709,1.014537270733,172.997562969398,-0.2633015963781461,-147.45924136992508,1.1192704106750728,-9.495181915136726,-0.10129979905241061,0.9472100584868672,0.5535607287062543,-0.32298038636592297,-0.02237314393945784,-8.988973593947568,0.3002780028538688,-0.5273256597751406,7.6527053856089,112.626733720303,120.279439105911
1724,0.862009108066559,0.04858748144293667,1.184565280163319,0.09857788007736638,-52.351942727903584,0.8515251846796363,-156.2936781864679,-0.051208920543904426,48.578851932713704,0.4483203331075152,0.10528179522985259,0.32788729378494663,-7.745838782679267,1.02386377706398,172.016734363689,-0.2638447393877074,-147.12610405465807,1.1153699240673438,-9.167574131809829,-0.10205472496751766,0.5816088848723571,0.5503750580750328,-0.4763270896425045,-0.02063061509814106,-7.231236588504341,0.3485179088830877,-0.5146021941749259,7.63201258562185,112.583435148001,120.215447733623
1725,0.862501084804535,0.04741693550681061,-2.514350736677915,0.09750766462390842,-58.49418571672917,0.8078561380644003,-163.93383888532117,-0.052371106438347255,43.33401600668015,0.3378968084590483,0.2865849730371114,0.20520276689189149,-15.67199080728294,0.907420967213161,180.071445887587,-0.2611811654045899,-154.14410124728568,1.0690373034689902,-9.78973763803549,-0.10317850697786948,0.7710619046378538,0.4410753154369178,-0.48447693160074246,-0.0219075687947071,-15.194603511584969,0.22711033568659858,-0.4773872956979712,7.53679480793471,112.740375205874,120.277170013809
1726,0.8630051612854,0.04759968698527329,-0.2636041492090435,0.09776311646113395,-55.01827110330713,0.7486755177097298,-168.71505714585712,-0.05100549737698818,40.83983851503751,0.3712162746328812,-0.8538558556501985,0.2693901907889079,-7.150633677980916,0.886178619786945,182.240509195479,-0.261735171862176,-159.49215829276736,1.0104106895719058,-9.22289885308976,-0.10425984994599294,-0.5789212154427797,0.4754761245788741,-0.27493464020741876,-0.020055509850616084,-6.642327810720942,0.289445700639524,-0.5083058672599741,7.35564379866992,112.794258877635,120.149902676305
1727,0.863512992858887,0.048453744395331795,11.246427877848411,0.09804864502475223,-51.986187926125595,0.6907298628158726,-169.31481225863905,-0.05084581290067006,35.816205954582614,0.39941439120228717,-8.716185093918188,0.24061285949580902,-9.494907170093615,0.842069323907792,181.50889035808,-0.26142599039123776,-160.22186567787688,0.9521558532071104,-9.092946580762174,-0.10725520369570407,-8.338302813237673,0.5066695948979912,-0.3778822806805149,-0.02204944716255727,-9.152963906832458,0.26266230665836626,-0.3419432632611574,7.12009330777073,113.035395130515,120.155488438286
1728,0.864006102085114,0.04842215443934393,4.197694165141135,0.09672338163690418,-64.92243602898809,0.692699175169895,-164.64318694668262,-0.051097901577680585,34.46630374431689,0.472967254327167,-8.849341898025267,0.1384058008086031,-8.111020332463047,0.858485555956401,180.753832437544,-0.26150829462103714,-155.6663649351237,0.9542074697909322,-8.976822011558909,-0.10504081061494284,-8.572043948114164,0.5780080649421099,-0.27729794991110346,-0.022470499270516676,-7.68749792391525,0.16087630007911977,-0.42352240854779755,7.28334038075263,112.804032787681,120.087373168433
1729,0.864501297473907,0.049351420985423035,3.703313709202274,0.09824712069721393,-60.67725210783636,0.7274172362170944,-166.57918787662297,-0.05256542001588716,20.291058622482637,0.5140018876420067,0.032741577873460416,0.17670572663843195,-4.777816230074551,0.916193141609398,178.545862313811,-0.2650734665491716,-157.611273244957,0.9924907027662659,-8.967914631665963,-0.10204624207006821,0.08518117726211188,0.6160481297120749,-0.05243959938865147,-0.02111843963609921,-4.3695617907782855,0.19782416627453117,-0.4082544392962655,7.45884594979725,112.584731921554,120.043577871351
1730,0.865009903907776,0.04980953960643303,-1.7701396011570825,0.09806324662782806,-64.56162889352471,0.7239626551590443,-158.9803303040467,-0.047467114966664635,32.9370004380679,0.49714240346155,-12.211048807042783,0.2869490899134097,-10.282228765702353,0.931645207772169,175.458720736224,-0.26642159281448746,-150.02950866245953,0.9903842479735319,-8.950821641587169,-0.10527231545841093,-12.253688334372546,0.6024147189199609,0.04263952732976328,-0.019995066401660964,-9.585180751026128,0.3069441563150707,-0.6970480146762252,7.55431440909524,112.431397974491,119.985712383586
1731,0.865501165390015,0.04925340204998696,1.7493593311820204,0.09690394501222967,-60.01980934130213,0.7015032804649144,-171.36082478484138,-0.0498586268003269,24.042758814851844,0.43853021035277734,-7.391976028390489,0.25318536473149,-6.861221554693228,0.873396005056212,183.438659951039,-0.2649698475224894,-162.42374309686753,0.9664731279874038,-8.937081687973858,-0.10501855808106779,-7.496353870379202,0.5435487684338451,0.10437784198871292,-0.02279843589366781,-6.438068324326311,0.2759838006251578,-0.42315323036691677,7.43766912227147,112.455737367272,119.893406489544
1732,0.866002440452576,0.04845959237148525,-1.1488183667379805,0.09660649422197208,-60.80187331853485,0.7036787465764938,-168.77439413241177,-0.05069263886901876,26.576036706815994,0.42727025066193747,-12.808356344401183,0.30555756369562437,-7.09821298306073,0.886194087471791,181.944244328546,-0.26264058744891006,-159.29314494986826,0.9663193340254038,-9.481249182543507,-0.1063486800218924,-12.94328041672285,0.5336189306838299,0.1349240723216667,-0.025056274605639715,-6.962492777730906,0.33061383830126406,-0.13572020532982432,7.39159862708038,112.646709814668,120.038308441748
1733,0.866509854793549,0.049531795535885034,-2.0074678501656296,0.10026865487049275,-54.13193751193318,0.7076111200968067,-168.39488887540554,-0.04965251807368045,27.907893548696062,0.4920009606086541,-3.474443700509164,0.32522670219651806,-4.121484948600193,0.929259611096771,179.162061008631,-0.2679149701988494,-159.52068312667015,0.9755260902956562,-8.874205748735392,-0.10509303560010642,-3.410620285039561,0.5970939962087606,-0.0638234154696029,-0.02151860148991571,-3.7735065523190943,0.34674530368643375,-0.3479783962810985,7.4450283941369,112.546033009887,119.991061404024
1734,0.867004871368408,0.05033221408194543,6.498071224051305,0.09937264216365761,-63.33051032225769,0.7215554405652552,-164.74020402457055,-0.046948812273741085,39.621411607914254,0.4717091713871007,-11.922336883015308,0.2544913589193571,-12.373976878155869,0.906934447853613,181.817015066535,-0.2685350148990149,-155.95615071507711,0.9900904554642701,-8.78405330949343,-0.106727175866684,-11.942785974592885,0.5784363472537847,0.020449091577576795,-0.02532140913207183,-11.71373146879886,0.2798127680514289,-0.6602454093570085,7.53104481387709,112.401952832937,119.932997646814
1735,0.867505788803101,0.04894018926451403,4.434858881762901,0.09950305335096195,-49.26927452446284,0.6894937765382296,-167.38393748621834,-0.05024832832452062,27.912596428846648,0.5009849406244248,-7.270195325446677,0.02692296487271586,-13.67676383061355,0.86135551249514,177.436001313731,-0.26498589813685675,-158.07030139126135,0.9544796746750863,-9.31363609495699,-0.10335826734229835,-7.31316964430242,0.6043432079667231,0.042974318855742766,-0.02729207258381743,-13.005448513184763,0.05421503745653329,-0.6713153174287871,7.4395224009204,112.700963497162,120.140485898082
1736,0.868009209632874,0.049065195259642966,2.104741847283843,0.09851697768684439,-59.630734664577226,0.7655745243750187,-158.65403504147469,-0.04826949296154789,32.576922324966525,0.5303701596806888,-10.442223744234001,0.025510087439344367,-4.6228223575681,0.939409684558394,172.982726540148,-0.26478759514311523,-149.27808371759824,1.0303621195181338,-9.37595132387645,-0.10360273129096911,-10.396653050383156,0.6339728909716579,-0.04557069385084489,-0.023114229910818223,-4.016302811799387,0.048624317350162594,-0.6065195457687125,7.65726384019217,112.579892262816,120.237156103009
1737,0.868501603603363,0.04866248722450365,0.9832061885223748,0.10032753417918981,-46.55564164110608,0.8138286231598462,-165.12334981927384,-0.04827231968597596,30.50156589482093,0.5392449744091383,-4.393683324086384,0.030779948598033284,-6.8895334812817675,0.984283213389661,174.445495113347,-0.26588398171588895,-155.87940235937157,1.079712604875735,-9.243947459902273,-0.10219593737837257,-4.363028779428403,0.6414409117875108,-0.03065454465798112,-0.022958996184401982,-6.55024336700025,0.053738944782435266,-0.3392901142815177,7.72125373980089,112.572882309556,120.294136049357
1738,0.869002938270569,0.04822044318495949,-0.6873689602519162,0.10014905411144899,-55.16925142075933,0.8524109340413993,-152.4581375482524,-0.04571810049156807,36.06819572095654,0.5422843948582414,-19.950962135440943,-0.0444523607943845,-9.607826905901378,1.0183800698429,167.567504169648,-0.2654292520977386,-143.0703662741957,1.117840186139138,-9.387771274056718,-0.10913777937702225,-19.71382165064327,0.6514221742352637,-0.23714048479767413,-0.026209722550934112,-9.122787994131276,-0.018242638243450387,-0.4850389117701024,7.82068472434912,112.522321984172,120.343006708521
1739,0.869504034519196,0.048335092685612265,6.623101762402953,0.10014914107293896,-59.938397546813164,0.8912129825980275,-151.8925437324742,-0.045283805547451074,27.38529270988401,0.44739766050575625,-15.704869756555501,-0.19974503337140614,-7.300070924140506,1.02408011406397,166.60645259212,-0.26534644141184927,-142.6490728008953,1.1565594240098767,-9.243470931578884,-0.10604436560526248,-15.365166076361625,0.5534420261110187,-0.3397036801938764,-0.02494095853116133,-6.597051174182578,-0.17480407484024482,-0.703019749957928,7.83741998205369,112.539489209652,120.376909191706
1740,0.870006144046783,0.047001312482637524,-3.230790269251856,0.0987773562823178,-59.266566092597934,0.9138743837096833,-148.60874190272799,-0.04249776666353365,34.92161789872779,0.5024371365719735,-13.580911876555367,-0.19643710605183495,-3.078009801965566,1.0676933790663,164.380524212841,-0.2614050881575649,-139.0734050176924,1.1752794718672481,-9.535336885035576,-0.10535224549584028,-13.198161468319924,0.6077893820678139,-0.3827504082354434,-0.024110404357442546,-2.3437756602712665,-0.1723267016943924,-0.7342341416942997,7.76829437020388,112.752656370401,120.520950740605
1741,0.870508015155792,0.047465227850688796,0.22224361644374313,0.09991458915901982,-53.31584879107125,0.915874784268509,-164.29446015224863,-0.044117659512981904,25.833986015965678,0.4420709124812571,-14.092619101325866,-0.01580564442441022,-4.496648027848514,1.02405340260125,175.275541223956,-0.26244171979342584,-154.42868188984625,1.1783165040619348,-9.865778262402387,-0.10496420698975889,-13.792588636037928,0.5470351194710159,-0.30003046528793753,-0.025430946627414932,-3.709095256541441,0.009625302203004713,-0.7875527713070731,7.69762507978157,112.835252806544,120.532877886326
1742,0.871018171310425,0.048152991653922,-0.03447779507046733,0.09959701708824804,-61.50141381301112,0.883233733255686,-148.8688261865012,-0.04427887245026583,25.905214666485286,0.37935487331005896,-10.232310784045186,0.021335950044266982,-0.9997398681593622,0.968847802904422,163.465997414038,-0.26245170879389546,-140.29412893416662,1.1456854420495814,-8.574697252334573,-0.10332127112973814,-10.008166495807068,0.4826761444397971,-0.2241442882381186,-0.027782349536335026,-0.5873862637902898,0.04911829958060201,-0.4123536043690724,7.41209604571304,112.957731798291,120.369827844004
1743,0.87150251865387,0.04713306729418918,-7.673806449232223,0.09969446681869798,-62.2255586291546,0.8447771994949557,-147.47606825255616,-0.04377171003306684,27.640177305587457,0.43943030527718263,-13.523204625596252,0.13446974192000882,-3.5667685096941515,0.968971669771936,163.216654976736,-0.2612985522200634,-138.81215172799702,1.106075751715019,-8.663916524559141,-0.10649584960863857,-13.165291498624178,0.5459261548858212,-0.35791312697207367,-0.028080803777033786,-2.7875243675243007,0.1625505456970426,-0.7792441421698508,7.30115546813795,113.019970923662,120.3211263918
1744,0.872016429901123,0.04787164385704936,-1.4438967822042,0.09985898721572876,-64.48953604887532,0.8831409464428202,-156.04872692947876,-0.042631970995557995,28.329762083568177,0.5287952822908344,-16.989168275356132,0.16808983823333892,-3.011903251824563,1.04971309039116,172.082739092642,-0.2633703314974039,-147.05265274558738,1.146511277940224,-8.99607418389138,-0.10984647555095169,-16.702595390346843,0.6386417578417861,-0.28657288500928857,-0.02753471708139916,-2.2056214016392626,0.19562455531473807,-0.8062818501853006,7.45391183701577,112.808368369937,120.262280206953
1745,0.872503757476807,0.04709440837313226,-6.889008956862215,0.10018182177083051,-63.150425190498176,0.9077871470066551,-155.94424939177912,-0.04315406570141391,21.118280434907017,0.5777956087968917,-11.436028921340572,0.07862141665246192,-0.02208650318365149,1.08545987999179,170.090589329171,-0.2628510939667716,-147.127409281163,1.1706382409734266,-8.816840110616113,-0.10737540746892556,-11.054693850266641,0.6851710162658173,-0.3813350710739307,-0.028032360213320215,0.5448903950641639,0.10665377686578213,-0.5669768982478154,7.52973331753492,112.776085600257,120.305818917792
1746,0.873006403446198,0.048058010164860526,-4.752619472122052,0.0999263291795928,-72.03637455481498,0.8797117322471508,-160.7572712422229,-0.04012646921971384,22.268477354273692,0.6619636381961262,-13.724118704293648,0.12898958437502522,-8.383965891593057,1.11473399524762,178.351490910653,-0.2642201364740326,-151.08936706070008,1.1439318687211835,-9.667904181522829,-0.11018225759832205,-13.052565657714542,0.7721458957944483,-0.6715530465791062,-0.03174099947395163,-7.7462161946293575,0.16073058384897684,-0.6377496969636995,7.56552363504852,112.698376402259,120.263900037307
1747,0.873502016067505,0.04815414393915188,-5.606837986622601,0.09986023832410691,-62.19149934417378,0.8653378586292595,-163.41493636424036,-0.039187289743297944,21.545831264742368,0.47732072163903483,-14.431163777117872,0.22766666587073725,-8.994613983229724,1.02093257568062,177.07920562102,-0.2639600882992284,-154.06914680508132,1.1292979469284878,-9.345789559159044,-0.11110351805202566,-14.043150941537071,0.5884242396910605,-0.3880128355808008,-0.03034058278617453,-8.429615753703148,0.25800724865691177,-0.5649982295265765,7.45274021646765,112.818891972303,120.271632188771
1748,0.874014496803284,0.04821152735869519,-9.658727425598753,0.09858708092698587,-70.90280336961044,0.916215636296667,-157.90694679634962,-0.04071530956932728,24.496786867624046,0.3711013049931168,-8.796223349590342,-0.0361107094690706,-1.1507302452618238,0.996078688874402,175.31084587055,-0.26523362376911913,-148.34763853620845,1.1814492600657862,-9.559308260141165,-0.10886764833839754,-8.234490526868376,0.47996895333151435,-0.5617328227219662,-0.027498764637179932,-0.6316250443170177,-0.008611944831890667,-0.5191052009448061,7.63801634414995,112.468759909272,120.106776253422
1749,0.874513685703278,0.048760630757593904,-13.003640492550792,0.10048017104966778,-66.90840151125556,0.9434299314987666,-160.75800249953656,-0.042261633190768116,15.864725826350693,0.49357315690922127,-21.750042512932726,-0.10473247889969653,-4.804423933003547,1.07652371015764,176.739357786203,-0.26887638818612186,-150.87081149184482,1.2123063196848884,-9.88719100769174,-0.11055313701452094,-21.18418156944693,0.6041262939237422,-0.5658609434857951,-0.028303499514243532,-4.297539562760532,-0.076428979385453,-0.5068843702430152,7.72118783472251,112.287228658795,120.008416493518
1750,0.87500125169754,0.048754273486249,-17.60845243470562,0.10223187610129593,-60.40340396244435,0.9504754729033227,-164.92538018264304,-0.04126938772010736,20.15408314259527,0.31818284716356254,-14.241453136092227,-0.13970149219493305,-13.203702172131784,1.01916237851412,178.724239099181,-0.2700638209717085,-155.01671866678106,1.2205392938750312,-9.90866151586198,-0.10879398611512309,-13.497547367034644,0.42697683327868563,-0.7439057690575837,-0.032402526171661235,-12.432729953997296,-0.10729896602327182,-0.7709722181344887,7.66752330009069,112.368292883039,120.035816183129
1751,0.875510632991791,0.04992585528460208,-9.506966291736765,0.10082326858569744,-78.0109753340046,1.0088958968422133,-161.1780800261035,-0.04174158204032525,16.009565285142564,0.3139209817205979,-6.399238560895581,-0.17306609822037652,-11.38048972170419,1.0773901196726,180.502742756503,-0.2711149406736602,-152.06286105149957,1.2800108375158734,-9.11521897460392,-0.10636307327017619,-5.804164717932633,0.4202840549907741,-0.5950738429629476,-0.03344004070857657,-10.744699776919115,-0.13962605751179996,-0.6357899447850759,7.74353924114257,112.184223592281,119.927762833424
1752,0.87600302696228,0.04922948766145265,-15.028158781769424,0.10145290228712885,-66.75751817097311,1.03676378842846,-160.1568972866781,-0.03954975286995967,25.038248277988746,0.4283735663126685,-20.6582666869717,-0.35094475830941124,-10.619542544864052,1.18145067839787,177.479846969778,-0.27132950915939896,-151.24280205131186,1.308093297587859,-8.914095235366233,-0.11206790852418384,-20.326762064412623,0.5404414748368523,-0.331504622559077,-0.035416785786695826,-10.0356834618659,-0.3155279725227154,-0.5838590829981509,7.73715103703216,112.132044240832,119.869195277864
1753,0.876504480838776,0.048915589911558886,-10.135086702200965,0.10039860454821566,-68.69758397788313,0.9069951584159187,-162.83409280784076,-0.041329315582470834,13.916579405931973,0.6004914398269576,-7.930835965450281,-0.3241859963646169,-15.279074124239992,1.14127449546217,178.401343198358,-0.2680106662771203,-153.70080164561907,1.175005824693039,-9.133291162221695,-0.11226861126059288,-7.693750896111113,0.7127600510875505,-0.23708506933916773,-0.03668644084062853,-14.58535069143646,-0.28749955552398837,-0.693723432803532,7.40967359030765,112.498208791018,119.907882381325
1754,0.877014338970184,0.04837403258666373,-8.347820557750909,0.09951007259233902,-67.56765589835746,0.8706421429599008,-165.94225890421518,-0.041632539589005695,10.74232206202618,0.6161793018024604,-12.911611752341168,-0.2666297742972069,-7.7962702837238975,1.10578554862053,180.318597359122,-0.2660654586272986,-156.89136544521352,1.1367076015871995,-9.050893459001657,-0.11497444016475657,-12.608604801220487,0.7311537419672169,-0.30300695112068077,-0.03705583038551414,-6.884490395443962,-0.22957394391169278,-0.911779888279936,7.33952159959881,112.577550143003,119.917071742602
1755,0.877515196800232,0.048605325448102116,-14.335949882985254,0.09753837136065643,-75.45359168722977,0.8589859593401933,-162.8990446150925,-0.04244474494846672,7.9202447238459905,0.7406868712688471,-20.698137149365905,-0.09381847667661866,-22.195958806619515,1.14409509836503,182.807730797538,-0.2650615198126213,-154.1804709137306,1.1240474791528146,-8.71857370136189,-0.11687640990983536,-20.3314206894929,0.8575632811786825,-0.36671645987300394,-0.03747177288994076,-21.44221151427605,-0.0563467037866779,-0.7537472923434656,7.39343045462738,112.496059000492,119.889489455119
1756,0.878003060817719,0.04909184459569254,-16.21909721247807,0.09704407085037305,-75.33749213733053,0.8563310606533971,-152.08795503330086,-0.04177879517199018,14.247312721995298,0.7103804109092766,-10.089034220561746,-0.1383399835730282,-12.47107904819203,1.12723298093936,171.842501279718,-0.2666175916039293,-144.07666008888242,1.1229486522573264,-8.011294944418438,-0.11607012111063199,-9.896367352796526,0.8264505320199086,-0.19266686776522057,-0.034411287372621016,-11.975330640215995,-0.10392869620040719,-0.49574840797603414,7.46040520321185,112.29837217927,119.758777382482
1757,0.878508746623993,0.05006825912809362,-12.156707376816847,0.09808147870045972,-79.10757297012287,0.8574944314185403,-153.1677523050867,-0.04076556614553447,11.178374324808619,0.6873371029587788,-8.124949201038099,-0.1888482901317563,-10.691443178357485,1.12124096791128,173.699256736931,-0.26949225262932325,-144.8077048605006,1.1269866840478635,-8.360047444586115,-0.11645888531551399,-7.93739056725397,0.8037959882742928,-0.1875586337841293,-0.0335394544130438,-10.217582446599128,-0.1553088357187125,-0.4738607317583572,7.48375256355212,112.187117516994,119.670870080547
1758,0.879019260406494,0.04946666444170606,-13.194712742184244,0.09903194327263476,-85.45292989939121,0.8854714691628455,-151.26084363587046,-0.04205419178566122,16.24344195392772,0.8516623583275333,-17.49887942158256,0.006734175232264286,-18.64907226242404,1.23428387177973,176.844549177929,-0.27050879981049186,-142.77329591215806,1.1559802689733374,-8.487547723712396,-0.11936325485723898,-17.32899794454908,0.9710256131847723,-0.16988147703348133,-0.036556456908961345,-18.088545198268278,0.04329063214122563,-0.5605270641557603,7.54638130888088,112.107853263617,119.654234572497
1759,0.879522144794464,0.048703825226963544,-22.67052306765646,0.10068840790594097,-69.75374641106656,0.8751893713082737,-155.950767492298,-0.04307151872057272,11.987945837656946,0.8441221122708379,-11.059484697932877,0.07008354924468772,-19.01394800847167,1.22383644893979,174.14859431542,-0.27116808553484956,-147.0245234791769,1.1463574568431232,-8.926244013121106,-0.1178652706462432,-10.960205123301325,0.9619873829170811,-0.09927957463155224,-0.038386025345503644,-18.407462287957262,0.10846957459019137,-0.6064857205144065,7.54811840660113,112.169922381639,119.718040788241
1760,0.880009531974792,0.04975431991265295,-14.136107517861904,0.0989604795248686,-82.7425114541225,0.8655673744022361,-162.22879289274812,-0.042695728420119414,11.12227051064938,0.6792184903636694,-8.903723638229765,0.018782154078837307,-23.696479615976624,1.10679221205988,184.739920761753,-0.2692749781369812,-153.42839690069783,1.1348423525392173,-8.800395992050284,-0.11636784429668198,-8.865343331831106,0.7955863346603514,-0.038380306398659414,-0.04108986762116691,-22.970780884124483,0.05987202170000422,-0.7256987318521411,7.52759116891684,112.322657853365,119.850249022282
1761,0.880511164665222,0.048205290095379175,-14.124335564684346,0.09770962368575183,-89.87313190913736,0.8632564012546063,-155.08740758442036,-0.04153005041100769,12.528603042573755,0.535067959318624,-9.219968414050134,-0.07654121513042395,-18.139973312178892,1.02516513725898,181.383056069408,-0.2651364119254025,-146.809943756835,1.128392813180009,-8.277463827585365,-0.1151644695349675,-8.972758579618654,0.6502324288535916,-0.24720983443148015,-0.03783781740770089,-17.63845211266804,-0.038703397722723056,-0.5015211995108508,7.45098060276359,112.511381223798,119.962361826561
1762,0.881016612052917,0.04728187982010543,-17.71266740824975,0.09822745040835901,-84.25272969192142,0.8503785309935971,-157.15011152480557,-0.04208748202226949,11.801534731709097,0.41666065235081456,-7.600619640171566,-0.10823981275549072,-13.702332742778378,0.960271402559507,180.258753360402,-0.2642525970691776,-148.42228347105163,1.1146311280627748,-8.727828053753939,-0.11488302423624129,-7.274018568098589,0.5315436765870558,-0.32660107207297706,-0.034715911740013594,-13.329158777550756,-0.07352390101547712,-0.3731739652276218,7.37341030613607,112.599718019366,119.973128325502
1763,0.881501793861389,0.04705278111630593,-19.171653745818713,0.09863532021534459,-75.94363395042828,0.8209407834182815,-153.22446937461476,-0.042318211673722635,7.487257608013276,0.4024376976457874,-10.226501508630573,0.15626521722043146,-23.092348246483425,0.934907701392409,174.087974217664,-0.26522260527003166,-145.16711791671713,1.086163388688313,-8.057351457897624,-0.11842309529125518,-10.191627337084915,0.5208607929370426,-0.03487417154565797,-0.03917006772233855,-22.93142438916001,0.19543528494277002,-0.1609238573234144,7.43402140508988,112.492447525263,119.926468930353
1764,0.882015109062195,0.047960248974304634,-17.101324300854824,0.09778827035389244,-84.37138283464971,0.8465275916234332,-147.67677262791486,-0.042150181613740366,7.377749760186667,0.5312431738275278,-10.058885949478666,0.14101742067882495,-23.159735434970514,1.01604800829664,172.94912671522,-0.2656619996163368,-139.2206389519907,1.11218959123977,-8.45613367592415,-0.12108053899684039,-10.06285775388798,0.6523237128243682,0.003971804409314217,-0.035896737509870706,-22.83107005567303,0.17691415818869566,-0.3286653792974832,7.49818408569263,112.447505295277,119.945689380969
1765,0.882516384124756,0.04674624498328015,-19.54215145308058,0.09785738734960633,-80.02284031548773,0.8463323763254764,-156.37621043755624,-0.04353508128377159,11.633703688209987,0.5471012083918043,-14.533408221569923,0.05164416709637844,-18.229258340930432,1.01583558040506,178.65592271762,-0.2637212181496306,-147.24139986850702,1.110053594475107,-9.134810569049222,-0.12242381353081322,-14.501290896382347,0.6695250219226175,-0.03211732518757593,-0.0320650778857498,-17.93121755636037,0.08370924498212823,-0.29804078457006256,7.43697384120242,112.571010380983,120.007984222186
1766,0.883009076118469,0.04622291862175266,-19.67226986886518,0.09793823872883164,-83.69769963221101,0.9134330976352731,-156.2119426817762,-0.046234929568681846,8.169201796648382,0.5031527939368756,-11.473820068713964,0.04269023783455943,-20.042654726448617,1.05033867863269,179.984906521016,-0.26368785192221256,-147.52534745413814,1.1771209495574857,-8.686595227638065,-0.12147966552696626,-11.351152731827844,0.6246324594638419,-0.12266733688612064,-0.03457715157204567,-19.628581726903544,0.0772673894066051,-0.4140729995450734,7.51632781108128,112.495322406292,120.011650217373
1767,0.88351047039032,0.046180412562312124,-20.62418624345281,0.09925245699077329,-78.66298046032118,0.9756837864814738,-155.3227697788696,-0.04508614415130028,9.754349211120592,0.5841292100955179,-13.636111666057825,-0.06890599378436374,-13.586202137077514,1.14539524286886,176.646709913591,-0.2658092332640555,-146.60959745025022,1.2414930197455294,-8.713172328619379,-0.12368443375654357,-13.525381088099326,0.7078136438520615,-0.11073057795849905,-0.0342958860837295,-13.108666835715534,-0.03461010770063424,-0.4775353013619803,7.60986311034503,112.329675927758,119.939539038103
1768,0.88401186466217,0.046477541909860844,-11.396679124744843,0.09913232092961564,-75.6652806636756,0.9666882418689913,-152.62707812728414,-0.04245173673063977,13.0480099842569,0.5568636599303263,-14.636501436775319,0.09379165140717237,-25.23411319706069,1.12568632198262,173.699113925078,-0.26459522534851937,-143.8568724716352,1.2312834672175106,-8.770205655648937,-0.12445789262044188,-14.498837017827004,0.6813215525507681,-0.13766441894831516,-0.03393059342137901,-24.47068912982397,0.12772224482855138,-0.7634240672367198,7.48595293534163,112.501283109188,119.98723604453
1769,0.884502172470093,0.045965541710980475,-21.336574948818114,0.10006011460242509,-76.67335113217057,0.9800411863621358,-157.28418737057953,-0.04283211418992937,7.964979539361825,0.43012841010242886,-14.561954774116646,0.1612097672423311,-18.745268312427548,1.08877877126746,178.042815949473,-0.26443263364684,-148.61290028159493,1.2444738200089758,-8.671287088984599,-0.12240232625258424,-14.299359155555953,0.5525307363550132,-0.26259561856069347,-0.0348163908254576,-17.94971386953485,0.1960261580677887,-0.7955544428926977,7.4494684580568,112.613983377814,120.063451835871
1770,0.885018527507782,0.04563122254424395,-19.534662270395213,0.10042217690572768,-71.25155381259526,0.9979732720092506,-159.24151070168762,-0.043249796710919525,10.962149905257688,0.4472926200333433,-10.197504742402252,0.1565114310617971,-10.177397197476068,1.11110509612505,176.476578980088,-0.2644131370048852,-151.00506742807133,1.2623864090141357,-8.236443273616288,-0.12210350783107088,-9.989295752679423,0.5693961278644142,-0.20820898972282897,-0.03664127718992866,-9.457275929489692,0.19315270825172576,-0.7201212679863769,7.46394583494839,112.630584046245,120.094529881193
1771,0.885500133037567,0.04639294476989783,-14.46497508738497,0.0989609674227904,-76.00682595133969,1.0456411005005333,-168.2180452358697,-0.04232830115525285,18.764035727293784,0.46307455625713156,-13.160339661975874,0.13970760922980707,-17.367763059721415,1.15804094714383,187.377977918819,-0.26397227608506457,-160.28262472784837,1.309613376585598,-7.935420508021338,-0.12252908202228048,-13.159370074616357,0.5856036382794121,-0.0009695873595170212,-0.03589388912848583,-16.625170218534194,0.17560149835829292,-0.7425928411872214,7.62371923838418,112.544510647655,120.168229886039
1772,0.88600766658783,0.045553325227273594,-18.31582677172032,0.09829466221239223,-74.8009228576705,1.0037068752616365,-162.13482859494965,-0.04579455710557553,17.046912949478426,0.4237396271672955,-15.401751451946469,0.23717001515950537,-13.16891724222126,1.12118975498768,181.437542378725,-0.26159297236271456,-153.28892594391357,1.265299847624351,-8.845902651036084,-0.12284918159525393,-15.207348428723432,0.5465888087625494,-0.19440302322303715,-0.033577927636439034,-12.366991464712441,0.2707479427959444,-0.8019257775088189,7.51521832256913,112.686982139945,120.202200462514
1773,0.886510074138641,0.04543263253107699,-17.207273418093756,0.09821979458552252,-72.2723838591842,0.9828986958080482,-165.35988805658832,-0.046857168961107816,17.434803926652144,0.4697520919868352,-7.970793813711393,0.19893597121051698,-17.846940960911173,1.11366028986348,183.164678769968,-0.26013420787758756,-156.55734258712087,1.2430329036856358,-8.802545469467447,-0.12159905384628944,-8.061112607320277,0.5913511458331246,0.09031879360888428,-0.034640404633979306,-17.07561354449147,0.23357637584449628,-0.7713274164197017,7.44904412176129,112.83387093246,120.282915054221
1774,0.887008488178253,0.0467106028152737,-13.822309440889883,0.09887506286912973,-76.25455456789255,0.9835510465849304,-152.58747098124186,-0.044302525155327836,16.170570382815036,0.36937319899283594,-10.221401193964091,0.19132852397315275,-10.994048046109686,1.07440062251757,172.556028907693,-0.26382908790557597,-143.8213325944169,1.2473801344905064,-8.766138386824963,-0.12389145472540196,-10.234671132612531,0.4932646537182379,0.01326993864844006,-0.03414929864306756,-10.36380155839664,0.22547782261622032,-0.6302464877130465,7.53329897385993,112.549697399139,120.082996372999
1775,0.88750171661377,0.04677217230595846,-18.895870323009976,0.10005894543780759,-70.23195921897654,0.981926792881053,-155.3242541996926,-0.042763871294851055,18.725136623724076,0.3034048849217786,-13.088982416693995,0.20062660185296682,-14.827790856548193,1.05380926238841,173.657771313748,-0.2653449098627347,-146.59921838177306,1.2472717027437876,-8.725035817919547,-0.12452533969221669,-13.120861626786239,0.42793022461399527,0.03187921009224404,-0.033297507506465145,-14.244927172763733,0.23392410935943198,-0.5828636837844599,7.57839565817812,112.507215678692,120.08561133687
1776,0.888002097606659,0.04706886012844547,-9.193761771707477,0.09983032641725992,-73.19087109532367,0.9184471765802366,-164.35948534330078,-0.04199451791588828,18.97101570768567,0.354648297339873,-14.881277537436963,0.2676466699067894,-15.592161192312018,1.02708348350454,182.427894353622,-0.26329294101607476,-155.81105140424003,1.1817401175963114,-8.548433939060743,-0.12396489804623545,-14.84666637299734,0.47861319538610847,-0.034611164439622755,-0.03190696392260698,-14.666556424646496,0.2995536338293964,-0.9256047676655221,7.25865476230319,112.876521989703,120.135176752006
1777,0.888512074947357,0.04638700592286808,-12.11125368916154,0.09957823459125309,-79.22889269559673,0.9871145086222274,-159.11806481994506,-0.042483503635203486,22.08666728339825,0.3493151354737922,-7.941818900229547,0.25287474660561277,-15.687692997686685,1.0836208662066,180.386960522259,-0.2636062783030715,-150.8129810193051,1.250720786925299,-8.305083800639949,-0.1228298618825223,-7.878667789625373,0.47214499735631454,-0.06315111060417422,-0.03188719669602104,-15.042895670835845,0.2847619433016338,-0.6447973268508402,7.34368010560229,112.678369984031,120.022050089633
1778,0.889003753662109,0.045915635344417983,-18.047016802090656,0.10016787992962195,-68.91785805875234,1.062170070505477,-156.78616167807658,-0.04323284488709321,19.243694160414204,0.3440513416358945,-9.785524931295464,0.24597848700537475,-8.89841255842749,1.14938806720978,173.788735186679,-0.2639833033892032,-148.85507354693948,1.3261533738946802,-7.931088131137102,-0.1255793040039697,-9.74985764292207,0.46963064563986423,-0.03566728837339461,-0.03140478284708848,-8.24108897580956,0.27738326985246325,-0.6573235826179289,7.47596096459893,112.615214750171,120.09117571477
1779,0.889508485794067,0.04572981638330539,-16.095174191786914,0.09916901706434322,-78.3423757667007,1.0638690927912478,-159.51819759351736,-0.04389641146298867,17.679880608324513,0.4142954160962624,-9.332951040796917,0.3088013009756143,-15.064033260808463,1.18855752358494,180.192244805532,-0.26344152861230663,-150.93505011555388,1.3273106214035544,-8.583147477963479,-0.12609746492664928,-9.336865179305486,0.5403928810229117,0.0039141385085681435,-0.034364276401102865,-14.767936580329344,0.34316557737671716,-0.29609668047911875,7.54702448423632,112.534025087953,120.081049572189
1780,0.890008151531219,0.045622895751770046,-21.554209239570156,0.09920727040859857,-76.44304777129864,1.0695406664430365,-158.99508666056482,-0.0438425968191887,18.51899668281115,0.38538456132287624,-7.40475906775184,0.2818060083159614,-11.029734701430039,1.17715709572638,179.184262180812,-0.2638935918960325,-150.24217061738548,1.333434258339069,-8.75291604317934,-0.12557099081541767,-7.243211875852293,0.5109555521382939,-0.16154719189954658,-0.03156412088449007,-10.74480020689463,0.3133701292004515,-0.28493449453540975,7.60433961776289,112.456518277526,120.060857895289
1781,0.890507876873016,0.047056359778706286,-18.646191422350398,0.09915575680111373,-78.7490535719455,1.016680510661323,-156.0158570852938,-0.044243153702054956,25.704794596638767,0.3952832657558123,-7.881151320156985,0.3258908545765703,-17.15676806798827,1.14459450976917,178.625992669097,-0.26391619002749384,-148.15249970205113,1.2805967006888168,-7.863357383242658,-0.12685370926891235,-7.820957799336,0.5221369750247247,-0.06019352082098539,-0.03204392647734539,-16.61456082717567,0.3579347810539157,-0.5422072408126013,7.39838380503897,112.681870505214,120.080254310253
1782,0.891008198261261,0.04666618568703048,-22.67296802105154,0.09856747926259461,-79.71565161370651,0.9929473574234878,-159.43036569914912,-0.04666356389151689,21.902685164854365,0.35163501497194205,-11.498330438177877,0.29947166842394257,-15.260851816635537,1.10151971730289,182.020666179727,-0.2629937313697241,-151.78062997140404,1.2559410887932119,-7.649735727745082,-0.12809589872088373,-11.495940809881755,0.4797309136928258,-0.0023896282961217707,-0.03475516636306477,-14.981470535674093,0.3342268347870073,-0.2793812809614433,7.36201109513786,112.737275794148,120.099286889286
1783,0.891503155231476,0.04577179754493034,-21.687673709470065,0.09844367321781915,-81.91717975192822,0.9919648255442741,-159.87241153679687,-0.04605822845875812,23.826080388407203,0.33758659447697265,-3.078551742220217,0.3004230356029927,-9.570258111186286,1.09641255869514,182.780515722678,-0.26283849489984995,-151.91226158469868,1.254803320444124,-7.960149952098192,-0.12628913883022277,-3.005070033667639,0.46387573330719545,-0.07348170855257807,-0.033418635479545516,-9.272138494163833,0.33384167108253826,-0.2981196170224525,7.38238737379129,112.639628961682,120.022016335474
1784,0.892005264759064,0.04545586166765793,-19.85657195414047,0.09752894685252463,-87.1319544450444,0.923185316426685,-143.59754032563595,-0.044142798928864795,28.959961156570703,0.42057481471204405,-6.034413840783721,0.2947060095956016,-17.19162764125961,1.06279473693609,172.560598296087,-0.26114063776900337,-136.00036726075228,1.1843259541956883,-7.597173064883663,-0.12600639710764003,-5.997754173533464,0.5465812118196841,-0.036659667250257044,-0.03141644331812711,-16.723760852667464,0.3261224529137287,-0.46786678859214703,7.16890589500326,112.769131392241,119.938037287244
1785,0.892518639564514,0.04513437238565009,-19.755700029594777,0.09819594989371798,-74.7706602895451,0.9071146933792301,-153.86594120200343,-0.04593247151549804,26.00082977461824,0.4656410060930952,-3.897715926820792,0.23110343679545992,-15.180020366412583,1.05208210710203,174.863762805539,-0.26152665079313286,-145.79966075122647,1.168641344172363,-8.066280450776958,-0.1257011641045808,-3.8546741126521473,0.591342170197676,-0.04304181416864461,-0.03224630298688456,-14.735415929124407,0.2633497397823445,-0.44460443728817545,7.14118067921027,112.774406895041,119.915587574252
1786,0.89300525188446,0.04539273193285893,-19.106767995570728,0.09715073424060224,-81.15906999056412,1.0137926230958851,-150.05220334634518,-0.04466829594830092,28.141980574153706,0.48682580163788314,-6.778917310159485,0.2177308613326437,-12.35474144335353,1.15137986507468,174.522466693343,-0.262543654217747,-142.7023648698263,1.2763362773136322,-7.349838476518869,-0.12456239863942725,-6.84513762431976,0.6113882002773103,0.06622031416027507,-0.03303114974639424,-11.96161934819937,0.25076201107903795,-0.3931220951541601,7.30973101336895,112.529375120997,119.839106134366
1787,0.893515169620514,0.04486764741660151,-22.890632360359845,0.0975337701896186,-82.98508935063407,0.9931585309359514,-143.2311724198288,-0.0442999776901882,28.88213876810989,0.4358876443169357,-0.8732406492655072,0.18563410895825114,-14.098215494586928,1.10648558896318,170.174542826864,-0.2619648627875562,-136.40626528787323,1.2551233937235076,-6.82490713195557,-0.12225373569022206,-0.8817568140676829,0.5581413800071577,0.008516164802175763,-0.030362547061092888,-13.675585803831964,0.21599665601934404,-0.42262969075496315,7.22858434912996,112.628514915705,119.857099264835
1788,0.894005179405212,0.044071569863047194,-16.8356751145933,0.09764492281559776,-78.25441770372146,0.9393462533765369,-152.2309905160626,-0.044367101597574864,36.61931743934627,0.4860961781857296,-5.919749129707777,0.1628854632573894,-19.337717927418183,1.07640040238097,177.006874144302,-0.2594091328831113,-145.42636629465932,1.198755386259648,-6.804624221403287,-0.12390700498848893,-5.767515688934757,0.6100031831742185,-0.1522334407730206,-0.02953168925307401,-18.66885689193864,0.1924171525104634,-0.6688610354795443,6.98066206676594,112.915067628026,119.895729694792
1789,0.894503474235535,0.04317541343686724,-20.468427167660053,0.09633175235128917,-79.48298817295773,0.8812843625692613,-148.96370108580237,-0.045941307054528376,37.17545815413842,0.44380952376093696,-3.9160427334694825,0.21864002709866395,-16.26070302446731,1.01719565918761,174.895530827151,-0.2563942306275089,-141.65803757837844,1.1376785931967701,-7.30566350742393,-0.12418109264946435,-3.8607722150322683,0.5679906164104013,-0.0552705184372142,-0.03161950296456213,-15.82098834725414,0.2502595300632261,-0.43971467721317126,6.85009422482108,113.07821816206,119.928312386881
1790,0.895011484622955,0.0432052786964163,-25.37551665593275,0.097075424657877,-80.25602102959309,0.9156968754862002,-143.2037470248717,-0.044764300028010975,36.3953639093957,0.4748580427878175,-6.009649910304413,0.2559281135329359,-10.471418597748348,1.0690109001356,170.477705089588,-0.25953974731186885,-135.75073519621037,1.175236622798069,-7.453011828661317,-0.12380352076263641,-5.972167052309082,0.598661563550454,-0.037482857995330576,-0.031025243509939616,-10.076718444528856,0.2869533570428755,-0.3947001532194925,7.09396291686244,112.699959516525,119.793922433388
1791,0.895507156848907,0.04381784312442655,-24.9251834988744,0.09861111658017008,-77.47853325574938,0.9319550070121474,-153.70085930127294,-0.04496356731241407,36.70211628056405,0.5046612224552072,-3.126330235819486,0.24716440237048976,-19.167676105073568,1.09452236359925,178.808168508458,-0.26344770355719527,-146.50761407094254,1.1954027105693426,-7.193245230330405,-0.12293707935371156,-3.1139164968186157,0.6275983018089187,-0.012413739000870283,-0.03187550301752621,-18.2839452681192,0.279039905388016,-0.883730836954367,7.33164476430375,112.405576303601,119.737221067905
1792,0.896010398864746,0.04333620682528473,-34.45624501500169,0.09919067068742683,-77.76027015067213,0.9317705475725823,-149.7097588683402,-0.044488600195874535,37.618699847176,0.5096678982107805,-4.402180240780843,0.2436179308199964,-16.82898815312528,1.09590303746642,177.100719778826,-0.2635513756058644,-142.4112632691256,1.1953219231784467,-7.29849559921459,-0.1220345425678206,-4.347737706581974,0.6317024407786012,-0.05444253419886902,-0.03251802280488852,-16.235566616502666,0.2761359536248849,-0.5934215366226141,7.28978295494744,112.422236844897,119.712019799845
1793,0.896517217159271,0.04382717525097625,-25.054062917896896,0.0995606685421898,-77.85590608979679,0.8952833146279381,-154.60586408757507,-0.04357962936638174,34.493014043881054,0.5280461492407482,4.211390411389827,0.2969522166972005,-14.32308870564328,1.08732603219426,178.899066764254,-0.2628697337900244,-146.97281652871976,1.1581530484179625,-7.63304755885531,-0.11798251284533343,4.350823639146667,0.6460286620860817,-0.13943322775684042,-0.03249244233003025,-13.406617006289217,0.32944465902723075,-0.9164716993540623,7.13913944075466,112.619177296758,119.758316737512
1794,0.89700186252594,0.0435389090703571,-32.25620004407765,0.09835830076553541,-86.75811558375985,0.8576386171659094,-150.08607371730784,-0.04463094460529119,36.758422074542125,0.5623609981102491,0.09264183668636393,0.2731843410502538,-17.05977170530019,1.06770102893729,180.929512715209,-0.2617253342116001,-142.40943058702197,1.1193639513775095,-7.676643130285868,-0.1196800686458055,0.07050140934804197,0.6820410667560546,0.022140427338321958,-0.03463921151671664,-16.119815584707528,0.3078235525669704,-0.9399561205926616,7.11976852114458,112.573660701513,119.693429222658
1795,0.897505700588226,0.043693627301744725,-29.305241070681518,0.09895168505746034,-78.70742121164056,0.8300123239584246,-157.40679936257382,-0.04439699517108648,33.52211619141069,0.49053637918348214,-2.807022887760261,0.22465984618015236,-6.482651396713933,0.996840060357584,181.670559569076,-0.2642401405645312,-149.99752266645902,1.0942524645229559,-7.4092766961148016,-0.12196776386511796,-2.798635566154117,0.6125041430486001,-0.008387321606144305,-0.033397375925282566,-5.847692953318623,0.2580572221054349,-0.6349584433953108,7.22965813425799,112.344289079309,119.573947213566
1796,0.898004651069641,0.04384860598922915,-35.04179917024236,0.10070284934221133,-76.49386147090847,0.8619661604590457,-156.51218181545974,-0.04224843239405345,36.22916442216827,0.5102915264019954,3.8163280847174774,0.2669406889478722,-13.549693793988906,1.04330682412354,181.895608812151,-0.26806757428491557,-149.57735523060572,1.1300337347439613,-6.934826584854022,-0.12154727009724457,3.7564578356738583,0.6318387964992399,0.05987024904361915,-0.03202058942476975,-12.786981068195162,0.29896127837264197,-0.7627127257937438,7.35890967813611,112.084353134036,119.443262812172
1797,0.898509085178375,0.043324863859768095,-35.592384225033086,0.09987972987526872,-89.31724525348706,0.8670607733948954,-152.02073880248733,-0.041865000342141585,33.72306235118781,0.5430131669012634,-1.9666968861911562,0.3537694584655189,-21.35966110564378,1.08876820143378,184.260796411174,-0.2662540671250373,-144.6056673497258,1.1333148405199327,-7.415071452761538,-0.12128004641441249,-2.0280970328682715,0.6642932133156759,0.06140014667711524,-0.03221458897292042,-20.757286717388062,0.3859840474384393,-0.6023743882557184,7.484681328031,112.122785970569,119.6074672986
1798,0.899001717567444,0.043738676323858014,-28.25161891741926,0.0988956466218988,-83.91556742110396,0.8152896404818792,-161.53080895618763,-0.04283957594232249,30.990565869249444,0.605806413871661,-2.9247826664909904,0.3277871614562137,-12.232378524256431,1.07362548506212,187.21853348428,-0.2654048826544958,-153.42908043055735,1.080694523136375,-8.101728525630278,-0.11908931296664067,-2.9910877515119383,0.7248957268383017,0.0663050850209479,-0.030146349372875497,-11.58023799833905,0.3579335108290892,-0.65214052591738,7.47166290502173,112.159995764494,119.631658669516
1799,0.899500608444214,0.04309210431337531,-32.42439463846354,0.0986447552034021,-83.6698958346263,0.7748650996597308,-150.90559419766973,-0.04219803660860778,33.60405929883312,0.5819855355856691,9.235322074422752,0.35906046220904375,-12.73956542483511,1.03991148339669,179.447239318947,-0.26307442014233023,-142.701180728059,1.0379395198020611,-8.204413469610728,-0.11319138231256165,9.220997359407427,0.6951769178982308,0.014324715015325395,-0.029927634876873072,-12.182484023366841,0.3889880970859168,-0.5570814014682686,7.31387489792542,112.371429726481,119.685304624407
1800,0.900014042854309,0.043003134536515136,-26.771191309199573,0.09972904120224564,-78.93433571343763,0.8027916990384263,-162.27204771679502,-0.04143920603236713,35.230568829398216,0.5794234316995645,1.8665008514572052,0.39896551745139686,-8.909493023638976,1.07372802347636,186.020427319816,-0.2637974491212134,-154.1444257862599,1.0665891481596397,-8.127621930535128,-0.11347373927284245,1.6446169565127569,0.6928971709724069,0.22188389494444838,-0.02848432347736871,-8.680143258102149,0.4274498409287656,-0.22934976553682773,7.3134356478331,112.402322754264,119.715758402097
1801,0.900507748126984,0.04293036685351753,-23.43089448421643,0.09928950702477163,-81.14318217881599,0.8135611268174479,-155.19155019640536,-0.04037352980085793,34.21009506515907,0.5460760177149432,4.874761107932627,0.3652725586918478,-5.831914371010549,1.05206283597376,180.127025202372,-0.26385072404814824,-147.30358681344262,1.077411850865596,-7.887963382962738,-0.11387911924437352,4.6971305709725115,0.6599551369593167,0.17763053696011522,-0.02814852113395658,-5.517792171912097,0.39342107982580443,-0.31412219909845174,7.38708056393898,112.291071921587,119.678152485526
1802,0.901014626026154,0.043190096626661734,-25.620142943418823,0.09867516852880831,-83.59966859178797,0.8169769484291755,-154.10299785793228,-0.04133221621069822,34.39208538374613,0.6476935865109112,-3.351730312345172,0.24194816927107743,-10.127288353445426,1.07647933482875,180.802770621535,-0.26396393718287525,-146.34416479591607,1.0809408856120508,-7.758833062016208,-0.11810928800127923,-3.307683770412845,0.7658028745121905,-0.04404654193232682,-0.02950232207422731,-9.802373511084815,0.27145049134530475,-0.3249148423606112,7.4363333013298,112.225830689073,119.662163990402
1803,0.901517152786255,0.04337479992771545,-28.80747799582209,0.09948920733605313,-76.3609199488761,0.8181768954810434,-162.59341509985788,-0.04112010744157389,31.78440095176936,0.691531162039974,-6.075642053033283,0.180818833934876,-13.569858856561444,1.09260906547496,185.280280001298,-0.2658273607804255,-154.7648695489293,1.084004256261469,-7.828545550928567,-0.11718057500465638,-5.971683724560566,0.8087117370446304,-0.10395832847271702,-0.030804210543188253,-13.207144406582506,0.21162304447806424,-0.3627144499789381,7.56221072342669,112.083384856582,119.645595580008
1804,0.902002513408661,0.043689957234211194,-25.92719474416183,0.09916022376416397,-82.87085852893645,0.8205134210866332,-158.59439508874627,-0.040646509662262104,28.82756051895268,0.575683966809606,3.521840264915469,0.27057494921321745,-9.083218977912981,1.04463333665669,183.351894578475,-0.2654483278009378,-150.52817544625552,1.085961748887571,-8.06621964249075,-0.11224906267627975,3.6981127974389243,0.6879330294858857,-0.1762725325234551,-0.029043900788286295,-8.943931399504716,0.29961885000150373,-0.13928757840826478,7.59988395244,112.109750166535,119.709634118975
1805,0.902523040771484,0.04330323171287579,-17.501665627383044,0.10025266206480461,-80.30412003440388,0.8255370836662217,-165.32802537571118,-0.041718736185269764,31.514814614770977,0.6112509006658295,-6.8775078107601795,0.25147475538990943,-12.451195819005765,1.06397599209197,187.840176480108,-0.26518597512588343,-157.18867214295025,1.090723058792105,-8.139353232760925,-0.11406323433643033,-6.804851738627063,0.7253141350022598,-0.07265607213311664,-0.028926810113178998,-12.06607141529909,0.2804015655030884,-0.38512440370667456,7.50859395420594,112.275070399046,119.783664353252
1806,0.903006672859192,0.0411998359210057,-28.479790215625407,0.09980936162365836,-83.12739392980662,0.8430342116123837,-155.986420109013,-0.04330478835353536,31.86813794950885,0.5601840149673697,5.537091639093218,0.23561776188772082,-11.738008230114373,1.04573571332954,182.310295288312,-0.26221582480383476,-147.92387925821168,1.1052500364162183,-8.062540850801327,-0.11233786723573044,5.583275750478338,0.6725218822031002,-0.04618411138512002,-0.03128132075535267,-11.457333640583457,0.2668990826430735,-0.28067458953091595,7.51107926244458,112.360694512725,119.871773775169
1807,0.903502345085144,0.04009430802223727,-29.220947851140927,0.09987764328301128,-79.6292871951588,0.8478365165517414,-155.9421607235133,-0.04551627978305342,27.16870009877065,0.5293323238739001,-9.065293838359079,0.20267282553385407,-6.46218783220964,1.02652353650321,179.929770612475,-0.26008173699044795,-148.54631449485586,1.1079182535421894,-7.395846228657433,-0.11701041874113179,-8.953607542849882,0.6463427426150319,-0.1116862955091964,-0.03248954443619948,-6.151016455582727,0.23516236997005355,-0.31117137662691263,7.39668819525468,112.533496618271,119.930184813526
1808,0.904008507728577,0.0402850027264269,-26.716248821008932,0.09961500211679035,-81.66493819189009,0.8498022833276946,-169.54641031292502,-0.04541474133076766,23.90652371575629,0.5033748681424164,-2.721065805046297,0.11802355641667776,-7.7634003085261165,1.00154294332152,191.750102452614,-0.26146003512582555,-161.6404590604732,1.1112623184535202,-7.905951252451814,-0.11488193693835816,-2.585900255123221,0.6182568050807745,-0.13516554992307617,-0.0321417151480574,-7.567260119713326,0.15016527156473516,-0.19614018881279094,7.51478121060063,112.345487982035,119.860269192635
1809,0.90450245141983,0.04186058031531295,-28.912814897329792,0.10059829637081365,-79.70761016391748,0.9109196341151456,-163.30466019931782,-0.042225710548908,25.298679991143292,0.3774620478285511,-4.258172251366814,0.14034082333876832,-4.785529213695325,1.00279761672593,185.845964594921,-0.2659180255700016,-155.1349109525715,1.1768376596851473,-8.169749246746335,-0.11405695688878949,-4.12730653116849,0.49151900471734056,-0.1308657201983241,-0.03015045702665387,-4.768591320297975,0.1704912803654222,-0.0169378933973503,7.69823737346451,112.008574619889,119.706811993354
1810,0.905006051063538,0.04111948790822294,-35.50057856864512,0.10063479878001716,-88.23658191586532,0.9566757125813456,-149.74792826917852,-0.04227798687938749,27.44060233436004,0.3991675254808885,3.6351483133556965,0.08359223145109629,-7.063579379337675,1.04649720342982,179.684508517556,-0.2656574393492104,-142.0056972538314,1.222333151930556,-7.742231015347102,-0.1132488281251745,3.6793586816091297,0.5124163536060631,-0.04421036825343316,-0.029982273248464142,-6.762713809735752,0.11357450469956043,-0.3008655696019229,7.71952623815741,111.954441845417,119.673968083574
1811,0.905509471893311,0.040215098392043,-31.320102588254347,0.10038796177424175,-81.92366913564794,0.9333043919114653,-158.61330815064687,-0.045653142895886796,25.976828447862083,0.387153418875966,-7.662245061677473,0.008538065157249298,-4.001975064696849,1.01724970519993,183.30340786055,-0.2629905989730696,-149.9938434134426,1.1962949908845348,-8.619464737204282,-0.11532358032992059,-7.480191249632259,0.5024769992058866,-0.18205381204521398,-0.032050595274356476,-3.820008072485494,0.04058866043160578,-0.18196699221135448,7.56818556565304,112.201725825667,119.76991139132
1812,0.906014204025269,0.039720561999896084,-32.51294729784104,0.09950341944816184,-84.90692192583239,0.8981356790746398,-158.05034574526965,-0.04725931689400229,20.281822197401553,0.3860389519685552,1.5703849570134456,0.07278140302415462,-6.970015510121542,0.987260350490569,183.59898817772,-0.2601275362750712,-149.32723858802424,1.158263215349711,-8.723107157245408,-0.1144122313462391,1.856501886895589,0.5004511833147943,-0.2861169298821433,-0.03365128286894922,-6.665446526374326,0.10643268589310384,-0.30456898374721675,7.43313169948851,112.43449704349,119.867628742979
1813,0.906504213809967,0.039992021364527605,-28.461640799088553,0.09997860406471851,-85.6118299195838,0.8583019467626261,-161.7317748715239,-0.04599247831263282,26.42547599537665,0.437480166982563,-8.843393311240884,0.06998540771830004,-11.309304915438778,0.97297455090973,187.619373164818,-0.25994362849392383,-153.3081918747216,1.1182455752565499,-8.42358299680231,-0.1165837338412807,-8.661607385867628,0.5540639008238437,-0.18178592537325677,-0.03396253606739844,-10.955558810676688,0.1039479437856985,-0.3537461047620898,7.32018779568898,112.577243387699,119.897431183388
1814,0.907007992267609,0.03910802084068795,-29.488883814210045,0.09852602585602614,-92.64383590674919,0.8530368190605,-150.46380680089044,-0.04712879953149761,22.843867084703966,0.4236712679395551,-1.2455938503007435,-0.10657200939499233,-5.384202462153723,0.965393541488232,180.677101926938,-0.2570543690889858,-142.20599410639835,1.110091188149486,-8.257812694492088,-0.11305654339806297,-0.9179818303767087,0.536727811337618,-0.3276120199240349,-0.03168942304790194,-5.109018873878249,-0.07488258634709039,-0.27518358827547384,7.2670600736019,112.655367940664,119.922428014266
1815,0.907515704631805,0.03900265763620432,-27.143718075459233,0.09919051292056506,-78.84477327581227,0.8444219359033378,-152.05109078605446,-0.04628899557465233,23.06282037797262,0.2987295127462031,-0.6865801323682694,-0.03754436596283369,-6.685641402737915,0.90399111904007,175.071062115171,-0.2576907229090263,-143.9383137729774,1.1021126588123642,-8.11277701307705,-0.1133951058561696,-0.27066565453450553,0.4121246186023727,-0.4159144778337639,-0.0328542124247544,-6.3193026522341516,-0.004690153538079292,-0.36633875050376385,7.21932996617761,112.648846060038,119.868176026215
1816,0.908013701438904,0.03882420953313185,-28.233359089721603,0.09938028476678577,-79.35830520436755,0.7989405986274142,-147.325297282498,-0.04550948186490987,23.100798253426944,0.24935036791105858,-6.18652085760588,0.0066311000273917495,-7.95819744630007,0.844973686445854,171.56590342092,-0.25684175385136576,-139.35168282499657,1.05578235247878,-7.973614457501441,-0.1151238999099007,-5.787350548929186,0.36447426782095926,-0.3991703086766947,-0.03382446493604648,-7.643015032965016,0.04045556496343823,-0.31518241333505426,7.16955114203665,112.773256391287,119.942807533324
1817,0.908518373966217,0.037950570659112545,-30.370488966623572,0.09992891294290508,-73.96932363974072,0.7786382714897555,-147.62135343330203,-0.04673005169762473,24.1419744267304,0.27523250212166595,-4.481067671074626,0.02235813843148612,-18.253194727704937,0.834350109722408,170.651649402324,-0.2567589047895045,-139.67148173523546,1.03539717627926,-7.949871698066573,-0.1152916244678156,-4.168431633296833,0.39052412658948155,-0.3126360377777928,-0.03376294835936205,-18.031618126338692,0.056121086790848165,-0.22157660136624457,7.15451968196066,112.770888879895,119.925408561856
1818,0.909002244472504,0.03808026480963053,-28.715526118073715,0.09997249441399177,-79.36368308307026,0.8119027136336056,-145.33828050271595,-0.0472303159778363,21.130560274246157,0.3749270890428917,-1.0715142185614426,0.03592056887703375,-7.283502460741932,0.902619485013996,169.549666884231,-0.25784878039670067,-137.58270127651025,1.0697514940303061,-7.755579226205697,-0.11615085540678755,-0.8802528786041139,0.4910779444496792,-0.19126133995732864,-0.029458771160128207,-6.876472119781076,0.06537934003716196,-0.4070303409608558,7.15832299589965,112.647592619061,119.805915614961
1819,0.909507691860199,0.03823432886253067,-27.772097753373483,0.10096701105405258,-76.20477688429891,0.7946388579422826,-152.87661688937692,-0.04681543043795346,23.31047667152542,0.4044006997287657,-4.913629998246443,0.07779767694670889,-13.775109258388358,0.90271324615466,175.234109529635,-0.25884886254009837,-144.7265318003035,1.053487720482381,-8.150085089073428,-0.11709615227274621,-4.6140090674890475,0.5214968520015119,-0.2996209307573956,-0.031518518285365164,-13.33527304896843,0.10931619523207406,-0.4398362094199282,7.20022374083055,112.649151131511,119.849374872341
1820,0.910003960132599,0.03808834222307776,-27.527990478610988,0.09929258361257863,-77.41388042570927,0.7718507444612845,-154.8203212187877,-0.04827056526288361,24.455087417085206,0.43542786750039353,-1.2821231272412568,0.15242353192566285,-4.8873782741821525,0.906765525949589,177.041273750871,-0.25641994735675805,-145.8938808695632,1.0282706918180426,-8.92644034922452,-0.11239710157975924,-1.0900413667794782,0.5478249690801528,-0.1920817604617786,-0.032907414824818224,-4.839617185608929,0.18533094675048106,-0.04776108857322381,7.23955759420642,112.735016942024,119.974574536231
1821,0.910512328147888,0.038014972700731266,-31.09579408958045,0.09849447761826292,-74.74198292042487,0.7574166157284299,-155.9885747945941,-0.049921481706636565,21.68624174198642,0.4236685277243719,1.3337272018292472,0.18600495767582367,-11.640407018828993,0.895215756146052,177.46357054926,-0.255078336906163,-147.66661148135893,1.0124949526345928,-8.321963313235159,-0.10919590945587773,1.5093372643546323,0.5328644371802497,-0.17561006252538514,-0.035328276402570996,-11.356057488042131,0.22133323407839467,-0.2843495307868622,7.14769860419619,112.830220341682,119.977918945879
1822,0.91100001335144,0.03813815005939243,-22.783186290598977,0.0982250926401922,-80.056593058307,0.7247544712989282,-149.70135587690768,-0.049493266330037367,23.343204685855884,0.37118936569452227,-0.6854922159038876,0.21900903429487903,-12.08334604014183,0.851215493692055,173.291690444608,-0.2535248845574152,-142.38628310936247,0.9782793558563434,-7.315072767545217,-0.11115467647492042,-0.5142852663586308,0.4823440421694427,-0.17120694954525684,-0.03501442494538952,-11.82308480435278,0.25402345924026853,-0.26026123578905036,6.92105834407494,113.053938195109,119.974996539184
1823,0.911501288414001,0.03795072350111476,-23.19416629489223,0.09910299847661891,-78.54359010849106,0.7556595111438518,-156.84834841408087,-0.04883407949183571,23.434017737869727,0.3991085696715754,-4.68265753234413,0.2302601495598991,-17.48984992968455,0.892734626125778,179.403022875696,-0.2547710618607026,-148.84204793696955,1.0104305730045544,-8.006300477111324,-0.11230652519971514,-4.472849722098347,0.5114150948712906,-0.209807810245783,-0.032966758873107196,-17.245131252219537,0.2632269084330063,-0.24471867746501275,6.97047815477708,113.017901197076,119.988379351853
1824,0.912019014358521,0.03867325903337097,-23.223224231142215,0.09865077517958316,-76.24941007196004,0.7967156575152379,-151.10811436159247,-0.05033428281044687,20.61427571583998,0.4599454571699848,-2.416967304453895,0.09793190450425161,-4.0853607170033825,0.932554264831227,172.14654563004,-0.25832559758199675,-143.21678941886717,1.0550412550972346,-7.891324942725305,-0.11141878675043888,-2.4362228062027187,0.5713642439204237,0.019255501748823622,-0.031152758089379298,-3.9718816771666847,0.1290846625936309,-0.11347903983669783,7.24165873990205,112.53858217597,119.780240915872
1825,0.91250479221344,0.038747475413697344,-22.456227192605336,0.09828442859192019,-75.2872866112508,0.8311616285383252,-145.20907069001808,-0.051955406455792726,17.588368896701972,0.4147898923916179,-2.5556246240879745,-0.003966141363917276,-3.148888039084854,0.936352816985463,166.084103120129,-0.2583033324040526,-137.82188477314276,1.0894649609423779,-7.387185916875325,-0.11385630089730633,-2.415208746882224,0.5286461932889243,-0.14041587720575066,-0.03257610428828822,-3.0806636971997348,0.028609962924370944,-0.06822434188511917,7.27436065132497,112.469841346145,119.74420199747
1826,0.91300755739212,0.038674217091121586,-19.588367806021864,0.09862514497916934,-81.66495208810237,0.8399559361938571,-145.73046558979743,-0.05015451845837286,20.979246907550454,0.39642937365002406,-4.019650164069263,0.007166617781174882,-6.100325917279608,0.936200658759561,169.657706923151,-0.2568923061158137,-138.6816165602364,1.0968482423096708,-7.04884902956104,-0.11302833341563621,-3.8683998100998673,0.5094577070656603,-0.15125035396939523,-0.031688668799714236,-5.818815502535485,0.03885528658088912,-0.28151041474412253,7.22971139275614,112.671158209443,119.900869602199
1827,0.913501799106598,0.03709624487379248,-20.512527456447188,0.09971933802731316,-69.20582489352891,0.819869963950408,-153.08902043940958,-0.05070319802947094,23.421855834650813,0.4038396986425803,-5.500750477284222,-0.08363700595307944,-5.33030959837062,0.925288766171581,171.037165399542,-0.2543598755813641,-145.70808373307398,1.074229839531772,-7.3809367063356035,-0.11152438866123565,-5.233854512602139,0.5153640873038159,-0.26689596468208254,-0.029456737156483483,-4.99234564100305,-0.05418026879659595,-0.33796395736757034,7.05686520093241,112.998784184456,120.055649385388
1828,0.914001762866974,0.03707244712990911,-23.83480732347436,0.09946880520446234,-67.12484852090671,0.8466491239173495,-146.77634583095693,-0.05151406366861271,23.29789778396858,0.42637608088299506,-1.9280575223864025,-0.15515927969346577,-2.4179316816777137,0.967785002856941,164.831716805867,-0.2543952910476918,-139.34947150502708,1.1010444149650414,-7.426874325929845,-0.1124698014370911,-1.7923529110032033,0.5388458823200861,-0.13570461138319923,-0.029324489538399553,-2.215505349335093,-0.1258347901550662,-0.20242633234262053,7.05878696801301,112.953883469105,120.012670437118
1829,0.914517343044281,0.03823647404155462,-17.909108730298524,0.09810646707376003,-76.6865774064669,0.8844508271708944,-144.15258418687728,-0.05117723415028431,25.212549560450576,0.44548935990879934,-6.584019045039479,-0.17074155063967716,-10.414143560914727,1.01171771197018,166.640364875433,-0.25482672706149306,-136.60731135486094,1.1392775542323874,-7.545272832016337,-0.1149723093284446,-6.493748383544882,0.5604616692372439,-0.09027066149459717,-0.031811692570720515,-10.136551935955536,-0.13892985806895664,-0.2775916249591912,7.25690339452194,112.781269937754,120.038173332276
1830,0.915009379386902,0.03797401975433991,-18.86999427898405,0.09879389153077224,-72.5978892652647,0.885502334664432,-149.70192422830584,-0.052192528894173945,21.113973845551428,0.366199001886993,-2.7830402817944386,-0.09703620199086277,-3.2973009460658553,0.970339341379328,168.824209537044,-0.25436303208166644,-142.31573791889292,1.1398653667460983,-7.3861863094129205,-0.1122670610874314,-2.592048153711254,0.4784660629744244,-0.19099212808318455,-0.029853570055453433,-2.9473689466801525,-0.06718263193540934,-0.34993199938570285,7.17969699802416,112.916419371963,120.096116369987
1831,0.915517032146454,0.03744058705072096,-22.480220689882668,0.09875094576216936,-78.35666531031153,0.8891173796764666,-153.04521754168996,-0.0510033302837612,25.90904489341518,0.21300296456515955,-3.4973725990072966,-0.05354045510619578,-6.168534108790559,0.92332087847992,175.469447393664,-0.2547751800776541,-145.77837322026832,1.1438925597541207,-7.266844321421644,-0.11156386413408097,-3.4208558669002054,0.32456682869924053,-0.0765167321070912,-0.02848373816038574,-5.95004065150996,-0.02505671694581004,-0.21849345728059877,7.17158474634925,112.834809318185,120.006394064534
1832,0.916018962860107,0.03696644148397109,-21.36970934677483,0.09858119585421306,-75.0274212850535,0.8845929764942214,-155.3500742431277,-0.04910595860161316,26.243340717468463,0.13624746340506227,-1.7642107587999272,0.013980324861206449,-3.2273647401317844,0.902640415654353,175.845572148906,-0.253609700624865,-148.19724051131033,1.1382026771190863,-7.152833731817367,-0.11175071761336206,-1.6659971745440934,0.24799818101842433,-0.09821358425583382,-0.026033453831879716,-3.0603005138767227,0.040013778693086165,-0.16706422625506168,7.01646602442997,112.942466393113,119.958932417543
1833,0.916501581668854,0.037107279341220496,-17.750479901934863,0.09735236763506024,-79.225787205023,0.8644767729778821,-156.79474436036918,-0.05116664403907527,21.61583158186193,0.11170585826927995,4.3724046438072435,0.10524497874898356,-8.42028436118568,0.885633815111124,178.139439878164,-0.2521701738062086,-149.36625377845735,1.1166469467840907,-7.428490581911831,-0.11278838977783034,4.588531890128898,0.2244942480471103,-0.2161272463216548,-0.02865648303403381,-8.16551164318194,0.13390146178301737,-0.25477271800373913,6.88798356489133,112.998147502542,119.886131067433
1834,0.917015552520752,0.037096677275256396,-22.06069278663735,0.09794479859545953,-72.91431725981079,0.8890470445015022,-161.9252388705289,-0.052160258017462824,23.909248915814878,0.1368779151621913,-3.5491274955500365,0.09586251538339804,-3.726887644879415,0.91215123329679,180.613103046773,-0.25280347619576604,-154.20606584026515,1.1418505206972682,-7.7191730302637325,-0.11513351059954562,-3.420198132661823,0.2520114257617369,-0.12892936288821355,-0.030210491275747875,-3.4962255492921863,0.12607300665914592,-0.2306620955872285,6.86355223081318,112.993456855416,119.857009086229
1835,0.917511522769928,0.03719261627314656,-25.571983332898355,0.09755783789734374,-73.6987026137467,0.8939308489138467,-159.13740471492852,-0.05231800629746013,26.700303567338644,0.14362445928319265,-1.7830528658556226,0.09570111692439641,-8.311846844352067,0.91789816861577,179.430518485582,-0.2528651651231068,-151.67983649366548,1.1467960140369535,-7.457568221263045,-0.11354129493339571,-1.6531378817935432,0.2571657542165884,-0.12991498406207946,-0.03116297353038486,-8.352618044362014,0.12686409045478128,0.040771200009947606,6.85814697341993,112.954684302211,119.812831275631
1836,0.918017506599426,0.038389390472426344,-22.628023793177533,0.09749168012384904,-80.06800266715602,0.9234851815852632,-156.38471358304568,-0.05255347209406848,23.54940794460016,0.11314869384840681,0.10817243376398004,0.10776421289375354,-0.6188341813240663,0.943917831980695,178.701036443285,-0.254120740809311,-148.95534248707904,1.1776059223945743,-7.429371095966644,-0.11164720797494618,0.17325127330675308,0.224795901823353,-0.06507883954277303,-0.02851718516650961,-0.5922912517360289,0.13628139806026315,-0.02654292958803739,6.86590203279047,112.974644452333,119.840546485124
1837,0.918512582778931,0.03783626489105725,-29.941058210526993,0.09708644316104746,-78.24638525987078,0.9088549446592452,-150.3389920710239,-0.05390790776827489,26.270159524088523,0.0829872540848707,-0.9160108018586954,0.13504782566733708,-7.902886840985701,0.930002974670568,174.281933336664,-0.25291763822087276,-143.063189312611,1.161772582880118,-7.275802758412908,-0.11185175697195222,-0.8381839886335347,0.19483901105682294,-0.07782681322516072,-0.030995618521554944,-7.782427206434665,0.16604344418889203,-0.12045963455103603,6.7644229702164,113.05419306457,119.818616034787
1838,0.91901570558548,0.038467842231882064,-32.83960980982581,0.09736894292579677,-75.65924274172782,0.885133972787118,-157.30129664487603,-0.05310762899977619,27.377494301391803,0.1362170308844581,1.4560899285459923,0.13893627331924896,-2.417650431767141,0.913838838920281,179.733000132378,-0.2549865353153438,-149.89560841811658,1.140120508102462,-7.405688226759452,-0.11219981583104521,1.643509393109669,0.24841684671550332,-0.18741946456367664,-0.029294733777807593,-2.2770879211679396,0.16823100709705655,-0.14056251059920122,6.89135396385973,112.846081227064,119.737435190924
1839,0.91950649023056,0.038481559415152605,-30.23112229249132,0.09756494221346246,-79.36164318463797,0.85043492654201,-157.48935786891076,-0.05207804349554854,26.267927603495984,0.1854242198069798,-2.7239868663384623,0.024596303094223858,-9.055162911595389,0.87860033842351,181.092542934206,-0.2547760842017737,-149.68422044940985,1.1052110107437838,-7.805137419500909,-0.11373696291901475,-2.542241556125321,0.29916118272599457,-0.18174531021314122,-0.02702935360725756,-9.136875434076945,0.05162565670148142,0.08171252248155625,6.9225609050045,112.873607710004,119.796168615008
1840,0.92002260684967,0.037398579866346274,-30.215365457865467,0.0975547712055228,-81.66519350221448,0.8107676071950974,-155.99601036102246,-0.05151226375368264,26.37245404109935,0.19878282417005397,-2.6635072384281915,0.11655701561881912,-7.122956539211145,0.850889747517187,180.749175657543,-0.25347532677490503,-148.12533272576363,1.0642429339700024,-7.870677635258829,-0.1139213026538862,-2.2857529804215218,0.31270412682394017,-0.37775425800666973,-0.025978499851785467,-6.849011630600347,0.14253551547060458,-0.27394490861079834,6.85068140424664,112.926293060184,119.77697446443
1841,0.920503675937653,0.03640990598038206,-31.059553729950313,0.09674122192887737,-78.93928024901831,0.802565463004678,-155.3994875141462,-0.053062293879544316,27.254349846806065,0.19565731272141235,1.6462948378074984,0.06728078166071953,0.8101205952916969,0.836910964389705,179.14037158452,-0.25177244222113837,-147.51268705459228,1.0543379052258164,-7.8868004595539105,-0.11166186205897499,2.0398764138916223,0.30731917478038734,-0.3935815760841239,-0.02468190783996777,1.1152471472070127,0.0919626895006873,-0.3051265519153158,6.83531849381689,112.954188853502,119.789507347319
1842,0.921025276184082,0.03598699323189282,-32.45446165852785,0.0956461177984328,-74.13232223474643,0.7467106180481878,-156.9989667525522,-0.052588177413246645,27.982061853014994,0.15447767402369367,-4.673639437628211,0.08585094733764614,-7.446071116628579,0.775898990830559,179.047065066822,-0.24933418182668965,-149.24951976940875,0.9960447998748775,-7.749446983143457,-0.11557522822554926,-4.397759461294926,0.27005290224924294,-0.2758799763332851,-0.02633893951394499,-7.13507830261048,0.11218988685159113,-0.31099281401809886,6.67723807946277,113.115050494671,119.792288574134
1843,0.921504497528076,0.036806234442688615,-28.80568636235001,0.09479409431784955,-80.82169448207536,0.7561109174255294,-156.19841458108428,-0.05056789811537403,30.695053043660035,0.11106053407666841,4.416911112854263,0.11372833133913801,-8.675118524403377,0.780941756189188,181.098900189782,-0.24955479529953065,-148.54978553564555,1.0056657127250601,-7.6486290454387245,-0.11452381266563634,4.483588115890477,0.22558434674230476,-0.06667700303621427,-0.027870451494311322,-8.250021963214268,0.14159878283344934,-0.4250965611891093,6.77995532270677,113.048321276903,119.82827659961
1844,0.922016739845276,0.03762772183234079,-30.62560951292693,0.09622529043534551,-80.18407531808292,0.8075129837281602,-152.8398504692775,-0.051397245917989456,27.209527217637856,0.04178028978574111,-0.6433224308356681,-0.057908387692447966,-2.098752753693066,0.818836382757195,177.405216333692,-0.2533732307710824,-145.32463343833788,1.0608862144992426,-7.515217030939624,-0.11498473398359398,-0.5917044569570419,0.1567650237693351,-0.05161797387862621,-0.028706332731695237,-1.7770437614587784,-0.02920205496075273,-0.3217089922342875,6.96044719822908,112.797327280045,119.757774478274
1845,0.92250394821167,0.03797753500443479,-34.90637669832451,0.09686124297241971,-80.30201307836313,0.8511534409031926,-158.91257855860175,-0.05085096436956701,33.313510164586866,0.092277191276317,-4.971180234622814,-0.10553915242997744,-4.6817306366514435,0.87035968818605,184.598204912594,-0.2550629529802595,-151.48409227753586,1.106216393883452,-7.4284862810658865,-0.1158801848050527,-4.8731227409949325,0.2081573760813697,-0.09805749362788152,-0.02918216520787142,-4.5350476791455225,-0.07635698722210602,-0.14668295750592097,7.12403572425137,112.675047934055,119.799083658307
1846,0.923020601272583,0.03876734193981667,-30.867107514823058,0.0957448319637466,-82.42736605755432,0.8034025310271794,-152.87516665391345,-0.05287699922418886,29.030313351790877,0.23185380169085335,-1.2562542132869565,-0.10099908321926021,-11.493013505795629,0.850222667144502,179.148799070425,-0.25398175508427306,-145.21712540452668,1.0573842861114524,-7.65804124938677,-0.11462952561533032,-1.257006398875164,0.3464833273061837,0.0007521855882075545,-0.029378839369284104,-11.046848568135522,-0.0716202438499761,-0.44616493766010734,7.01998109142005,112.785043761134,119.805024852554
1847,0.92350435256958,0.03947119123628794,-31.27334035432732,0.09548176618124461,-79.23280771190069,0.7629080556170871,-154.148906319205,-0.052475108347698265,27.17628605132049,0.22032715709140857,-0.6898817837116688,-0.15590053454246283,-4.27745562617638,0.817499916669633,178.255625552991,-0.25492934464942635,-146.20145145931616,1.0178374002665134,-7.947454859888836,-0.11468614885166899,-0.6093061891300342,0.33501330594307754,-0.08057559458163455,-0.027294963228953507,-3.887171269937917,-0.12860557131350933,-0.390284356238463,7.00298993579418,112.717026278377,119.720016214171
1848,0.924008905887604,0.04009947334455482,-28.918873852881646,0.09626525604829358,-74.5680304911222,0.798204979901571,-160.35703686194697,-0.05122991942973616,31.482912154678846,0.11252063220640374,1.5734845452288684,-0.17658750319220493,-10.548945430468205,0.833351486963805,182.252576301231,-0.2576737280120994,-152.87651607384765,1.0558787079136704,-7.480520788099312,-0.114285383636041,1.4293395967210396,0.22680601584244475,0.14414494850782877,-0.028061142735187384,-10.12793360780737,-0.14852636045701753,-0.4210118226608355,7.04743329013945,112.520399093628,119.567832383767
1849,0.924516022205353,0.04026826989261376,-28.318753871076407,0.09535299018562905,-77.32192025646286,0.745361927032762,-153.13420253667385,-0.05128702644276494,26.42471825795451,0.10615720095866182,0.8238292173811489,-0.14536675494594012,-3.7614657027239202,0.775441379091746,175.908522287366,-0.25628557786756834,-145.44976581704054,1.0016475049003304,-7.684436719633311,-0.11403919274290188,0.8371947373811632,0.2201963937015637,-0.013365520000014341,-0.02597208372539246,-3.179839438022054,-0.11939467122054766,-0.5816262647018662,6.8644811328486,112.676271229982,119.540752362831
1850,0.9250208735466,0.0401423343987227,-29.47287087825561,0.09440178266724256,-84.54714071027875,0.7560330937086263,-152.38656183959873,-0.05109684726103118,28.905898808311104,0.08800218397197207,0.824495275509783,-0.152977595709961,-4.220128931899346,0.784771660636024,179.144002456017,-0.2549884603958546,-144.6200693848999,1.011021554104481,-7.7664924546988345,-0.11514475257737541,0.8525376668911863,0.20314693654934748,-0.028042391381403298,-0.026236902387590622,-3.6130364978192637,-0.12674069332237037,-0.6070924340800823,6.88216357512283,112.721362233162,119.603525808285
1851,0.925505876541138,0.04028011247550524,-32.97367504003717,0.09595891104695878,-76.65990201207892,0.8080359803493089,-157.91841906228794,-0.050633245788941586,28.842885787001592,0.0934352809249594,0.5999350617265985,-0.14736247552611093,-5.881803536663519,0.834722901388993,181.022370155526,-0.2580673523614657,-150.48178267545075,1.0661033327107745,-7.436636386837193,-0.11792066374198193,0.549989252160389,0.21135594466694133,0.04994580956620953,-0.027557170973082912,-5.300375544970552,-0.11980530455302801,-0.5814279916929666,7.02824867932759,112.508974045515,119.537222724843
1852,0.926000535488129,0.04035674943178299,-28.856777668855184,0.09546007238464188,-81.76337220207122,0.822061207993399,-150.4744953581176,-0.050066676331079765,27.429601103825473,0.09747333767392845,0.4629544117391379,-0.11548880573448128,-7.068352774750619,0.843724664934042,175.96333526907,-0.25720965799386053,-143.6099389801031,1.0792708659872594,-6.864556378014498,-0.11675205442360545,0.42637175645056036,0.21422539209753388,0.03658265528857757,-0.02832561590858046,-6.348209351517317,-0.08716318982590082,-0.7201434232333019,6.96980143867222,112.57562713325,119.545428571922
1853,0.926515161991119,0.040196279702148424,-24.715510011564948,0.09605364479461664,-80.7255362571291,0.85161408124165,-155.45676767524975,-0.0506084520889954,30.710796011890586,0.21781544563964605,2.551258145613987,-0.13717272883302956,-11.20886968316151,0.897167614365802,179.915468830651,-0.2563258721671295,-148.5837519155851,1.1079399534087795,-6.873015759664639,-0.11511388222656084,2.4322154237249234,0.3329293278662069,0.11904272188906351,-0.02785087668412778,-10.692284985581747,-0.10932185214890178,-0.5165846975797628,6.94428093990791,112.714182645082,119.65846358499
1854,0.927001893520355,0.041096860106122915,-24.44179094651706,0.09597900880873156,-80.21714520908448,0.8986475865734055,-152.3053259571618,-0.051384657263623415,28.06524255750921,0.21796839490997388,1.6424269256904906,-0.1468193196577042,-5.795238590236848,0.943490818028017,176.218739189173,-0.2579761370460289,-145.17565311497063,1.1566237236194343,-7.129672842191184,-0.1142044072002586,1.6758748606488492,0.3321728021102325,-0.033447934958358516,-0.028186212294937757,-5.2293507562002395,-0.11863310736276644,-0.5658878340366087,6.94273105819593,112.595844715834,119.53857577403
1855,0.92750757932663,0.04126141291490373,-29.537800312596747,0.09542672027342122,-83.58269815801219,0.9064207808203707,-152.2566650117102,-0.05124719346329771,29.574504923835185,0.21337594684728606,-2.567517987158816,-0.10310972764138586,-12.68246000130033,0.944031027300484,179.116524645152,-0.2585237720566163,-144.57837117626445,1.164944552876987,-7.678293835445743,-0.11277852430986056,-2.3782788819314074,0.32615447115714663,-0.18923910522740872,-0.03012179097707541,-12.180000040235043,-0.07298793666431044,-0.502459961065286,6.99068951125992,112.471463382244,119.462152893504
1856,0.928011894226074,0.04030306625834314,-28.52564993660301,0.09672751096786447,-66.97097709551618,0.9292050624690495,-168.1101263980749,-0.05255095800810179,29.194305414417673,0.15012845564362667,4.336718338366193,-0.2048579061690443,-5.4937080934086655,0.970396576017995,185.637104314312,-0.25803429683548523,-161.18152530048022,1.1872393593045347,-6.9286010975946795,-0.11036583782675184,4.388671865099909,0.2604942934703785,-0.05195352673371545,-0.028075172829031193,-5.308318524270426,-0.17678273334001313,-0.18538956913823945,6.98711348219513,112.585325524211,119.572439006406
1857,0.928502559661865,0.041191266743792,-29.514202230774217,0.09477193978734508,-82.99071235304832,0.9559333272490538,-149.28732348635324,-0.051511180315974694,29.84286349038004,0.22522360260903107,5.199070434108796,-0.14453299497639124,-5.149326490788472,0.99937771972315,176.038046518068,-0.2581189986916212,-142.2009071612184,1.214052325940675,-7.086416325134849,-0.11086836281006855,5.276333406422998,0.33609196541909964,-0.07726297231420176,-0.024961419742643483,-5.034829668824434,-0.11957157523374776,-0.1144968219640381,7.00780654216976,112.464664638042,119.472471180212
1858,0.929007768630981,0.04103106314056288,-27.689066836237174,0.09580286149220263,-76.93008538579802,0.9628856895513439,-148.39087443093817,-0.05171386663425704,28.7970903034369,0.20436110336711844,4.090644494884374,-0.1063014804405501,-8.796525868019973,0.996869287755847,172.128320516354,-0.2587814235595871,-140.90491759620718,1.221667113110931,-7.485956834730985,-0.11366374257320877,4.178414001638149,0.3180248459403272,-0.0877695067537756,-0.025462462994051333,-8.714820518250615,-0.08083901744649877,-0.08170534976935784,7.00184940239706,112.479051887989,119.480901290386
1859,0.929504871368408,0.03975997074398082,-29.803164457811317,0.095546428962818,-78.84974316822095,0.9758813870337069,-157.3582325496165,-0.05211856864151436,31.46791319603687,0.2286690770165139,10.379894132507882,-0.15884473256051693,-9.255358528795634,1.0214166622701,181.798672671571,-0.2554992029256535,-150.16404336211392,1.2313805899593604,-7.194189187502587,-0.11310686703558313,10.451769323577343,0.34177594405209705,-0.07187519106946105,-0.02531430050585753,-8.989539551576769,-0.1335304320546594,-0.26581897721886527,6.90737332419667,112.754325762391,119.661699086588
1860,0.930007040500641,0.0398084154082682,-30.69713046512619,0.09535173161901735,-77.75713497517576,0.993898035966429,-165.78561349797835,-0.051398991895163434,30.847983877308216,0.2921249513557792,4.084150630311165,-0.1108671233804972,-9.466289287967623,1.04822723260613,188.4973329514,-0.25492556090195684,-158.65682814452902,1.2488235968683858,-7.128785353449331,-0.11469547458901523,4.237348793737327,0.40682042594479445,-0.1531981634261621,-0.024057265195662213,-9.17416818805582,-0.08680985818483498,-0.29212109991180313,6.87476130394498,112.822742134333,119.697503438278
1861,0.93051552772522,0.03983018054386854,-30.39132659635939,0.09537741027154961,-75.34312528232252,0.9801038688809953,-159.30975055263409,-0.04944733591287737,34.109691207261065,0.3931778626519854,7.615806303684655,-0.08289323738625193,-5.867717235960725,1.06545391593471,182.306657931651,-0.25442718299653405,-152.14774960705736,1.2345310518775294,-7.162000945576722,-0.11363009244979778,7.769028060662496,0.5068079551017832,-0.15322175697784068,-0.022759389598993297,-5.569892233444932,-0.06013384778725863,-0.29782500251579247,6.84106953347509,112.884858086705,119.72592762018
1862,0.931004047393799,0.04067287054388185,-33.34902923790432,0.09590324845296261,-75.69460494743821,1.0075557306083698,-151.13466452672952,-0.05080989395948302,30.24900966091487,0.44487635147767446,9.000635825573646,0.02103501216313193,-11.220615469115096,1.10768197191651,175.51476870367,-0.255966877347718,-144.17428969838568,1.2635226079560877,-6.960374828343845,-0.11304304254751592,9.144353290482039,0.5579193940251904,-0.1437174649083932,-0.026573867997789345,-11.31297286002636,0.047608880160921276,0.09235739091126405,6.88236730404788,112.822320401669,119.704687705716
1863,0.931514739990234,0.04147796722081299,-31.18900366434151,0.09656351969067356,-70.78302404987224,1.0005524277543438,-145.66764428817024,-0.05287938995076481,31.856362835571545,0.43062998524495644,7.465420454433634,0.05466070139428046,-5.041726545519768,1.09698509658768,168.220190220784,-0.25769055785962397,-139.2988169489811,1.2582429856139679,-6.368827339189124,-0.1103878295479973,7.672913514512401,0.5410178147929537,-0.20749306007876722,-0.026794895560959257,-4.880319294117132,0.08145559695523971,-0.16140725140263612,6.88717114221072,112.767795711756,119.654966853966
1864,0.932013928890228,0.04162253273732424,-30.033323588596527,0.0960915232978504,-76.88204273233403,0.9875853482570756,-141.91535902692877,-0.052938531012624405,36.02878205277679,0.42055165797070915,7.710171527820384,0.03207622321058069,-7.377734618021602,1.0802712184245,168.418434256778,-0.25667304764600923,-135.35068086338447,1.2442583959030848,-6.564678163544301,-0.1085635951967935,8.070984367023986,0.5291152531675026,-0.36081283920360185,-0.02649187688195801,-7.167449943857579,0.058568100092538704,-0.21028467416402297,6.815092585196,112.885515347123,119.700607932319
1865,0.932512104511261,0.041788199141942914,-28.45947344027174,0.09634146922676878,-80.41052419780192,0.9791206814016564,-148.03327327543906,-0.052428930926134425,37.918972962255395,0.4368517384812693,4.652584102178364,0.07251819431898175,-8.158950513232265,1.08099600542657,175.258972808017,-0.25736417074769036,-141.35076861110136,1.2364848521493468,-6.682504664337699,-0.10950698702122424,4.847390175733509,0.5463587255024935,-0.1948060735551458,-0.026896667694257803,-8.02372420763182,0.09941486201323955,-0.1352263056004439,6.86862533022577,112.839267536998,119.707892867224
1866,0.933018028736115,0.041603002952037824,-35.8538400426222,0.0963575485414145,-76.46675192115322,1.0190421103195964,-154.50353279864888,-0.0516280420337027,38.04238811277382,0.5040604103640224,16.04404041904909,0.06786302498259336,-5.460238723233236,1.14490617598147,180.937703024113,-0.25861886057784395,-147.22933086096376,1.2776609708974402,-7.27420193768512,-0.10702006736177105,16.13173630736081,0.6110804777257934,-0.08769588831172115,-0.0273164408496483,-5.261397580078506,0.09517946583224166,-0.19884114315473056,7.08710933860516,112.588195860386,119.675305198991
1867,0.933520674705505,0.041576379232740684,-33.90663479450165,0.0954133711415605,-79.0873828733501,1.0549296097344536,-151.1597999316677,-0.0500297148318156,39.12151367176664,0.40887252962063136,7.077011178457817,0.03995572829454916,-8.728755654063592,1.13797406221111,178.635179129655,-0.2574244503928155,-144.00541682447792,1.312354060127269,-7.154383107189773,-0.10937632754621165,7.165006669112001,0.518248857166843,-0.08799549065418422,-0.02881993807345422,-8.497530792723593,0.06877566636800338,-0.23122486133999942,7.01736176433394,112.628739252687,119.64610101702
1868,0.934020161628723,0.041751076883052726,-32.32237569117243,0.09494670846936734,-77.84361029448262,1.0550350491218705,-160.17274207527052,-0.0511483596811127,38.635338044374,0.3539808285674371,4.106790337921024,0.04263265963173919,-10.377139961774839,1.11963972335045,185.410115809199,-0.25592316702059614,-153.2147002878879,1.3109582161424667,-6.958041787382626,-0.10982778388865758,4.202528452525938,0.4638086124560947,-0.09573811460491388,-0.028437692990395357,-10.158585720955783,0.07107035262213454,-0.2185542408190564,6.88951946051475,112.823447987437,119.712967447952
1869,0.93450266122818,0.041802939695037934,-34.95609315797039,0.09393434432985799,-84.15488220411551,1.0244034653510048,-146.86835134594028,-0.05046981069560081,41.35930494040394,0.3054744824549526,10.388512206281924,0.1598346451951536,-4.774489529400806,1.08691424761221,178.088725965491,-0.2544982974924642,-139.5084376876431,1.2789017628434691,-7.359913658297188,-0.10810900633770225,10.564656921512992,0.4135834887926549,-0.176144715231068,-0.023649912348005085,-4.503782769107363,0.1834845575431587,-0.270706760293443,6.82111555216034,112.910740703344,119.731856255505
1870,0.935016751289368,0.04224347553736633,-38.58625826882991,0.09443232860705168,-72.11468152408968,1.016214398092702,-147.17395891651927,-0.05195540451544553,38.18648713956672,0.3157820155459357,5.443908961803616,0.14825736836653253,-4.370143965651407,1.08064405401507,172.790459530601,-0.2571718188764762,-139.89256860763,1.2733862169691783,-7.281390308889257,-0.10980069093288587,5.782299844836689,0.42558270647882157,-0.33839088303307285,-0.0241044795132188,-4.255733951834125,0.17236184787975134,-0.11441001381728277,6.91383030009092,112.635446533561,119.549276833652
1871,0.935508549213409,0.043100130873734495,-34.0552422853682,0.09437559165509901,-82.47308157654594,1.0151311299210135,-146.21958819239978,-0.050870911899867303,44.40315952313734,0.2522354844405723,6.9770018871153106,0.16024552941895953,-12.937945596983838,1.06449274469277,177.565329527592,-0.258890722570664,-139.24292172938556,1.2740218524916775,-6.976666463014226,-0.11175447466021297,7.044386603313953,0.3639899591007853,-0.06738471619864228,-0.02632092651107448,-12.774517717620386,0.18656645593003401,-0.16342787936345182,6.88188518430979,112.538841441274,119.420726625583
1872,0.936017990112305,0.04225479063574119,-38.26807457991596,0.0953280812602949,-73.2058204880648,1.004651464904303,-153.06351769985633,-0.050705996544144205,42.82140083676128,0.22217149585693155,8.414824164911604,0.13585631643376386,-8.824275672897505,1.0443111062871,179.539209123075,-0.2579626544332109,-146.67510021648758,1.262614119337514,-6.388417483368755,-0.11158239810032912,8.490676315635389,0.3337538939572607,-0.07585215072378482,-0.025011016506038604,-8.836546390735311,0.16086733293980246,0.012270717837806089,6.76823672389582,112.716052129865,119.484288853761
1873,0.936519801616669,0.04213913812422021,-36.97053860093525,0.09521502503245911,-76.8409036768685,0.9999904471471193,-149.75705421605898,-0.0513567674697093,42.427858749269824,0.28505995867508843,7.235876977869078,0.08232705348472966,-7.548747051360966,1.04952224544291,177.786347016651,-0.25786726508505414,-142.87587112304658,1.2578577122321735,-6.881183093012396,-0.11423782155473046,7.435272988404309,0.3992977802298189,-0.1993960105352306,-0.027459425396830748,-7.525498189557496,0.1097864788815604,-0.023248861803470078,6.73839315112855,112.694038525224,119.432431676352
1874,0.937003195285797,0.04268371618833862,-38.8212513025095,0.09569642217290066,-77.23098398685613,1.0015727921366169,-152.11622565587894,-0.0517198484723275,41.70531460744637,0.3579070616898112,6.446153221530685,-0.053583692293504376,-6.667091206004448,1.07134092725235,180.101073875398,-0.2594882817693583,-145.51365463384002,1.261061073905975,-6.602571022038916,-0.11282460836048344,6.536471890608599,0.4707316700502946,-0.09031866907791386,-0.031014584868604166,-6.604928131178976,-0.02256910742490021,-0.06216307482547201,6.7746999452047,112.609107077122,119.383807022326
1875,0.937509775161743,0.04275943385878164,-36.66198262693536,0.094967985047069,-83.64650473229285,0.9422781632781563,-156.680307258869,-0.05078960199582415,40.42045883864025,0.40032495995844447,10.274125837748672,-0.04581273862496771,-8.986803396775661,1.03134566883059,186.30537082046,-0.2583416249878397,-149.38769387040458,1.200619788265996,-7.292613388464417,-0.10844854649729734,10.450874648755505,0.5087735064557418,-0.17674881100683315,-0.032324591294704816,-8.916456814575815,-0.013488147330262892,-0.07034658219984635,6.68962107331026,112.713951975107,119.403573048417
1876,0.938001155853271,0.042753959325377684,-39.44627636995178,0.09721603638418685,-73.10893251417937,0.9042443977929243,-162.82906788915687,-0.0512702936877056,41.67512586442776,0.34176923011248406,4.581748643759131,0.03034844399362885,-15.330711008288619,0.974316512960482,188.167662787577,-0.2608522482804285,-155.4277325469115,1.1650966460733527,-7.401335342245375,-0.1089087724459161,4.812716252764824,0.4506780025584002,-0.23096760900569357,-0.031609416168516126,-15.087371870557549,0.061957860162144975,-0.24333913773106985,6.70128149859556,112.688349202275,119.389630700871
1877,0.938504278659821,0.042704808636237865,-38.99566801500217,0.09632155566256348,-80.25165636955134,0.8998017264869703,-159.223120067921,-0.052297994865818605,41.40919064530228,0.33993823927615374,8.445056867424833,0.025631712511339416,-7.687565127951721,0.969378543826026,187.505016335953,-0.2610084163078284,-152.0627618589474,1.1608101427947988,-7.160358208973605,-0.10744206684114933,8.56189465650692,0.44738030611730306,-0.11683778908208708,-0.030233957231946954,-7.486071344783755,0.05586566974328637,-0.20149378316796618,6.8201973883115,112.547841012478,119.368038400789
1878,0.93901115655899,0.04255533946929235,-41.460753767615344,0.09559125975774346,-73.72861648062799,0.8774859872670135,-156.6953809479665,-0.051927643176988496,44.3135595862927,0.34082110963994783,8.478884175973189,0.12731195222683067,-9.847376709400454,0.95707583074243,183.958960830097,-0.25801891463993026,-149.58313825199667,1.1355049019069439,-7.112242695969826,-0.10834567377688607,8.62458483109762,0.4491667834168339,-0.14570065512443087,-0.0283571313219048,-9.61430832419796,0.15566908354873546,-0.2330683852024933,6.72888375971138,112.823494255543,119.552378015254
1879,0.939509510993958,0.043070654563314714,-37.413733633159524,0.09422737392885522,-77.00138195557084,0.8951319840137114,-152.17462071900027,-0.0522076531561747,42.60258218298381,0.29781963269329326,11.337874993312278,0.1994347049361053,-7.578420381143204,0.971180478739641,180.241713684451,-0.25788609374414845,-145.55398775696054,1.1530180777578598,-6.6206329620397355,-0.10829944148226012,11.364805144008896,0.4061190741755534,-0.02693015069661797,-0.028232246112594325,-7.337084032981979,0.2276669510486996,-0.24133634816122473,6.79505887072446,112.720220923424,119.515279794148
1880,0.940013229846954,0.04301131761260985,-39.35278016841581,0.0940795621857692,-81.89035918925829,0.8663671576384828,-148.0899127617168,-0.05225660237690755,39.89981360699969,0.24129155226133375,7.302926692374168,0.12693161730502822,-10.278200013077681,0.915618365070707,178.707201188309,-0.25911889882697614,-141.56640505541446,1.125486056465459,-6.5235077063023255,-0.10941122785016945,7.329864252113795,0.3507027801115032,-0.026937559739627304,-0.028756330975734976,-9.872183015515729,0.1556879482807632,-0.4060169975619523,6.78932713513132,112.534400194883,119.323727330015
1881,0.940509259700775,0.04371210930784336,-41.00017191040379,0.09553187711121963,-79.20522498482329,0.8260339333146065,-153.57367039600047,-0.052011505387661305,40.37738776439259,0.1966493447144525,6.177452218175435,0.09544945960828478,-5.772829878035803,0.862470815645702,182.321622206098,-0.25921839642324424,-146.85788263858217,1.0852523297378507,-6.715787757418298,-0.10919686756090141,6.145419113086527,0.3058462122753539,0.032033105088907554,-0.028120232880317078,-5.7374589036397134,0.12356969248860186,-0.035370974396089494,6.63746285243542,112.805181264877,119.442644117313
1882,0.941002726554871,0.04386253643519316,-40.56078626835584,0.09519837485110708,-80.01617463925088,0.8333783064716067,-149.44944307070594,-0.053983627669479874,37.55234078406499,0.28663209121375116,2.676249914558101,0.1161283504126682,-6.799680099202717,0.896696178152777,178.45581492955,-0.25823029210610354,-142.5311692383606,1.0916085985777102,-6.918273832345335,-0.10962039215570023,2.6481806949772833,0.3962524833694514,0.028069219580817872,-0.031104653119646993,-6.528486193788029,0.1472330035323152,-0.27119390541468746,6.65628303499761,112.878440648317,119.534723683315
1883,0.941505372524261,0.044231875568932835,-39.28807479358973,0.0953881432147913,-78.34530170031026,0.8837546297373686,-149.38368194510556,-0.053730718017691644,33.79627833570269,0.25404228508743437,4.99042802964571,-0.07762025321722422,-7.937248939410226,0.930337024225733,176.711958488851,-0.259275256940262,-142.9629890314568,1.1430298866776307,-6.4206929136487645,-0.10912179589196452,5.064453482950419,0.3631640809793989,-0.07402545330470822,-0.03137615292819132,-7.5228184456541225,-0.046244100289032905,-0.41443049375610386,6.7531678963569,112.777555778623,119.53072367498
1884,0.942000210285187,0.044067273859794094,-38.00339078767224,0.09513005888946365,-81.38141623760833,0.9144266746178105,-149.0270689675987,-0.05289160429206262,39.221347122722875,0.1812956966998016,1.1268949450242425,-0.09916366760273224,-3.6592528080558075,0.944810499730615,178.407494233634,-0.2594817973300564,-142.61942827869782,1.173908471947867,-6.4076406889008695,-0.10838402101932841,1.167025705624506,0.28967971771913004,-0.04013076060026344,-0.029601480417152493,-3.344289856678368,-0.06956218718557974,-0.31496295137743946,6.82800952203888,112.704664096236,119.532673618275
1885,0.942501544952393,0.04364472279459672,-42.749927079792116,0.09504220084946698,-83.44074434113264,0.8900058748508165,-147.00639327201645,-0.0547355174581706,37.28360503111524,0.08683440185942701,8.905186374088583,0.002467259233052174,-8.780726407968395,0.901992581247161,178.737977075667,-0.2589809887794307,-140.45802343901616,1.1489868636302472,-6.548369833000294,-0.10813173565333986,8.844485202270127,0.19496613751276687,0.060701171818456245,-0.030205441646258033,-8.484003248197455,0.03267270087931021,-0.29672315977093966,6.71073844702232,112.784870639443,119.495609086466
1886,0.943011999130249,0.044173141667273284,-32.77819942849672,0.09543651129975259,-76.03538941692766,0.8848169006263923,-156.2645580425877,-0.054209754026489136,38.183383903276884,0.1073640333270873,5.664026079727603,-0.09796573674031339,-4.081347313451733,0.904446438672222,181.055550302755,-0.2593624839500408,-149.5945431776721,1.1441793845764332,-6.670014864915601,-0.10966372401683434,5.630378194802289,0.21702775734392166,0.033647884925313676,-0.028561500646852662,-3.747466177769942,-0.06940423609346073,-0.333881135681791,6.7007829095819,112.84836384654,119.549146756122
1887,0.943503797054291,0.044292854928849136,-33.55848354803709,0.09535413893021752,-82.41634295915256,0.9106819418706376,-149.3472193992719,-0.05374773657805235,41.374232489649636,0.1163079488264852,-0.9468616749934456,-0.07491223850705932,-8.828929173248655,0.928667900642513,178.924260508697,-0.2596761916195537,-143.08275851839744,1.1703581334901911,-6.264460880874452,-0.11179055389256559,-0.8439721103129225,0.2280985027190508,-0.10288956468052313,-0.029757047394189714,-8.501339781571321,-0.0451551911128696,-0.3275893916773338,6.81455298963192,112.738656640053,119.553209629685
1888,0.944014489650726,0.04330331721598878,-34.50095809308628,0.09537915727888778,-81.27554060935103,0.9283273287850199,-148.5126204893983,-0.05352722141344352,37.22287769503224,0.08667252806914721,7.478621732536781,-0.06432515121341302,-0.7947668395628107,0.941954885292836,176.901475733127,-0.2583259160069476,-142.33009278275895,1.1866532447919675,-6.182527706639348,-0.10919542173629447,7.4948114736405085,0.1958679498054417,-0.016189741103727506,-0.02859255044371367,-0.46283170662744544,-0.03573260076969935,-0.33193513293536525,6.8407039057347,112.788877233863,119.629581139598
1889,0.94450831413269,0.043646746225988124,-37.46405421357162,0.09528990150553977,-75.36845244405752,0.9313902183096997,-153.4697430571456,-0.05163845848853424,41.34818720927036,0.21022439209957341,-2.6253991637981953,-0.1334179492941261,-5.253146116153243,0.971150923992043,179.947441955521,-0.2593327698534574,-146.54938446940582,1.1907229881631571,-6.92035858773977,-0.11124445750146984,-2.5656281218154775,0.32146884960104327,-0.059771041982717765,-0.02878532690077235,-4.712177041123727,-0.10463262239335375,-0.5409690750295155,6.89599998355698,112.696865424514,119.592865408071
1890,0.945002973079681,0.044834166360642747,-35.498837244447984,0.09500826353819695,-78.19531117203996,0.9598473479143598,-156.28458396707853,-0.0515436030877829,39.453203824929865,0.14823550525101176,1.3921989985553178,-0.12186833424984458,-8.84453512503276,0.985812356810946,182.855857528392,-0.2607216820801095,-148.58335670264674,1.2205690299944694,-7.701227264431793,-0.11235466174123998,1.717128364171368,0.26059016699225174,-0.3249293656160501,-0.028807214310093223,-8.489036743145983,-0.09306111993975136,-0.3554983818867772,6.97537425763949,112.610883921385,119.586258179024
1891,0.945500195026398,0.044447409546792924,-38.727055667605725,0.09541877842566862,-80.33008017511352,0.9263112951127889,-150.5929333960883,-0.05152931867981911,38.51415719576819,0.09266623251503373,8.838647059922446,-0.08786781692835688,-4.406173261212457,0.942388447259988,179.476501413468,-0.2607942336868837,-143.53950084875842,1.1871055287996726,-7.053432547329891,-0.1110406496171637,9.050884506147245,0.20370688213219743,-0.21223744622479934,-0.02847635968361473,-4.047019357936337,-0.05939145724474215,-0.35915390327611973,7.01138522847577,112.584153145552,119.595538374027
1892,0.946003556251526,0.04470826928065666,-36.447439547585475,0.0955405646301046,-83.97681146842372,0.9012078310112288,-149.54227824256242,-0.05135823113742921,35.34619389124864,0.08466944102460078,-4.04171109316593,-0.0796315974640692,-9.885997697334734,0.916215125923785,179.183803669819,-0.2603896793118859,-142.61245929724308,1.1615975103231146,-6.92981894531934,-0.11216748004968743,-3.893937443616843,0.1968369210742882,-0.14777364954908734,-0.031108705076498776,-9.624181905393597,-0.04852289238757042,-0.261815791941137,6.97242968418141,112.675429821014,119.647859505196
1893,0.94651210308075,0.045436822534712415,-30.570768476742057,0.09601916552979338,-77.90010811719404,0.8735941721731632,-156.76996525719744,-0.05068338033296132,39.963243855778664,0.1380314118480606,-2.238118706090512,0.025183066433402998,-14.99820589460793,0.892584239822627,182.775372935054,-0.26130130696270315,-149.8743974707884,1.1348954791358663,-6.895567786409032,-0.11148763237062169,-2.0639496563688793,0.24951904421868226,-0.1741690497216326,-0.032009870218369894,-14.56461133714885,0.05719293665177289,-0.43359455745907916,6.83058822598832,112.758162125945,119.588750351933
1894,0.947008609771729,0.04487681784930286,-34.09238002897671,0.095537411664787,-82.5140683454451,0.8443418727315023,-152.721841820272,-0.052437704085028375,34.31216087928405,0.2976540971164152,5.795597115020526,-0.02558216157209793,-5.627724797993026,0.90335853634436,180.381283498207,-0.2603589367334783,-145.84991901302664,1.1047008094649806,-6.871922807245369,-0.10971815909674623,6.0332821777454,0.4073722562131614,-0.2376850627248741,-0.030848699969197802,-5.330118764183328,0.0052665383970998715,-0.2976060338096982,6.80743112052733,112.756857931614,119.564289052141
1895,0.94750303030014,0.04489981286954522,-35.68625210789158,0.09568916812134147,-81.20462418308252,0.8201364733177708,-150.3717703475467,-0.05244340120616144,38.28839427147929,0.32626460185841377,-3.0013849595981337,0.017959631237102203,-16.696119769520546,0.890683835077104,179.535898244894,-0.26039285053546296,-143.28309137392517,1.0805293238532339,-7.088678973621512,-0.11282673540476944,-2.5627981188486864,0.4390913372631832,-0.4385868407494473,-0.03472052400107355,-16.388142722226185,0.05268015523817575,-0.3079770472943615,6.80340224430074,112.773897171021,119.577299415321
1896,0.948006927967072,0.04545180918160139,-32.64465598541766,0.09632774347984739,-79.23360798744461,0.8337825121930071,-152.40833189136382,-0.05093433182158873,41.19909351659473,0.25533906489072333,1.0016734377388523,-0.03243535993600405,-11.383781318013309,0.880558104586086,179.999713784172,-0.2623761759555294,-145.5264154728597,1.0961586881485366,-6.881916418504119,-0.11354658296522585,1.2230722586557854,0.3688856478559492,-0.22139882091693308,-0.03365536938319437,-11.058859310592656,0.0012200094471903206,-0.32492200742065336,6.79406588290294,112.673837870359,119.467903753262
1897,0.948519051074982,0.044950975825286794,-33.43840109688124,0.09593606624009356,-77.57497512364452,0.8449454429283578,-153.58807667063576,-0.050615850212839736,39.91614178117795,0.28048769919798944,-1.6100562548808486,-0.04316886948487697,-6.205035816946563,0.899030580984552,179.888003641331,-0.26167770073127017,-146.9208773300642,1.106623143659628,-6.667199340571557,-0.11569626865361536,-1.5015397976179325,0.3961839678516048,-0.10851645726291603,-0.03165829433537073,-5.953319037628227,-0.011510575149506243,-0.25171677931833614,6.79404247983257,112.653224617243,119.447267097075
1898,0.949020326137543,0.04374460744842698,-39.45642955317396,0.09618813451717229,-83.56475203917243,0.8174504701372627,-154.66873351312228,-0.05089932795451316,41.7352908508624,0.4010083736639024,0.44022927736774803,-0.044668911470509484,-9.94698391991914,0.91912174820156,185.211407684117,-0.2595147799965328,-147.96269958522532,1.0769652501337954,-6.706033927896954,-0.11396531740542665,0.5005945578159072,0.514973691069329,-0.0603652804481592,-0.029311818300532706,-9.517410677856954,-0.015357093169976778,-0.42957324206218495,6.69813030825298,112.82728472352,119.525415031773
1899,0.949501097202301,0.04456758649827906,-32.613220698461426,0.09684241255259853,-73.37289615708865,0.7780858976663921,-150.59681352503384,-0.04993340564897631,42.109691757154124,0.31739870380795243,-1.0695344530120614,-0.01689899401229565,-16.167513930906637,0.848706807419326,176.528645973491,-0.2607993691869772,-143.72684252596062,1.0388852668533692,-6.869970999073217,-0.1130676766001031,-0.9736354086087735,0.4304663804080555,-0.09589904440328789,-0.02979549378297606,-15.74881465054173,0.012896499770680407,-0.41869928036490656,6.66762633542385,112.813874691725,119.481501027149
1900,0.950007021427155,0.0453585853977705,-29.84718751130262,0.0960932471379937,-82.13513929225569,0.7597698308907512,-144.25390178139352,-0.049002549467025903,35.68667349117346,0.33586139536901805,2.5905802149606987,-0.004106301490084119,-7.893994367977439,0.838905535690396,172.594289609612,-0.26178852742331626,-137.97110926738893,1.0215583583140675,-6.282792514004598,-0.11107487801901007,2.665503137229825,0.4469362733880281,-0.07492292226912634,-0.027398164526400856,-7.766481066107795,0.023291863036316737,-0.1275133018696435,6.63402346483326,112.722993448377,119.35701691321
1901,0.950510919094086,0.043803861805423124,-34.24969107822302,0.09670281659893272,-78.1519734570469,0.7372651632156414,-139.87458851194424,-0.04794132822037647,40.5198379899607,0.48719300176442826,-1.4852829993881762,0.02228182746042444,-12.759101357706905,0.891617634243158,169.270584595634,-0.26011249392105135,-133.60173800676486,0.9973776571366928,-6.2728505051793775,-0.11218570605640726,-1.4659748045497245,0.5993787078208355,-0.019308194838451698,-0.027415531423121028,-12.378307468772599,0.04969735888354547,-0.3807938889343063,6.49040540624037,112.876584842801,119.366990249041
1902,0.951017022132874,0.04400657986899903,-32.06886411014223,0.09757532452815892,-78.13448529658605,0.7074425358669566,-157.26210273615806,-0.04848290655632027,33.7573225485036,0.556367524700553,-3.527304916026649,-0.003218397970297507,-7.697256185821269,0.907655351682276,181.868153488398,-0.2614310795987922,-150.93021566224178,0.9688736154657488,-6.331887073916278,-0.11154369161131952,-3.47079271389844,0.6679112163118724,-0.0565122021282094,-0.026971686107403088,-7.262725118749068,0.02375328813710558,-0.4345310670722009,6.45087887082627,112.859302401543,119.310181272369
1903,0.951501429080963,0.04457827286091253,-34.20845400295813,0.09757103993758774,-83.8471294082342,0.695713333206726,-149.4010256015506,-0.04911221832278632,38.32091285523893,0.4901584449472708,4.268574106723659,0.06179193055682683,-8.823208044382564,0.861399980305914,179.125062381641,-0.2619311569290178,-143.30927482039618,0.9576444901357438,-6.091750781154417,-0.11157798011092415,4.265760599752769,0.6017364250581949,0.002813506970890778,-0.028651185435497356,-8.413708678000402,0.09044311599232419,-0.4094993663821622,6.33465989718025,112.905017524958,119.239677422138
1904,0.952004194259644,0.045009114200047745,-27.89913353449632,0.09719548268174223,-80.56956375398624,0.6710900621283974,-147.61059152592358,-0.04876305661758485,41.05048770548482,0.48078732742787667,-1.759244969236777,0.08857874427322074,-8.385049749592397,0.838579237487583,175.548425026086,-0.2614255598668095,-141.32316742651668,0.9325156219952069,-6.2874240994069055,-0.1140763567996512,-1.635080709178476,0.5948636842275279,-0.12416426005830106,-0.0283890414216217,-7.950810374667116,0.11696778569484244,-0.43423937492528175,6.25168065476828,112.974692344666,119.226372999434
1905,0.952508509159088,0.0443304819900413,-37.90129562000378,0.0972825463541206,-80.61877228358695,0.7046535649564176,-151.96924110288185,-0.04904370151913618,38.45688456589221,0.4921159958024418,-3.2797983706164473,0.04231840729069747,-4.295069900053044,0.86852749964716,180.384815239216,-0.26249061390415646,-145.27432894383293,0.9671441788605741,-6.694912159048926,-0.11523840637299534,-3.066823522993166,0.6073544021754371,-0.21297484762328134,-0.02758974521308753,-3.690967815113329,0.069908152503785,-0.6041020849397154,6.42995446495479,112.728990480304,119.158944945259
1906,0.953009009361267,0.04509236059997231,-34.72204464224023,0.09637217517172626,-87.93820046853813,0.7027428528202542,-151.1345128883279,-0.04981868094674812,35.436472230084796,0.4606031139837973,0.23864045502408368,0.10101771624570359,-4.950567962712775,0.854406310194453,181.826007788513,-0.2630569977709308,-144.84697759338033,0.9657998505911849,-6.28753529494756,-0.11536529384308346,0.38952909427235105,0.5759684078268807,-0.15088863924826737,-0.02767418276773544,-4.36668924873278,0.12869189901343903,-0.5838787139799946,6.48469194094469,112.647940903902,119.132632844847
1907,0.95351380109787,0.04473326384915678,-35.662695367781716,0.09605946604582379,-81.04205894394198,0.6934394935588484,-158.8612444343022,-0.049380823292469414,41.18367182178014,0.4859258385628068,-6.594042127387268,0.0446554844242312,-6.030958985096818,0.855945860273844,186.688207513398,-0.26177697932513766,-152.36854567943826,0.955216472883986,-6.492698754863937,-0.11965063869532008,-6.483363743078061,0.6055764772581269,-0.11067838430920673,-0.02942698074307199,-5.664654518352352,0.07408246516730319,-0.3663044667444666,6.47461501667112,112.732545182109,119.20716019878
1908,0.954007387161255,0.04553814256820883,-33.51328153623463,0.09584713224454089,-91.4594775499076,0.6581537951559213,-150.26318553991408,-0.04936886408798611,36.34863823850831,0.4213417497370622,-1.6729070699065047,0.03418605179227793,-8.70753573850978,0.790924556589425,182.939455285424,-0.2623603790679275,-143.39287037662035,0.9205141742238487,-6.870315163293725,-0.1183207936975838,-1.556637604319236,0.539662543434646,-0.1162694655872687,-0.0295979115629699,-8.309503402008968,0.06378396335524783,-0.3980323365008118,6.41051378511202,112.737567797303,119.148081582415
1909,0.954501926898956,0.04618336630004187,-38.785786397184495,0.09704516220506017,-79.4564813434035,0.6939741522489685,-153.92352090749424,-0.04863880520126218,38.49178459183838,0.3980472166618404,-3.0979564762513,0.1173436966182076,-7.565040652809761,0.817146042038726,181.820143542882,-0.2656467048174238,-147.52347749437143,0.9596208570663923,-6.400043413122802,-0.1156153736344858,-2.9212360744640846,0.5136625902963262,-0.1767204017872155,-0.03029396938829551,-7.021209009260225,0.1476376660065031,-0.5438316435495354,6.56738370565787,112.489341944456,119.056725650114
1910,0.955014288425446,0.04625174553714788,-35.8205039632464,0.09592817135171872,-92.21321578403898,0.6789147234274567,-150.5163911253487,-0.048899988028210724,38.87597292957338,0.39114441497125707,-5.6921604074614205,0.13121426133677022,-6.357086338718271,0.803037349244242,184.460630419764,-0.2639725337962069,-144.07448981292978,0.9428872572236636,-6.441901312418906,-0.1152676961190837,-5.589412581871731,0.5064121110903408,-0.10274782558968987,-0.0316991652261594,-5.928945307920446,0.16291342656292962,-0.42814103079782484,6.50701681413921,112.613479077816,119.120495891955
1911,0.955519080162048,0.04593259318513452,-34.57665199298969,0.09662193258217229,-89.19750114502826,0.6224038441580502,-150.97138141375592,-0.04802560307081878,37.8605872115102,0.38796020446315116,-0.5380214492504551,0.1573872328006055,-4.286164485535843,0.759224911367759,182.746222441441,-0.26292915054595944,-144.4740323989769,0.8853329947040096,-6.497349014779019,-0.11394103342402485,-0.6207761702662549,0.501901237887176,0.08275472101579973,-0.028714706182755814,-3.985014175490097,0.1861019389833613,-0.3011503100457458,6.42915775538131,112.827372387052,119.256530142433
1912,0.95600438117981,0.045342895649868056,-33.63651539660514,0.09606442222532209,-87.31430172299008,0.6113810139914461,-154.16502145406412,-0.04591033872364911,42.92347739230707,0.4081270374169891,-7.025698468912661,0.16326213595944955,-6.408473771854194,0.76184057294367,185.620338809733,-0.2620343797550535,-147.28839071483642,0.8734153937464996,-6.876630739227693,-0.11614702882909855,-7.041023035214578,0.5242740662460876,0.01532456630191703,-0.02945082591138322,-6.099518718047848,0.19271296187083276,-0.30895505380634614,6.51629572044112,112.757788002491,119.274083722932
1913,0.956511080265045,0.04534403273073826,-37.371327158945455,0.09642840168991942,-87.98594922131369,0.6205123620654001,-158.1543954936136,-0.045961279881118124,37.70503021189722,0.4352342159824033,-4.456083197358447,0.033632042534249826,-6.4039887015634465,0.767504062352698,188.768358630302,-0.26325682834476577,-151.45329989771852,0.8837691904101659,-6.701095595895083,-0.11850287795805556,-4.454795046585174,0.5537370939404589,-0.0012881507732735997,-0.03111191688686963,-6.067786637662306,0.06474395942111946,-0.3362020639011405,6.5631648047638,112.642565757036,119.2057305618
1914,0.957000851631165,0.04606622168522233,-34.973198253385725,0.0960232705251087,-88.7376350300687,0.646610490321228,-150.39742436003684,-0.047442669107330755,36.54172438026058,0.4269160353324755,-7.3546661870515795,0.03734508132057254,-2.2035309675771795,0.784442766956912,181.96461745368,-0.2641523699015799,-143.91755898560982,0.910762860222808,-6.479865374427021,-0.11953298313962578,-7.275750623756734,0.5464490184721013,-0.07891556329484573,-0.032833364030476764,-1.9252227041271714,0.0701784453510493,-0.27830826345000803,6.62074676699558,112.551480636001,119.172227402996
1915,0.957512199878693,0.045687466944950204,-38.529953285488276,0.09650506836967841,-88.7257166417458,0.6511647519259369,-152.72851402278997,-0.0476423198873355,39.4501683545583,0.346357347353719,-11.5218430370139,0.12032026385327954,-0.9222817559572242,0.756390293176429,185.398835873348,-0.26355659562598294,-146.1116907722684,0.9147213475519198,-6.616823250521577,-0.12251833393953564,-11.442971568664623,0.46887568129325463,-0.07887146834927705,-0.03252458084259882,-0.8271680990952244,0.15284484469587836,-0.0951136568619998,6.57439309874644,112.67332726717,119.247720365916
1916,0.958000600337982,0.04555110890766978,-39.321816596060934,0.09681221677143768,-87.0756637579625,0.6346544490402904,-150.29626842329387,-0.047097259074664666,40.64538731025746,0.35615211475368885,-9.83830193871504,0.02750728079232881,-1.2532662480720491,0.737599423588449,182.94194475898,-0.2622971839502064,-143.3330776454542,0.8969516329904968,-6.963190777839657,-0.12274498055328913,-9.670819637461808,0.478897095306978,-0.16748230125323182,-0.031516214957482115,-0.997957177520875,0.059023495749810924,-0.25530907055117413,6.52237623727706,112.84732554853,119.369701785807
1917,0.958503723144531,0.04628658392189794,-36.1866889474243,0.09601077323742759,-91.16935910175704,0.6440766476977164,-145.87399348375249,-0.04689000693273868,37.51471690756059,0.36825308533085105,-9.526277208421854,-0.057853966730783794,-1.2946951481318625,0.753227278854574,180.000918465805,-0.2626268207906379,-139.07886659706034,0.9067034684883544,-6.795126886692145,-0.12141649016063238,-9.33377426025659,0.48966957549148343,-0.1925029481652647,-0.029434067075877975,-1.0248421741180334,-0.02841989965490582,-0.2698529740138291,6.53986958684391,112.743577137589,119.283446724433
1918,0.959012806415558,0.0472910696121857,-34.348306051742306,0.09726071884313825,-79.67180106359487,0.6850538272817787,-153.84613898082316,-0.04662569840607122,41.88311161222163,0.38097788365965446,-11.019816354515962,0.026945859260945407,-8.6269111143877,0.793119802986482,182.060680760104,-0.26588655788302806,-147.09404577611605,0.9509403851648067,-6.7520932047071085,-0.12207660209711119,-10.69791920546632,0.5030544857567656,-0.32189714904964184,-0.030648934172605537,-8.365877036539754,0.05759479343355094,-0.2610340778479472,6.63320442729128,112.565574944019,119.198779371311
1919,0.959516644477844,0.04726177099726383,-30.702710991945985,0.09700814619955447,-81.55963301953574,0.7162905937734465,-151.94112823692953,-0.04722046682158745,42.1349270170553,0.44366697652908726,-9.054983479794904,-0.09071016633996702,-2.6156290679809433,0.855578729855952,180.402114639548,-0.26647558695505547,-145.44179272168793,0.982766180728502,-6.499335515241597,-0.12229608283728503,-9.02025033910492,0.5659630593663723,-0.03473314068998512,-0.03101400573867099,-2.474335158221212,-0.05969616060129603,-0.14129390975973122,6.69274544206382,112.468688189983,119.161433632047
1920,0.960014641284943,0.0473283153731269,-29.350267275934975,0.09652936533421852,-83.50508030300763,0.7396082558015606,-153.39454102157288,-0.046615018218187955,40.564844266318424,0.5379674006375406,-7.676266441049347,-0.08333735995639496,0.14567860427237808,0.925799794499009,181.848493862006,-0.26590653318278423,-147.1150042413728,1.0055147889843448,-6.27953678020009,-0.12311383661091965,-7.676015841586452,0.6610812372484602,-0.00025059946289562873,-0.03009817848403487,0.3112857302549242,-0.05323918147236009,-0.1656071259825461,6.75800254076967,112.484526351094,119.242528891864
1921,0.960513293743134,0.04699177944514594,-29.790471542476546,0.09688973444088161,-77.5846909254774,0.7425012968398848,-150.88282929117585,-0.04530176761326965,40.68099854413511,0.4970502325447732,-13.193685906173105,-0.022319112440487496,-6.203579177067644,0.901395224297415,177.595005618345,-0.264427077329559,-144.7690067012538,1.0069283741694437,-6.1138225899220515,-0.12363704223335396,-13.103716136517896,0.6206872747781271,-0.08996976965520886,-0.02976630920732099,-5.999965346227403,0.007447196766833496,-0.20361383084024087,6.62279868762016,112.692131951451,119.314930639071
1922,0.961000800132751,0.04704855266938212,-30.41216427141194,0.0956498221832768,-81.9498410449001,0.6863073303235452,-146.20714150718004,-0.045620454314146235,39.988784097090516,0.49023282964554793,-14.761174394764648,-0.0551650434761934,0.2736541356855347,0.853131198341526,175.596908914476,-0.26312741035615167,-139.86843444936557,0.9494347406796968,-6.338707057814474,-0.12334209328024111,-14.55654102265424,0.6135749229257891,-0.20463337211040766,-0.029566566298659697,0.627994713663369,-0.025598477177533704,-0.3543405779778343,6.59733588850213,112.719712749124,119.317048637626
1923,0.961516916751862,0.04819079186394113,-23.544019594820043,0.09588303020647888,-79.5510274443078,0.6843247006029767,-150.01266391475187,-0.04544092846528254,37.98340940847456,0.506850268867028,-17.97258090363742,-0.12761589666709375,-3.1741540871881746,0.868944240944099,176.528508943245,-0.2646425085534665,-143.51239477643904,0.9489672091564432,-6.500269138312831,-0.12473130156403203,-17.77503748068366,0.63158157043106,-0.19754342295376048,-0.030123636957184577,-2.691363568101452,-0.09749225970990917,-0.48279051908672255,6.59436103100688,112.666822999716,119.261184030723
1924,0.962012946605682,0.048040935078387324,-23.67875489160716,0.09656750483573472,-75.79090214782185,0.6850625096722694,-155.36298810989115,-0.046598390402444026,37.32298204125956,0.5056980237662707,-10.16486418624695,0.020591443313163024,-3.9928525354906643,0.859807981678935,178.759264598451,-0.2659549722094321,-148.54141106174123,0.9510174818817015,-6.821577048149919,-0.12255707167906457,-10.033922393013304,0.6282550954453353,-0.13094179323364585,-0.030923506882208154,-3.5192995660347863,0.05151495019537118,-0.473552969455878,6.6421033205952,112.565756291151,119.207859611746
1925,0.962501227855682,0.047923601570865525,-26.042764607497972,0.09683019826968013,-75.42920608303392,0.7001932706891458,-150.71412725182213,-0.04691760358594954,36.847965920079446,0.4991370990989613,-14.165274027697418,0.12480356548435478,-6.949795814223872,0.876845716408317,175.183521241535,-0.2657061233363582,-143.96491893880494,0.9658993940255041,-6.749208313017192,-0.1241975543360056,-13.900345240383311,0.6233346534349669,-0.26492878731410663,-0.03079215890011869,-6.345733921073414,0.15559572438447347,-0.6040618931504582,6.68108942545587,112.601602017879,119.282691443335
1926,0.963001489639282,0.048399375733231956,-27.120453044367935,0.09666463762957463,-80.07829625332042,0.7095467872730454,-153.45122473659137,-0.0463628655319424,34.63566531776381,0.5405544833127056,-14.137331842407317,0.09112479306551588,-6.005706400966442,0.904320511605236,179.250921476927,-0.26584893434555873,-146.4904356157602,0.9753957216186042,-6.96078912083118,-0.12367847002478072,-13.959787324398254,0.6642329533374863,-0.17754451800906246,-0.030883743358335738,-5.3884579595599345,0.12200853642385162,-0.6172484414065078,6.69537818951358,112.601573348045,119.296951537559
1927,0.963506162166595,0.04855838209907527,-27.078398210085386,0.09642596652021418,-86.66954344857496,0.7324215186775955,-155.4319300090397,-0.04600058924884391,38.78621297623225,0.5801662869966959,-10.186105084373127,0.08996169042714429,-6.227543956431318,0.94599114426971,184.528706804931,-0.2663518388467888,-148.31188666245657,0.9987733575243843,-7.120043346583117,-0.12236820833523161,-10.027012494374375,0.7025344953319276,-0.15909258999875142,-0.03228301397843119,-5.817529640036899,0.12224470440557547,-0.41001431639441854,6.79379929650008,112.519697800279,119.313497096779
1928,0.964008331298828,0.04852934798161985,-28.536813223215844,0.09776646166822907,-83.47997108882022,0.7381402367699949,-158.0672446001069,-0.045206405313786106,34.31574819154306,0.5732899938083197,-9.096699343772315,0.09377009364355865,-7.226519892798074,0.946711283510221,184.610541952659,-0.2670115634341707,-150.9383881727481,1.0051518002041655,-7.128856427358812,-0.12254550361297134,-8.980886458584443,0.695835497421291,-0.11581288518787147,-0.032502168163439996,-6.745606250309388,0.12627226180699863,-0.4809136424886864,6.73072544030765,112.609733507037,119.340458947345
1929,0.964511692523956,0.04818342495345417,-29.022210922523954,0.097956049982288,-82.45916800354945,0.7408757326947056,-162.02789959591115,-0.0446692603759389,33.49406899535762,0.5688828303706939,-13.253288730611455,0.04843946380751972,-12.535595927643037,0.942753032682133,188.014592113047,-0.26688234397305527,-154.78564874609927,1.007758076667761,-7.242250849811882,-0.12282665415793038,-13.224394093224893,0.6917094845286242,-0.028894637386562394,-0.03281366982295439,-12.072399243380236,0.08125313363047411,-0.46319668426280103,6.76697540610621,112.581812083721,119.348787489827
1930,0.965008914470673,0.04793879465426843,-23.922488562086315,0.09655319525989059,-83.74452489491009,0.7401546315124087,-154.46744230052818,-0.04566830287284755,37.44389550482829,0.4914017313170048,-11.832746454323692,0.07256591069269389,-4.118668172876594,0.899042041798026,181.671803718936,-0.2652517208786304,-147.5679449992895,1.005406352391039,-6.899497301238682,-0.12477048942647695,-11.814810161477709,0.6161722207434818,-0.01793629284598275,-0.0312674803777235,-3.5860559390527915,0.10383339107041739,-0.5326122338238028,6.73438556367364,112.609550029039,119.343935592713
1931,0.965511858463287,0.047589040388550434,-28.2278241976217,0.09524061628383053,-91.38192908171133,0.7515277819574376,-146.43325107303892,-0.04767195768144706,33.74007684668538,0.4305626286628507,-9.336977821029251,0.12808259642386832,-1.3016003125021907,0.883284463276706,178.37441000679,-0.263562970453725,-139.93029422658915,1.0150907524111625,-6.502956846449763,-0.1257831783268249,-9.283529505690604,0.5563458069896756,-0.053448315338647134,-0.03173489117120938,-1.0343632139237353,0.1598174875950777,-0.26723709857845535,6.69879153953661,112.621063157916,119.319854697453
1932,0.966005861759186,0.04734558555058176,-29.433987385263116,0.0963943327499239,-84.05066717414147,0.7317117444280872,-145.4832130136382,-0.0464332008188342,32.72304101846771,0.49113975020669,-16.538446397262454,0.11500469597700455,-12.25838493598939,0.896401653980826,174.902330340553,-0.2635874985739757,-138.87718975558238,0.9952992430020629,-6.606023258055814,-0.12887551179408338,-16.574889095434816,0.6200152620007734,0.03644269817236179,-0.03238507218127052,-11.940390243410839,0.14738976815827506,-0.3179946925785515,6.57008520442469,112.752693131566,119.322778335991
1933,0.966513454914093,0.0470353552887492,-33.21777275304334,0.09738520672431296,-80.78119788556465,0.7456856624929261,-154.40961772983445,-0.04654925596721995,32.606737859037146,0.4841341354453891,-3.2878018117265038,0.17238426456240533,-11.014176791922953,0.913242760380102,180.73924170179,-0.26417614792505734,-147.61097888023218,1.0098618104179835,-6.79863884960227,-0.12672124021054923,-3.3003062127096703,0.6108553756559383,0.01250440098316652,-0.03124423335160205,-10.529537143340166,0.2036284979140074,-0.4846396485827871,6.6241030029887,112.730199247599,119.354302250587
1934,0.967003464698792,0.04626050657836695,-33.39123066072121,0.09693295991005553,-84.15353684217673,0.7943176785729573,-155.22964451962793,-0.04765115832504607,35.554458165697255,0.47913261693166304,-6.227310478182494,0.28096906705855595,-8.125863881804985,0.976349794807476,183.471968269948,-0.26277182811673516,-148.64241647260462,1.0570895066896924,-6.587228047023302,-0.12539946512248218,-6.226629920976491,0.6045320820541452,-0.0006805572060031295,-0.03353826273637333,-7.657143723546212,0.3145073297949293,-0.46872015825877344,6.63873009858344,112.77463953197,119.413369630553
1935,0.967508792877197,0.04639698647238521,-27.315336611054594,0.09659690744191224,-81.12657377223313,0.7872025448925857,-151.2574846343678,-0.047685834893989656,36.65636958367789,0.47291911881145265,-12.478790301115128,0.2649653334486276,-10.747780560959601,0.962966535910207,178.385536604103,-0.26231637177646905,-144.40716625317629,1.0495189166690548,-6.850318381191528,-0.12331027945849612,-12.36123267299538,0.5962293982699488,-0.1175576281197479,-0.03578807862978084,-10.36226542386643,0.30075341207840844,-0.3855151370931704,6.66635698090249,112.778186023235,119.444543004138
1936,0.968009889125824,0.04633211539759158,-31.29331764076595,0.0976535695707207,-76.85196908386466,0.8538985645320109,-151.9613898040894,-0.04728165367913611,35.44382338878342,0.5774328772399302,-7.296075955533438,0.3445344128712104,-5.650031988007366,1.09324923380795,176.972260748551,-0.2641065826751633,-144.86765773945297,1.1180051472071741,-7.093732064636441,-0.12251705643757012,-7.179623938982058,0.6999499336775004,-0.11645201655138049,-0.0324516395646784,-5.424680037376646,0.3769860524358888,-0.22535195063071978,6.79970662896039,112.633123978972,119.432830607933
1937,0.96850860118866,0.04578420330324207,-36.03901815174989,0.09805767037620984,-76.2946310564041,0.9098957204715883,-157.0968746620371,-0.04840788511444684,33.547294080925596,0.664259460380579,-9.88503102780069,0.3849157377802506,-5.279537392681522,1.19639700825499,181.796913834114,-0.2649309086319024,-149.81976620269464,1.1748266291034906,-7.2771084593424575,-0.12694427420115553,-9.825557970196282,0.7912037345817345,-0.05947305760440713,-0.03287361578081259,-4.997283925985138,0.4177893535610632,-0.2822534666963845,6.98685616669809,112.475782066584,119.462638233282
1938,0.969004511833191,0.04591288875512204,-32.94706536780491,0.09756273448749211,-81.83249547695938,0.9084840361208104,-156.140808561783,-0.04748166281116538,37.85478472920846,0.6681098324243959,-4.251117115003223,0.3628459560413405,-10.894413457365554,1.19048400606724,183.662090532762,-0.26435202060578655,-148.8592186358631,1.172836056726597,-7.281589925919889,-0.12685554352659234,-4.115800134438619,0.7949653759509883,-0.13531698056460417,-0.034452890089631885,-10.660403611931672,0.3972988461309724,-0.23400984543388148,6.94736158058367,112.534927144647,119.48228872523
1939,0.969516336917877,0.046312232747521595,-32.06651490297919,0.09788970770291744,-82.73070829500753,0.9190279781660438,-161.43050115251285,-0.04658723476341197,36.89004492352562,0.5859381995158874,-8.252996877602783,0.32926710074599896,-3.3892315189216276,1.14466170118367,188.076879061671,-0.26565198614280106,-153.80867765726146,1.1846799643088448,-7.621823495251391,-0.12790165073101875,-8.092573428220676,0.7138398502469062,-0.1604234493821064,-0.03190908984098745,-3.1439853668804876,0.3611761905869864,-0.24524615204113998,7.01247709323434,112.459355935454,119.471833028689
1940,0.970002949237823,0.045623341509465974,-32.771832614809156,0.09837092045226638,-76.62926612574225,0.9177228756982465,-157.1617028517578,-0.04721142636086798,36.61029284357489,0.5869029983397493,-10.005411796664555,0.3010353475747425,-14.009838943650372,1.13634498836825,182.435017684948,-0.2646734764105421,-149.89083537647187,1.1823963521087886,-7.2708674752859395,-0.12913882206538976,-9.780183454972816,0.7160418204051391,-0.22522834169173933,-0.03327565673625768,-13.66868711164934,0.33431100431100014,-0.3411518320010316,6.92838731986558,112.583025619388,119.511412939253
1941,0.97051864862442,0.044848651699178316,-29.751978674137614,0.09856349548531586,-77.35265129272797,0.9360903850551381,-156.9851485141833,-0.047914871910930246,37.48977651234636,0.5562443555687183,-10.384833373717056,0.27012706807852116,-7.762792038343297,1.12812394006829,181.897055496885,-0.26289309444376924,-149.9879893910259,1.1989834794989074,-6.997159123157388,-0.12782811482522102,-10.077761014361966,0.6840724703939394,-0.3070723593550895,-0.03329908740159837,-7.469392758682889,0.30342615548011953,-0.2933992796604077,6.95481949360146,112.704893827438,119.65971332104
1942,0.971004843711853,0.04461575626272981,-30.595609355224752,0.09752448411298302,-78.80699803428965,0.9207069455433224,-150.2740626750562,-0.04915836384340295,34.44302436056278,0.6058534763568773,-7.677816168496675,0.265580865710586,-9.29080048142934,1.13982939340112,176.239944183111,-0.2615942691319997,-143.0437010154105,1.1823012146753222,-7.230361659645695,-0.1266383990000986,-7.314014183426764,0.7324918753569758,-0.36380198506991146,-0.033903804628071514,-8.95878431360751,0.2994846703386575,-0.3320161678218305,6.96323574830603,112.692855104804,119.65609085311
1943,0.971512258052826,0.044802352050501204,-27.6998212640152,0.09683380464707805,-76.20802304558761,0.9042372809692254,-149.95208965143243,-0.049417119706587874,35.02376759828446,0.6374728999732515,-10.534784849244868,0.26140309864625877,-11.0107767785831,1.14287988286984,174.698183331346,-0.2614810532198655,-142.8137853670673,1.1657183341890909,-7.13830428436512,-0.12806824369302675,-10.34973718193674,0.7655411436662782,-0.18504766730812783,-0.03538062756696438,-10.613969755966156,0.29678372621322313,-0.3968070226169438,6.89316574965551,112.688593760133,119.581759509788
1944,0.972012042999268,0.045089970620155975,-29.24265974447004,0.09807730129384368,-71.25779935033164,0.8710808360440665,-156.65415351448286,-0.04835970950508127,33.547035971872184,0.6293310674727663,-5.5623758687010225,0.17638489179972996,-13.019017212212095,1.09541862748808,178.323216064249,-0.2626683778546175,-149.32694494183434,1.133749213898684,-7.327208572648516,-0.12526747989866618,-5.295451467693663,0.7545985473714325,-0.26692440100735926,-0.03649323034473438,-12.884177662355098,0.21287812214446433,-0.13483954985699675,6.85216343330103,112.745561331511,119.597724764812
1945,0.972513794898987,0.04432976903417838,-29.27256484111706,0.09877665014035984,-72.81840666230417,0.8471926683300125,-146.968145209014,-0.04907724465966622,31.697426929909916,0.598194378919303,-6.579348045043888,0.2600225768676772,-0.4817370784788391,1.07578538924018,169.727092335548,-0.26158652064362786,-140.1656827019367,1.1087791889736405,-6.802462507077308,-0.12611033251580758,-6.442319379055345,0.7243047114351107,-0.13702866598854335,-0.031446117366856874,-0.26579608890332695,0.2914686942345341,-0.21594098957551217,6.78693625078631,112.898844838142,119.685781088929
1946,0.973013877868652,0.04408215394481514,-28.879373448771428,0.09801011032793376,-81.60260671803847,0.833796538373742,-142.686931465937,-0.04849253234726371,34.06868448631714,0.5692940305978949,-6.316173788614284,0.3045870335150719,-16.91963153355612,1.0611250470045,171.28749893184,-0.2606889951294031,-136.18004652945,1.0944855335031451,-6.506884936486983,-0.1291670896515914,-6.203500528356791,0.6984611202494863,-0.11267326025749291,-0.03294242150663414,-16.71416924563249,0.337529455021706,-0.20546228792363053,6.77745697074442,112.870250031352,119.647707002096
1947,0.973500072956085,0.04429497613405888,-24.38937504491341,0.09708885450597618,-80.62132719895382,0.7806927416660107,-143.979146792854,-0.048432646833498974,32.90088155510949,0.5328814472361756,-2.5926258991404474,0.2257248901536933,-10.644882770066417,0.97884091230021,170.373524853321,-0.26042226323897755,-137.23265193787861,1.0411150049049882,-6.746494854975396,-0.12750436331825163,-2.42795953067512,0.6603858105544272,-0.16466636846532756,-0.033102617659974354,-10.519007310416281,0.25882750781366765,-0.12587545965013547,6.76109639930019,112.811053410172,119.572149809473
1948,0.974014580249786,0.04392693446531229,-27.877426125598163,0.09745053431075323,-78.55442003767061,0.767102151237125,-146.95739584314308,-0.04886896616722364,29.553272617019307,0.5547151302213766,-5.038474418244745,0.0909649823378129,-12.79865855410766,0.958250265955657,172.066881750862,-0.2607415122562273,-140.31687969326387,1.0278436634933523,-6.640516149879204,-0.12805569887770155,-4.898578867656242,0.6827708290990782,-0.13989555058850378,-0.03314295314524267,-12.465482306962736,0.12410793548305557,-0.3331762471449249,6.81518099088134,112.773280933499,119.588461924381
1949,0.974517583847046,0.04317617367469075,-27.780648242273728,0.09771376764459448,-74.06322618515252,0.7694547093616939,-149.622530418227,-0.04904169777870488,30.584212856100443,0.4546595059699299,-9.178559093342527,0.04077401166578097,-13.752732637944595,0.902361117644448,172.779643408983,-0.2602489388180135,-142.94808629466695,1.0297036481797073,-6.6744441235600505,-0.12897307018052823,-8.983600789382004,0.5836325761504582,-0.19495830396052227,-0.03367089655203919,-13.471850833812882,0.07444490821782015,-0.28088180413171315,6.83165524110518,112.784035384655,119.61569062576
1950,0.975000023841858,0.04352780961111277,-22.182179917405975,0.09564480692519102,-88.92542253529541,0.7221017434170541,-143.71617517617474,-0.04871935617525122,35.45865829623991,0.47143514132935477,-10.533211462260892,0.06356824537382755,-16.215478853204292,0.872432872554396,175.172274154773,-0.2576965754644172,-136.62292087916563,0.9797983188814714,-7.093254297009111,-0.12773027657812572,-10.378744429324323,0.5991654179074805,-0.15446703293656938,-0.034144035797952464,-15.78003549232267,0.09771228117178002,-0.4354433608816226,6.73870212194379,112.944140940905,119.682843062848
1951,0.975526690483093,0.044224894412581664,-24.191947831550753,0.0968467927998856,-79.17987808783045,0.6897498473211555,-142.58326551991397,-0.04869654807657522,29.885290286374033,0.4630259618165582,-8.538123419180353,0.011940395864792418,-16.480257410210704,0.839045268507675,168.589205026714,-0.2606243824711018,-135.55028028501772,0.9503742297922573,-7.032985234896245,-0.12781671408534714,-8.309137797295444,0.5908426759019053,-0.22898562188490956,-0.03527965186968158,-15.902190982987443,0.047220047734474,-0.578066427223261,6.69972138207231,112.826495543122,119.526216925195
1952,0.976010262966156,0.04429770171789823,-22.663204223038434,0.09759092232362904,-78.89889629915852,0.7090286675740854,-140.69232369891742,-0.049107445282580584,32.89266356294407,0.5235436284160445,-11.97416968346739,0.03828620054270359,-11.858102563602438,0.890046757832735,167.029665817075,-0.2621202654482998,-134.46467991272445,0.9711489330223853,-6.227643786192971,-0.12897469668488437,-11.865060649572133,0.6525183251009289,-0.1091090338952565,-0.03577976231582806,-11.43200349085438,0.07406596285853165,-0.4260990727480589,6.73145832241062,112.72776119411,119.459219516521
1953,0.976503312587738,0.04339584071346259,-27.54894098336031,0.09792094487601956,-81.95940426719807,0.6968291734418139,-148.76774837435337,-0.051375681830863655,28.298250186245753,0.5608262553580377,2.931186018095442,0.10980722351556466,-12.484024554108927,0.90899162983767,174.852408441111,-0.26059484999333105,-142.24414216673733,0.957424023435145,-6.523606207616041,-0.12827694288621788,2.8769933312803397,0.6891031982442555,0.05419268681510214,-0.03504129863644567,-11.969677195098791,0.14484852215201033,-0.5143473590101362,6.71088114306349,112.865154489875,119.576035632938
1954,0.977021753787994,0.04306063008927641,-26.527518719786183,0.09790309234837734,-80.85311069065388,0.6814609554599453,-148.57671945922172,-0.05059416129773104,30.55601279718842,0.4346137028960369,-6.639414184544275,0.08831011389740084,-14.739130831474057,0.821629955205164,174.67389627386,-0.25983183416732797,-142.15808313593857,0.9412927896272734,-6.4186363232831525,-0.13055376244555902,-6.545759951987319,0.5651674653415959,-0.0936542325569567,-0.03483896535793995,-14.202894424119547,0.1231490792553408,-0.5362364073545098,6.55456472671358,112.968205735087,119.522770461801
1955,0.977515816688538,0.04339035135571029,-20.980515209974723,0.09771392774802867,-79.58451522315656,0.6656666756209221,-146.62434988459532,-0.0492075358103552,37.88988081335306,0.3552355720026298,-9.53227075941375,0.012323618673755657,-18.01165636170035,0.763746307403648,173.561240142014,-0.26017732312501524,-140.4256244603172,0.9258439987459373,-6.198725424278109,-0.13026114829913502,-9.393794084169912,0.48549672030176483,-0.13847667524383844,-0.03543084077916208,-17.524604584423486,0.04775445945291774,-0.48705177727686433,6.46409900700019,112.96475559473,119.428854601731
1956,0.978012681007385,0.04317032000207138,-26.93916892848794,0.0967741539907629,-80.42101474510052,0.6650132567384184,-137.8105879628307,-0.050858557451009125,33.3159236271389,0.35720034917215215,-5.938162957422322,-0.03738307913608678,-13.412626591840686,0.764884123229098,165.861772836241,-0.2583479209625308,-131.62594605309135,0.9233611777009492,-6.184641909739355,-0.12916870915009837,-5.779037571096781,0.4863690583222505,-0.15912538632554085,-0.03597204548439768,-13.13816637117932,-0.0014110336516890976,-0.274460220661366,6.45945588592622,113.046813011169,119.506268897096
1957,0.978500425815582,0.04260573263520422,-25.115431403402788,0.09641074609605939,-75.8043290034959,0.6546301262708804,-139.97346793860817,-0.052134235568947515,30.22726178318556,0.3102558800738097,-6.407518835496059,-0.05645451889750833,-4.075665530402906,0.736080623967437,164.13716099367,-0.2571180367480277,-133.5399644726363,0.911748163018908,-6.433503465971853,-0.12671279696262774,-6.140291605837749,0.4369686770364375,-0.26722722965830936,-0.03418728388760914,-3.825649450228533,-0.02226723500989919,-0.2500160801743734,6.44263752793358,113.074607074261,119.517244602194
1958,0.979011058807373,0.04204651077483614,-26.300029933400722,0.09772671890535725,-75.93155230606024,0.6400795233207863,-140.665890112096,-0.049835469738334866,33.821874160495916,0.18032998159780694,-7.30137174171646,-0.025035321701345745,-14.967079587474078,0.675758433518003,166.329274403368,-0.25842478434029076,-134.45023512873342,0.898504307661077,-6.215654983362583,-0.12757152567110513,-7.187530773510452,0.3079015072689121,-0.11384096820600842,-0.035558355874504295,-14.697244158705505,0.01052303417315855,-0.26983542876857314,6.42243874724954,113.04879142344,119.47123017069
1959,0.979515790939331,0.04217716592894635,-27.1256640842945,0.09754989619653771,-78.79360562634498,0.6509626129439637,-148.57307533884972,-0.047079944340724086,31.051574054830308,0.05881429340855296,-13.118812732366582,-0.18495037938562792,-17.235232492768727,0.689151292625753,174.503723149756,-0.2585218148192765,-141.78968506808712,0.9094844277632402,-6.783390270762595,-0.1308277073693737,-12.919372610971065,0.18964200077792667,-0.1994401213955168,-0.03548216654939439,-16.752647429767027,-0.14946821283623352,-0.4825850630017001,6.4629992913874,113.028652951121,119.491652242509
1960,0.980014503002167,0.04260916944339435,-26.6925460188479,0.09717515145387184,-81.50061738214843,0.6771626263362347,-146.53457162366885,-0.04830243517168207,31.554057863487436,0.14366933918927563,0.4268097133151041,-0.23146479993584673,-15.535236249276327,0.739160152986662,173.390909874412,-0.2585060057676422,-139.93375023818564,0.935668632103877,-6.600821385483215,-0.12742587181270768,0.4968250974994603,0.2710952110019833,-0.07001538418435621,-0.033981473050360006,-15.150806706527769,-0.19748332688548673,-0.384429542748558,6.50755254391061,113.017754942179,119.525307486089
1961,0.980501294136047,0.04225082337550312,-29.399751472114318,0.09830425406386188,-69.08262220120893,0.6675609560162187,-138.10052953288783,-0.04963601605925898,34.02906063610772,0.26956856956461894,-9.278085265514598,-0.18711588854139893,-14.015025494128603,0.75314659394585,161.706496801001,-0.2588577458639504,-131.70694944675068,0.9264187018801691,-6.393580086137149,-0.12850317855282156,-9.377516813128652,0.3980717481174405,0.0994315476140546,-0.034953083587864246,-13.581355688084333,-0.15216280495353468,-0.43366980604426963,6.46976799619188,113.063634768128,119.53340276432
1962,0.981006026268005,0.04206038498635656,-29.03495489144761,0.09833351721468143,-73.42868129147331,0.6801668447016044,-142.35953410398912,-0.04930786665641314,27.7982540836774,0.2959807758764923,-6.603013599083828,-0.23203121496196433,-12.99140902218367,0.78609151079485,165.789493693449,-0.25859487676429993,-135.98364027252651,0.9387617214659043,-6.375893831462605,-0.1276162850225386,-6.669903818178796,0.42359706089903093,0.06689021909496873,-0.03536448607348476,-12.48414816451773,-0.19666672888847958,-0.5072608576659405,6.49952469183881,113.034955531359,119.534480223198
1963,0.981503784656525,0.04252157067369782,-20.49396294358864,0.09770583177489386,-79.07709467538444,0.6954500677297257,-143.27920884483382,-0.04915171781953164,33.91622253154614,0.361761944723774,-3.508344466346752,-0.2887850234478539,-13.584117271440128,0.843617031610539,168.965286317582,-0.2579433479877087,-136.8905013852102,0.9533934157174344,-6.3887074596236175,-0.12814448677145782,-3.5120731101436653,0.48990643149523183,0.003728643796913289,-0.03504679281519375,-13.056481016874324,-0.25373823063266016,-0.5276362545658042,6.59574407135733,113.056363806129,119.652107877486
1964,0.982001483440399,0.042222245229769445,-28.383915126692113,0.09771310920767529,-74.78684859330414,0.7104623331095329,-144.32500727681472,-0.04994078047471291,34.906125781130406,0.4843036129821585,-9.118954996610922,-0.23407710334788623,-17.953833923283106,0.898845625168442,169.859825137414,-0.2585073448583873,-137.7392191755125,0.9689696779679202,-6.585788101302228,-0.12864640211301318,-9.100707617525238,0.6129500150951717,-0.0182473790856843,-0.03441805888782507,-17.517938943830636,-0.19965904446006116,-0.43589497945247047,6.65525635284212,112.935728311539,119.590984664381
1965,0.982509315013885,0.04187121236629373,-27.152223572819867,0.09771430439422762,-67.92586622227616,0.6893489798172436,-146.57254541440847,-0.04835452662054204,35.397083669844854,0.5042523735964285,-7.941986428974892,-0.2035466537862598,-13.803838310505409,0.885744408095957,168.348603347709,-0.2574583608585794,-139.8071791043804,0.9468073406758231,-6.765366310028071,-0.12728008721025155,-7.88080595954561,0.63153246080668,-0.06118046942928235,-0.034073712809095574,-13.367610374488606,-0.16947294097716423,-0.43622793601680243,6.53169071869161,113.065993756056,119.597684474747
1966,0.98300576210022,0.04173286298708052,-26.099804810431564,0.09666558619234619,-81.35504054602683,0.7183507644921142,-145.0890839004268,-0.047760740743347505,37.436396020362935,0.4923828149610434,-5.987484173484437,-0.1825123718408448,-18.989993958523588,0.897299492340043,173.633632354793,-0.2560024188670555,-138.5542260239506,0.9743531833591697,-6.534857876476195,-0.12779360579561375,-6.000090739228137,0.6201764207566571,0.012606565743699782,-0.03487071318722837,-18.545527150048187,-0.14764165865361642,-0.44446680847540065,6.61407832883197,113.093632668257,119.707710997089
1967,0.983500719070435,0.042823997701617114,-15.915084275307679,0.09687359482365593,-79.59358769022367,0.7259876567959942,-147.37666378299903,-0.04830199808198456,33.3693918074115,0.5204761100140656,-4.412111032519004,-0.1670424945951475,-12.240368190086196,0.916192187855801,172.020695799916,-0.25810739357472773,-140.54621802610416,0.984095050370722,-6.830445756894875,-0.12861574705965567,-4.318798586860744,0.6490918570737212,-0.09331244565825969,-0.03269035000399873,-11.808236212453604,-0.13435214459114878,-0.4321319776325918,6.65499395972802,112.979563415051,119.634557374779
1968,0.984006941318512,0.04218141660575667,-26.303304932824634,0.09831980210029631,-70.80512787543526,0.772703151837927,-142.43791028671853,-0.048469625567496184,36.5300928244101,0.4402947148214308,-8.589606201651879,-0.0808678958825965,-18.09110086882519,0.900702266755776,166.521185492413,-0.26085760260893537,-135.73919682470915,1.0335607544468624,-6.69871346200938,-0.13060413187015882,-8.561578523185146,0.5708988466915896,-0.028027678466733263,-0.03322566999047209,-17.87004291440176,-0.04764222589212441,-0.22105795442342924,6.88015868390357,112.675903916359,119.556062600263
1969,0.984504461288452,0.042078716726232174,-21.55846532821765,0.09750438686685159,-76.49536413684818,0.7642460009236431,-138.22166300394807,-0.05040804000768833,36.64877579873296,0.4859190976206361,-6.070865246607641,-0.19184920192245214,-10.90290873190304,0.933174222744896,164.074366908784,-0.2589524525604412,-131.1968884000849,1.0231984534840843,-7.024774603863165,-0.1286088358698065,-5.948299394834735,0.6145279334904427,-0.12256585177290624,-0.03354342238621101,-10.612752803626796,-0.15830577953624114,-0.2901559282762438,6.85286144466227,112.800079718232,119.652941162894
1970,0.985021114349365,0.04205669036305879,-23.958821124475435,0.09835655401284008,-77.77243956598336,0.7873014883791464,-143.7615338633333,-0.04932752580328375,41.59552828364035,0.45314766452077127,-3.8036207764726626,-0.20023343734611154,-14.840548244830806,0.937633110880549,171.040502398908,-0.25929831951138926,-137.12808226108626,1.0465998078905356,-6.6334516022470495,-0.12722418088158216,-3.792668059751168,0.5803718454023534,-0.01095271672149467,-0.035290817897531836,-14.492619513885757,-0.1649426194485797,-0.34792873094504984,6.89729242713884,112.828784435987,119.726076863126
1971,0.985502541065216,0.042717573007188384,-19.11892099780889,0.09826692921800104,-72.80126485911805,0.8109904876684122,-146.09292573471487,-0.04949355701579537,35.74607431213225,0.4125913502623303,-3.5600738413202224,-0.15218097541687875,-17.950464608230057,0.930068296033367,169.178531111581,-0.25971605238803436,-139.56213243240168,1.0707065400564466,-6.530793302313185,-0.12456478947658985,-3.6367898208043665,0.5371561397389202,0.0767159794841441,-0.03494338134365966,-17.48162998742409,-0.1172375940732191,-0.4688346208059677,6.89528075295266,112.844469800591,119.739750553544
1972,0.986011385917664,0.04187474782532937,-23.864351520006885,0.09672572434834574,-84.96522201931515,0.806246470041383,-143.13833011341555,-0.04774786739937148,38.568974998668956,0.4056774711824004,-3.677558652926684,-0.1870992277294803,-13.163723545168,0.928979505260176,173.065165939268,-0.2574561772599695,-136.23471716151542,1.0637026473013524,-6.903612951900129,-0.12413472092224202,-3.68626428511059,0.5298121921046424,0.008705632183905632,-0.033988999153005114,-12.688645012384576,-0.15311022857647516,-0.4750785327834244,6.91624188453716,112.86799710989,119.784238994427
1973,0.986521780490875,0.041714055025028604,-25.46095720869078,0.09738391254988753,-71.675449362429,0.7942231832923123,-150.67559568085582,-0.047849190867971264,33.878032879525584,0.3916302718718365,-5.798877656007919,-0.2282169228262958,-16.244645459688027,0.921824784037922,173.014456381645,-0.2574587696228871,-143.81824428667974,1.0516819529151995,-6.857351394176078,-0.12642766140083692,-5.757169266347745,0.5180579332726735,-0.041708389660174205,-0.034410979954172825,-15.74698454174155,-0.19380594287212297,-0.49766091794647593,6.85239382341388,112.932700827718,119.785094651132
1974,0.987011194229126,0.0421358724661668,-24.956388072662104,0.09761355668109412,-76.15678007940429,0.822054876421087,-144.13304753618476,-0.047806885527793365,38.67613283894685,0.43226741062708357,-2.13326747036499,-0.17345035629131028,-18.331314726061652,0.951999840722571,170.392027486106,-0.25895322929834447,-137.33591567515242,1.0810081057194314,-6.797131861032341,-0.1271497477914599,-2.080721060121438,0.5594171584185434,-0.052546410243552,-0.03189227362601401,-17.98299470343372,-0.14155808266529626,-0.3483200226279308,6.84393102426975,112.837459176779,119.681390201049
1975,0.98751437664032,0.0415073838520696,-27.31071971685034,0.0975355521008546,-77.72841307549747,0.8291511620787217,-145.29888451230948,-0.049310602294624944,35.33847310762185,0.4266681191655394,-2.5162553508979033,-0.10720570944208493,-11.482663457356967,0.945884760402796,171.132516588324,-0.2578342625693301,-138.38733655719705,1.086985424648052,-6.9115479551124395,-0.12551568676255143,-2.342193068872641,0.5521838059280908,-0.17406228202526242,-0.029669611652311006,-11.224392682049258,-0.07753609778977393,-0.25827077530770914,6.83719523602485,112.887364402413,119.724559638438
1976,0.988004446029663,0.040942380803649446,-30.963208831434684,0.09674141541213134,-86.14758384634003,0.8401407417035476,-146.0102072221626,-0.049574743040590584,31.81607174702412,0.3927624356678525,-3.263436465049736,-0.11126951772132311,-10.77943060344803,0.941261142013852,175.608131018663,-0.25667639402132875,-138.81697994572332,1.0968171357248764,-7.1932272764392735,-0.12217573975199231,-2.9267387053885336,0.5149381754198448,-0.3366977596612024,-0.03176827695063264,-10.499750417176013,-0.07950124077069047,-0.2796801862720173,6.78161223803181,112.913686737418,119.69529897545
1977,0.988511383533478,0.040006044476097735,-37.85229248027988,0.09844395499949989,-72.33402002743084,0.8701332651649203,-151.79546144309057,-0.05008331470134762,31.897640562085403,0.3421199588363255,-2.7536804530263166,0.04371958666232236,-15.049746025129414,0.943339494519709,175.950009090504,-0.2583402098693022,-145.05010608430456,1.1284734750342225,-6.745355358786014,-0.12174824039082985,-2.5392137017806657,0.4638681992271554,-0.21446675124565084,-0.03215831556761282,-14.641574773879517,0.07587790222993518,-0.4081712512498967,6.77135834086948,112.80464066565,119.57599900652
1978,0.989010870456696,0.04071669710439257,-29.77640236493246,0.09762863967679267,-80.68814168084155,0.8984279785481533,-149.17827878601463,-0.04948295394180362,34.07570572758999,0.43742461040331204,-2.492172039849474,0.10942871157920578,-13.467005605204116,1.01199087386277,176.068435812737,-0.2598523908349503,-142.62880250328172,1.1582803693831036,-6.549476282732911,-0.12237450465553035,-2.510543938616831,0.5597991150588424,0.01837189876735712,-0.030588850496524767,-13.077590768415934,0.14001756207573055,-0.38941483678818223,6.78832683162727,112.616799980402,119.405126812029
1979,0.989504873752594,0.04098583481310169,-34.15478123226156,0.09724187383728969,-84.57479899587304,0.9013734895634757,-144.40045580160503,-0.04799502004500659,39.20634624735901,0.4747270458915973,2.4027039361274447,0.08555140730139571,-12.031435629561646,1.0288820737635,175.666170213584,-0.259649498052482,-137.61603091152335,1.1610229876159577,-6.784424890081681,-0.12149453437702754,2.3357979792909838,0.5962215802686248,0.06690595683646094,-0.030823236192901636,-11.619554798249506,0.11637464349429735,-0.41188083131213915,6.72978090781544,112.627279147506,119.357060055321
1980,0.990001022815704,0.040438316428117516,-32.374651282538245,0.09743807855454625,-78.1197467252387,0.8972966615787649,-145.6461430240669,-0.04826590488052255,38.10691326406152,0.5204359090681262,-2.6570056903039503,0.05294746230112981,-14.066366858454877,1.04511114349335,173.264742651868,-0.25828114523526946,-139.49981565872173,1.1555778068140343,-6.146327365345172,-0.12230881860504425,-2.700718728219149,0.6427447276731705,0.04371303791519887,-0.030739629426772826,-13.90050287497121,0.08368709172790263,-0.1658639834836677,6.57541239392958,112.800534382463,119.375946776392
1981,0.990512251853943,0.04004453714816917,-38.54939814589904,0.0971775803808728,-80.09359320368276,0.897325919822437,-143.85532206632695,-0.04851871598055738,33.76884245340205,0.5645936501067648,2.128065794978878,0.14916365723028194,-10.757395894985702,1.0768522208961,172.788826049622,-0.25797473448928093,-137.76086508195934,1.155300654311718,-6.094456984367611,-0.12195940445113046,2.07079655568496,0.6865530545578953,0.05726923929391825,-0.028859062868579827,-10.47588411665628,0.17802272009886178,-0.2815117783294223,6.54476859902206,112.777260139585,119.322028738607
1982,0.991007030010223,0.03958225413040139,-40.0749234186533,0.09744770320095356,-79.6935447235081,0.8753863853628998,-152.52150176675326,-0.04769210548810148,35.57788056968032,0.5422405570133819,2.764739729001364,0.1645004322561066,-8.000678423842036,1.04915388965987,180.436441124391,-0.25788937743411167,-146.09209289447685,1.1332757627970116,-6.429408872276412,-0.12198256699260565,2.59699092326717,0.6642231240059876,0.16774880573419404,-0.027815415617895547,-7.695964777811859,0.19231584787400216,-0.3047136460301765,6.56695525149189,112.756856098771,119.323811350263
1983,0.991501450538635,0.0396679478522664,-37.83751294002792,0.09768176815407849,-76.39273054183478,0.8344148773499502,-151.1887196973869,-0.048767704144438845,34.380581295737365,0.5093051729515575,2.388707157066207,0.16123100897591633,-4.642545629596148,0.997561500799613,177.016494008036,-0.25898886426122975,-145.01718454594277,1.09340374161118,-6.171535151444118,-0.12083686483112333,2.3454651502521973,0.6301420377826809,0.04324200681400958,-0.02893658761032657,-4.504370872858015,0.1901675965862429,-0.13817475673813284,6.49787772930813,112.686181351542,119.184059080851
1984,0.992002069950104,0.03960270964749768,-42.235078800550085,0.09779410735034559,-80.99019513762178,0.7982210893458056,-147.5791255282657,-0.04773644654567015,35.02488972754232,0.4621182112676252,-5.87977048173344,0.17888150982040338,-11.185712382596229,0.94663592451898,177.50844105072,-0.25939345167180045,-141.35623321243696,1.057614541017606,-6.222892315828744,-0.12290458001568232,-5.891913212165918,0.5850227912833075,0.012142730432477933,-0.02967809665728299,-11.18446668404932,0.20855960647768637,-0.0012456985469082582,6.47387230626555,112.670590177178,119.144462483444
1985,0.992504775524139,0.039873084522242176,-37.81779397077116,0.09764644567745043,-80.46386201353025,0.731534518749987,-143.0916053642618,-0.047394717527414615,33.477198396738146,0.31967742434331675,5.446840344297839,0.0856098708898166,-8.377130194635551,0.811194433057565,172.047648484943,-0.25833521593585845,-136.9101184514815,0.9898697346858454,-6.1814869127802865,-0.12006819471746999,5.511205976703508,0.43974561906078674,-0.06436563240566873,-0.03026078215346822,-8.20751751895053,0.11587065304328482,-0.16961267568502159,6.30719502541615,112.833839789033,119.141034814449
1986,0.993001937866211,0.04056603979070859,-35.90171299336228,0.09820206182699048,-79.19876177894665,0.6964096719821757,-148.84293468390976,-0.047069315274860114,34.0421980081373,0.29458979296925975,-2.9386177399069275,0.10687134113405543,-11.659902782893646,0.772460892136037,176.122276049476,-0.25976537952042794,-142.69174157005997,0.9561750515026037,-6.151193113849786,-0.12240036813757281,-2.888907018432208,0.41699016110683257,-0.049710721474719666,-0.03014773846499949,-11.448293124653215,0.1370190795990549,-0.21160965824043032,6.2406265665777,112.81498888135,119.055615447927
1987,0.993509113788605,0.0398647693402123,-37.6170368404808,0.0979358593333889,-82.06440982408763,0.6691685379165778,-147.3670779565088,-0.04704285369759132,30.742956389394447,0.3289207917478066,0.8050487319303358,-0.002802665458453757,-7.103138537341664,0.754570697003944,175.678389490499,-0.25806885491643317,-141.19178810738495,0.927237392833011,-6.175289849123857,-0.12127940501974838,0.8860668400799261,0.45020019676755496,-0.08101810814959032,-0.027459801063646164,-6.985756444580371,0.024657135605192407,-0.11738209276129297,6.13237896707051,112.936728432775,119.069107399845
1988,0.994021654129028,0.039595415822008956,-33.21497594123435,0.09724669630987925,-85.39488831881131,0.6670431686591309,-145.76650268169672,-0.04634045642538781,32.92371079387659,0.3615289354170886,3.153448175863186,0.004349376024597423,-5.944414461043636,0.767359649622944,175.421338248611,-0.25677425414848637,-139.47627011980228,0.9238174228076173,-6.290232561894442,-0.11982811357358153,3.1754281253099776,0.4813570489906701,-0.021979949446791824,-0.02851172877478234,-5.854439911949275,0.03286110479937976,-0.08997454909436087,6.09101167651352,112.999101534486,119.090113210999
1989,0.994514524936676,0.03971968602600221,-34.11949323784642,0.09763505402649601,-73.35219249564007,0.6919428811987804,-151.17780472910792,-0.04745691717535443,32.23841705228157,0.3948973423184476,-2.032746322731484,-0.041804060204300504,-8.987784074884724,0.806125832287961,174.710161294824,-0.2584863311905621,-145.19021740632144,0.9504292123893425,-5.9875873227864815,-0.12020099374578716,-2.0528555871208622,0.5150983360642347,0.0201092643893781,-0.029488923453972568,-8.878531125970248,-0.012315136750327936,-0.10925294891447557,6.19023123805982,112.841835141182,119.032066379242
1990,0.995002031326294,0.041087203240562684,-32.12201599640748,0.09659784048073508,-85.92792648574024,0.7001437646063056,-146.5496457119583,-0.04816010591986352,34.02492645359708,0.408876761462645,1.4885392000028097,-0.04674964384208988,-5.141807819382399,0.820308309868014,176.291181506299,-0.2601958560212708,-140.36031187872783,0.9603396206275764,-6.189333833230478,-0.12137746436620259,1.5073411635494167,0.5302542258288476,-0.018801963546607015,-0.02770603672325295,-5.088466379171137,-0.019043607118836927,-0.053341440211262636,6.26357339931565,112.650852099061,118.914425498377
1991,0.995502471923828,0.041083156145201874,-35.97007898687939,0.09684982295195477,-85.4947252071841,0.6527487263150369,-140.80679311627276,-0.04917279079717918,30.447621805261946,0.3761193133489698,1.2753267018145067,-0.01578328544956986,-12.686018177703524,0.762418144431942,171.812010049533,-0.2595740010186827,-134.66732195596518,0.9123227273337196,-6.139471160307579,-0.11895932809786508,1.4194952810766777,0.4950786414468349,-0.14416857926217097,-0.029803183496037364,-12.535968871247958,0.014019898046467503,-0.1500493064555659,6.18645728585398,112.781468376517,118.967925662371
1992,0.996004164218903,0.04080131231016558,-34.150786909228884,0.09698868056534513,-78.79573278915818,0.6354313662868301,-150.05340030377096,-0.04855734840368567,31.281277123866378,0.359634870549316,-1.2322808431303678,-0.11411355997607092,-11.368128835512321,0.748038457082668,176.069128079913,-0.25939158794674694,-144.14337293534467,0.894822954233577,-5.9100273684262845,-0.11720739635116252,-1.0230874458258967,0.4768422669004785,-0.20919339730447106,-0.03099600743286755,-11.12058469943664,-0.08311755254320337,-0.24754413607568182,6.20521032470424,112.777229338884,118.982439663589
1993,0.99650377035141,0.040671535203719085,-31.34912998211487,0.09537055289044942,-89.66176824694313,0.6501639180229241,-143.49299527886072,-0.047956339483991514,29.889115535995465,0.36984232824976826,1.7199819100410194,-0.13515332689733234,-6.066395621683077,0.768643230937935,174.772306304623,-0.25706071141439335,-137.5239065157089,0.9072246294373174,-5.969088763151831,-0.11768744963020432,1.8958963556055113,0.4875297778799726,-0.17591444556449187,-0.029680092404987757,-5.9039275680363295,-0.10547323449234458,-0.162468053646748,6.15540924344532,112.887121126056,119.042530369501
1994,0.997009992599487,0.040596476520244076,-31.735569639913148,0.09537281844479475,-87.30381462978346,0.6840835703082734,-148.0961970196332,-0.04862974493628616,28.003127268447802,0.3670288346934846,1.140135381537396,-0.21532516985709094,-5.466883389814954,0.813728656207146,177.135394149386,-0.2584435695953676,-141.9049853520322,0.942527139903641,-6.191211667600982,-0.11833513703830743,1.207438766061333,0.485363971731792,-0.06730338452393703,-0.030110951282302314,-5.299419746016712,-0.18521421857478862,-0.16746364379824197,6.33434670483985,112.636158123612,118.970504828452
1995,0.997500121593475,0.040531485606410476,-36.288443374188304,0.09727653286062632,-80.90113396400852,0.6874071995418832,-148.81944461117527,-0.04687978569422291,31.286713232459228,0.34727718698991045,-0.9285165830490004,-0.24806629924516954,-7.713591229737651,0.817294457881868,176.205254607113,-0.26125220251334164,-142.41625602141505,0.9486594020552248,-6.403188589760219,-0.11814778374194361,-0.726029989677489,0.46542497073185407,-0.20248659337151143,-0.030038279084280972,-7.540134789869904,-0.21802802016088857,-0.1734564398677474,6.477225332339,112.455137819052,118.932363151391
1996,0.998014032840729,0.04035964465542038,-33.401513545999734,0.09679587713910531,-84.8056805254889,0.6557921787400706,-145.54995686454544,-0.047259495615652646,28.36863242741932,0.3718428112862918,4.48745182435789,-0.24483629558521192,-1.680983367542418,0.800941366338084,174.126955795436,-0.2598229334457399,-139.3215842704351,0.9156151121858105,-6.22837259411034,-0.11776124394251722,4.754791959944885,0.489604055228809,-0.26734013558699576,-0.02837663482093599,-1.530455595728501,-0.21645966076427592,-0.15052777181391686,6.37410234280878,112.57892934978,118.953031692589
1997,0.998500406742096,0.03995128829760548,-35.28816294717567,0.09551893527104693,-87.39335029863953,0.6687657524796391,-147.85228576747977,-0.04588120468258401,33.72404340185336,0.34982902856716835,4.509215321934029,-0.26527346710066474,-8.981859787997578,0.807974659652512,178.833633466181,-0.25787194326004487,-141.42243710307685,0.926637695739684,-6.429848664402925,-0.11681435366552785,4.759049425985612,0.4666433822326962,-0.24983410405158324,-0.029943500585368033,-8.743474836585012,-0.2353299665152967,-0.23838495141256644,6.36680067089765,112.64902035892,119.015821029818
1998,0.999006509780884,0.039497847739585645,-33.11849622598303,0.0958948873424733,-83.43599891602925,0.6425032266114556,-144.06212900618402,-0.047653228435350956,32.29782866577475,0.30932941983130574,5.009920658155145,-0.23216547870778104,-11.247257221162743,0.758566170652049,173.225424108888,-0.25624037570154945,-137.74552761968258,0.8987436023130051,-6.316601386501446,-0.11741409862178392,5.1408505060372125,0.42674351845308967,-0.13092984788206774,-0.03039015040729363,-11.062932336418289,-0.20177532830048742,-0.18432488474445385,6.23843265637333,112.885534763336,119.12396741971
1999,0.999500393867493,0.03968638323953311,-34.54924451258151,0.09608059358197533,-86.83428532663342,0.6467229314118774,-140.06608621241517,-0.04946212976750141,31.818529692845974,0.3542100976899303,0.4088098718058907,-0.20954334747731365,-11.351278265452363,0.775162402048962,171.737559628133,-0.25641646459366574,-133.71766367010767,0.9031393960055432,-6.348422542307503,-0.11928163651476156,0.5292497218706704,0.4734917342046918,-0.12043985006477975,-0.030124397747124786,-11.225152587525221,-0.17941894973018888,-0.12612567792714202,6.28537985640287,112.893033519387,119.17841337579
2000,1.0,0.0394667146246419,-35.51160674485324,0.09620003001291624,-81.21774881860388,0.6412672881291896,-136.77148406010872,-0.04878912196150794,29.89534770909469,0.4110974986937802,10.451600852279222,-0.15965313385481172,-1.4069231873960693,0.786706080544719,166.038498537676,-0.25650650965489613,-130.48721656517543,0.8977737977840858,-6.284267494933289,-0.11798977878595902,10.607988696089112,0.5290872774797393,-0.15638784380989001,-0.02895051873568358,-1.292703137436205,-0.13070261511912815,-0.11422004995986423,6.23868683555338,112.870310127735,119.108996963289
